timestamp,TP9,AF7,AF8,TP10
1631021159174,0.1824316531419754,0.4499540627002716,-0.5007303357124329,0.2330196350812912
1631021159302,0.1824316531419754,0.4499540627002716,-0.5007303357124329,0.2330196350812912
1631021159365,0.1824316531419754,0.4499540627002716,-0.5007303357124329,0.2330196350812912
1631021159427,0.1824316531419754,0.444069355726242,-0.5204228758811951,0.1539298295974731
1631021159536,0.1475131958723068,0.4716669619083404,-0.5246573090553284,0.1451086103916168
1631021159646,0.1306508481502533,0.517370343208313,-0.5150143504142761,0.1665368229150772
1631021159786,0.1264095306396484,0.5734742879867554,-0.4978589713573456,0.1914279460906982
1631021159880,0.1362171322107315,0.6054067015647888,-0.4805501401424408,0.2223485857248306
1631021159989,0.1697894036769867,0.6097618341445923,-0.4645100831985473,0.2651353180408478
1631021160052,0.1697894036769867,0.5922455191612244,-0.4409597814083099,0.2651353180408478
1631021160177,0.1697894036769867,0.5302373170852661,-0.4409597814083099,0.2651353180408478
1631021160255,0.1697894036769867,0.4046716392040252,-0.4409597814083099,0.2651353180408478
1631021160380,0.1697894036769867,0.2203891426324844,-0.4409597814083099,0.2651353180408478
1631021160489,0.1697894036769867,0.0305260121822357,-0.4409597814083099,0.2651353180408478
1631021160567,0.0457138940691947,0.0567942634224891,-0.0253260526806116,0.1091476306319236
1631021160677,0.0479823537170887,0.0673492476344108,-0.0211772043257951,0.1115787401795387
1631021160755,0.059453684836626,0.0640183612704277,-0.0489392466843128,0.1117140352725982
1631021160880,0.1028816923499107,0.0573577620089054,-0.0894807502627372,0.1475757360458374
1631021161052,0.1612699478864669,0.051662839949131,-0.1221605166792869,0.2165412008762359
1631021161114,0.2046387642621994,0.0425089225172996,-0.1396210193634033,0.2858871221542358
1631021161192,0.2209357470273971,0.0276229903101921,-0.1478748023509979,0.3315169215202331
1631021161317,0.2159155756235122,0.0103558395057916,-0.1577815413475036,0.3481375575065613
1631021161364,0.2075077295303344,-0.0354739688336849,-0.1577815413475036,0.3444524109363556
1631021161473,0.2075077295303344,-0.011672924272716,-0.1577815413475036,0.350804328918457
1631021161598,0.2075077295303344,0.1086140945553779,-0.1577815413475036,0.350804328918457
1631021161723,0.2075077295303344,0.3397814929485321,-0.1577815413475036,0.350804328918457
1631021161833,0.2194844931364059,0.5751881003379822,-0.1541005223989486,0.3711439669132232
1631021161942,0.2367695271968841,0.7464923858642578,-0.1625013947486877,0.3910817801952362
1631021162005,0.2533281743526459,0.8453962802886963,-0.1964911073446273,0.4079954624176025
1631021162083,0.270281583070755,0.8686619400978088,-0.2567473649978637,0.4262297749519348
1631021162226,0.293718159198761,0.894963800907135,-0.3176929056644439,0.4527946412563324
1631021162320,0.3177185356616974,0.9251125454902648,-0.3394131064414978,0.4852601587772369
1631021162414,0.3213585913181305,0.9587322473526,-0.3114703595638275,0.5079593062400818
1631021162539,0.2874084115028381,0.9591739177703856,-0.3114703595638275,0.5047683715820312
1631021162586,0.2702119350433349,0.96075439453125,-0.3114703595638275,0.4019363224506378
1631021162664,0.2886432111263275,0.9634029269218444,-0.3114703595638275,0.2653124630451202
1631021162836,0.3143242001533508,0.9660822153091432,-0.3114703595638275,0.1178516075015068
1631021162945,0.317495197057724,0.9677206873893738,-0.5061073303222656,-0.0222430452704429
1631021163086,0.2827944159507751,0.9654009342193604,-0.4495004713535309,-0.3528382182121277
1631021163132,0.2691170871257782,0.9465335607528688,-0.4141539633274078,-0.408000111579895
1631021163190,0.2591750919818878,0.8824503421783447,-0.4036977887153625,-0.4357844889163971
1631021163291,0.2403746247291565,0.7378389835357666,-0.4130107760429382,-0.4386524260044098
1631021163447,0.2188180536031723,0.4665031135082245,-0.4333035349845886,-0.4182333946228027
1631021163525,0.2127778232097625,-0.0551712922751903,-0.4505516588687897,-0.3575559556484222
1631021163634,0.2127778232097625,-0.0582162886857986,-0.4505516588687897,-0.3575559556484222
1631021163712,0.2127778232097625,-0.0582162886857986,-0.4505516588687897,-0.3575559556484222
1631021163811,0.2127778232097625,-0.0582162886857986,-0.4505516588687897,-0.3575559556484222
1631021163904,0.2127778232097625,-0.0582162886857986,-0.4505516588687897,-0.3575559556484222
1631021164092,0.2127778232097625,-0.0668807923793792,-0.4505516588687897,-0.3575559556484222
1631021164183,0.1857413053512573,-0.083860695362091,-0.4340347051620483,-0.404213935136795
1631021164245,0.1486723721027374,-0.1062575131654739,-0.416744202375412,-0.4433649778366089
1631021164332,0.1252152025699615,-0.1265048086643219,-0.4077982902526855,-0.4527866244316101
1631021164417,0.1256462931632995,-0.1433673650026321,-0.4171070754528045,-0.4215363562107086
1631021164735,0.1116266623139381,-0.2029396295547485,-0.5115975141525269,-0.2914201617240906
1631021164766,0.1116266623139381,-0.2459620833396911,-0.5115975141525269,-0.2914201617240906
1631021164872,0.1116266623139381,-0.3227112591266632,-0.5115975141525269,-0.2914201617240906
1631021164943,0.1116266623139381,-0.3328194618225097,-0.5115975141525269,-0.2914201617240906
1631021165028,0.1116266623139381,-0.2578169703483581,-0.5115975141525269,-0.2914201617240906
1631021165180,0.1093787476420402,-0.2140253335237503,-0.2700337469577789,0.1089526861906051
1631021165273,0.144214317202568,-0.1440347284078598,-0.265641301870346,0.0946512594819068
1631021165407,0.160740241408348,-0.1210090294480323,-0.2649588882923126,0.1037976965308189
1631021165465,0.1697756499052047,-0.1312734633684158,-0.271319180727005,0.1296591609716415
1631021165573,0.1734396070241928,-0.1585366427898407,-0.2786928415298462,0.1526219546794891
1631021165634,0.1727752238512039,-0.1852302253246307,-0.2730817198753357,0.1580438017845153
1631021165744,0.1718603372573852,-0.1906579583883285,-0.249637633562088,0.146384134888649
1631021165897,0.1735644042491912,-0.1546517014503479,-0.2194716930389404,0.1292451173067093
1631021165989,0.1759234219789505,-0.0896458998322486,-0.1975350528955459,0.1191392019391059
1631021166067,0.1756507009267807,-0.0304031185805797,-0.1900855600833892,0.1190646439790725
1631021166189,0.1724492013454437,0.0005013112095184,-0.1947599202394485,0.1232110857963562
1631021166265,0.169254645705223,0.0019220563117414,-0.2038285434246063,0.1234987676143646
1631021166347,0.1811572313308715,0.0055066659115254,-0.2012927681207656,0.1125375926494598
1631021166524,0.1913861334323883,-0.0006154829170554,-0.1992843449115753,0.1000672057271003
1631021166584,0.1945096254348755,-0.0162836629897356,-0.1987552344799041,0.0885249376296997
1631021166646,0.1881012171506881,-0.0408165045082569,-0.2026028335094452,0.0757983922958374
1631021166748,0.1756933480501175,-0.0679688155651092,-0.212621733546257,0.0585861541330814
1631021166849,0.1612736880779266,-0.0873126834630966,-0.2246028184890747,0.0305778626352548
1631021166943,0.1459956467151641,-0.0942127481102943,-0.2327708005905151,-0.0113220158964395
1631021167083,0.132202997803688,-0.091516338288784,-0.2381119281053543,-0.0610426180064678
1631021167161,0.1217149272561073,-0.0868711471557617,-0.2493275552988052,-0.1030307561159133
1631021167289,0.1144927442073822,-0.0917210429906845,-0.2735093533992767,-0.1260491758584976
1631021167351,0.1114851385354995,-0.1234152987599372,-0.3065386116504669,-0.1346112042665481
1631021167489,0.1194628998637199,-0.1906368881464004,-0.3345256745815277,-0.1416909992694854
1631021167549,0.144189104437828,-0.2795246541500091,-0.3438635170459747,-0.1564186364412307
1631021167734,0.1782334297895431,-0.3525915443897247,-0.3333819508552551,-0.179270938038826
1631021167810,0.2070410251617431,-0.3784833550453186,-0.314676821231842,-0.198889672756195
1631021167901,0.2215685099363327,-0.3659409284591675,-0.2998514771461487,-0.1965553313493728
1631021168011,0.2238378524780273,-0.3436872661113739,-0.2928163707256317,-0.1640466004610061
1631021168104,0.2202799469232559,-0.3243577778339386,-0.2873164415359497,-0.1010455340147018
1631021168198,0.2164483219385147,-0.3116276860237121,-0.2780414819717407,-0.0234461333602666
1631021168285,0.2149654924869537,-0.3062698245048523,-0.2666046917438507,0.0496673211455345
1631021168431,0.2169963717460632,-0.3096292614936828,-0.2597038447856903,0.1057469919323921
1631021168510,0.2219851613044738,-0.3196979761123657,-0.2583422064781189,0.1443352252244949
1631021168592,0.2305859178304672,-0.3280679583549499,-0.2588180601596832,0.1697976738214492
1631021168686,0.2438967674970626,-0.3275187015533447,-0.2564159631729126,0.1876901537179947
1631021168826,0.2576551139354706,-0.3198147714138031,-0.2495349496603012,0.2001497894525528
1631021168942,0.2644230723381042,-0.3137338161468506,-0.2397772222757339,0.208918958902359
1631021169009,0.2562560737133026,-0.2987241148948669,-0.2292686700820922,0.2239609807729721
1631021169143,0.2353411018848419,-0.3028523921966553,-0.2193554043769836,0.2769277691841125
1631021169217,0.2257177829742431,-0.3148848116397857,-0.2018100321292877,0.2920136451721191
1631021169320,0.2530847191810608,-0.3285939991474151,-0.1669563502073288,0.3096614778041839
1631021169401,0.3094099462032318,-0.3387937843799591,-0.1190632432699203,0.3260109424591064
1631021169526,0.3632406890392303,-0.3457919955253601,-0.0730653926730156,0.3361541330814361
1631021169704,0.3964064717292785,-0.3506300747394562,-0.0407785922288894,0.3339211940765381
1631021169777,0.4106560051441192,-0.3522285223007202,-0.0238408036530017,0.3183347582817077
1631021169869,0.4158037304878235,-0.3472275733947754,-0.0176772736012935,0.2939975261688232
1631021169957,0.4163405001163482,-0.3293713927268982,-0.0172625761479139,0.2720002233982086
1631021170040,0.4328323602676391,-0.2942582666873932,0.0021098162978887,0.2625092566013336
1631021170134,0.4484156668186188,-0.2553410232067108,0.0234494097530841,0.2725909948348999
1631021170212,0.4614803791046142,-0.2553410232067108,0.0449445247650146,0.3038829267024994
1631021170339,0.4738200902938843,-0.2553410232067108,0.0659600794315338,0.3038829267024994
1631021170433,0.4900816679000854,-0.2553410232067108,0.0859822630882263,0.3038829267024994
1631021170519,0.5151999592781067,-0.2553410232067108,0.105006530880928,0.3038829267024994
1631021170644,0.5456526279449463,-0.2553410232067108,0.1233554482460022,0.3038829267024994
1631021170738,0.5634523630142212,-0.2553410232067108,0.1344452947378158,0.3038829267024994
1631021170847,0.546193540096283,-0.2553410232067108,0.1252246052026748,0.3038829267024994
1631021170972,0.4791118204593658,-0.2553410232067108,0.0841945558786392,0.3038829267024994
1631021171034,0.3654649257659912,-0.2553410232067108,0.0081803770735859,0.3038829267024994
1631021171140,0.3654649257659912,-0.2553410232067108,0.0081803770735859,0.3038829267024994
1631021171230,0.3654649257659912,-0.2553410232067108,0.0081803770735859,0.3038829267024994
1631021171433,0.3654649257659912,-0.2553410232067108,0.0081803770735859,0.3038829267024994
1631021171518,0.3654649257659912,-0.2553410232067108,0.0081803770735859,0.3038829267024994
1631021171565,0.3654649257659912,-0.2553410232067108,-0.2036839574575424,0.3038829267024994
1631021171634,0.4871448874473572,0.4058444797992706,-0.2411036193370819,0.5810267925262451
1631021171729,0.505862832069397,0.4512974917888641,-0.256833553314209,0.6007451415061951
1631021171823,0.4955953359603882,0.4529091417789459,-0.266703337430954,0.6007451415061951
1631021171998,0.470662772655487,0.4283167421817779,-0.2795980274677276,0.5774903893470764
1631021172101,0.4402222335338592,0.3932667672634125,-0.2973095178604126,0.5473974943161011
1631021172149,0.408200204372406,0.3553852140903473,-0.3169867694377899,0.5149657130241394
1631021172282,0.3786977231502533,0.3194928765296936,-0.3356810510158539,0.4815912544727325
1631021172345,0.3564594686031341,0.2873097360134125,-0.3524297177791595,0.4513844847679138
1631021172469,0.3418562412261963,0.2585709989070892,-0.3677763342857361,0.4281037747859955
1631021172613,0.3310167193412781,0.2334577888250351,-0.3819576799869537,0.4142864346504211
1631021172676,0.3198005259037018,0.2130461931228637,-0.3913208246231079,0.4107496738433838
1631021172770,0.3074838519096374,0.1978756785392761,-0.4411638677120209,0.4155019521713257
1631021172863,0.303279161453247,0.1973732858896255,-0.4586068093776703,0.4300242662429809
1631021172990,0.2862741351127624,0.1765479147434234,-0.4517465233802795,0.4227142333984375
1631021173042,0.2564558684825897,0.1201818063855171,-0.4438444375991821,0.3869917094707489
1631021173200,0.2194180786609649,0.0277994368225336,-0.4471313655376434,0.3279364705085754
1631021173281,0.1818604320287704,-0.0814884975552558,-0.4550557136535644,0.2588421404361725
1631021173360,0.1558772325515747,-0.1647123843431472,-0.4521105289459228,0.2588421404361725
1631021173471,0.1446257680654525,-0.2156088650226593,-0.4575374722480774,0.2414621263742447
1631021173583,0.1456640660762787,-0.2386806160211563,-0.4563568234443664,0.2359275668859481
1631021173676,0.1569696068763733,-0.2409911602735519,-0.4492987096309662,0.2410558015108108
1631021173812,0.1734969913959503,-0.2338005453348159,-0.4386768341064453,0.2569146454334259
1631021173875,0.1866495460271835,-0.223764955997467,-0.4255094230175018,0.2780852615833282
1631021174025,0.1924831122159958,-0.2119302749633789,-0.4089024662971496,0.2974767982959747
1631021174117,0.195049911737442,-0.2010233998298645,-0.3879656791687011,0.3070934116840362
1631021174193,0.2036879062652588,-0.1992570906877517,-0.3691192269325256,0.2964694499969482
1631021174281,0.2241715788841247,-0.2180022299289703,-0.3637652099132538,0.2505757808685303
1631021174389,0.2503819465637207,-0.2604743838310241,-0.3780340254306793,0.1542636603116989
1631021174548,0.2503819465637207,-0.3060141205787658,-0.4000547528266907,0.1542636603116989
1631021174608,0.2503819465637207,-0.3060141205787658,-0.4000547528266907,0.1542636603116989
1631021174749,0.2503819465637207,-0.3060141205787658,-0.4000547528266907,0.1542636603116989
1631021174783,0.2503819465637207,-0.3060141205787658,-0.4000547528266907,0.1542636603116989
1631021174886,0.2503819465637207,-0.3060141205787658,-0.4000547528266907,0.1542636603116989
1631021175011,0.2503819465637207,-0.3060141205787658,-0.4000547528266907,0.1542636603116989
1631021175121,0.2503819465637207,-0.3060141205787658,-0.4000547528266907,0.1542636603116989
1631021175203,0.2503819465637207,-0.3060141205787658,-0.4000547528266907,0.1542636603116989
1631021175319,0.2503819465637207,-0.3060141205787658,-0.4000547528266907,0.1542636603116989
1631021175397,0.2503819465637207,-0.3060141205787658,-0.4000547528266907,0.1542636603116989
1631021175491,0.2503819465637207,-0.3060141205787658,-0.4000547528266907,0.1542636603116989
1631021175616,0.2503819465637207,-0.3060141205787658,-0.4000547528266907,0.1542636603116989
1631021175710,0.2503819465637207,-0.3060141205787658,-0.4000547528266907,0.1542636603116989
1631021175835,0.2503819465637207,-0.3060141205787658,-0.4000547528266907,0.1542636603116989
1631021175897,0.2503819465637207,-0.3060141205787658,-0.4000547528266907,0.1542636603116989
1631021175975,0.2503819465637207,-0.3060141205787658,-0.4000547528266907,0.1542636603116989
1631021176085,0.2503819465637207,-0.3060141205787658,-0.4000547528266907,0.1542636603116989
1631021176241,0.2503819465637207,-0.3060141205787658,-0.4000547528266907,0.1542636603116989
1631021176308,0.2503819465637207,-0.3060141205787658,-0.4000547528266907,0.1542636603116989
1631021176436,0.2503819465637207,-0.3060141205787658,-0.4000547528266907,0.1542636603116989
1631021176499,0.2503819465637207,-0.3060141205787658,-0.4000547528266907,0.1542636603116989
1631021176593,0.2503819465637207,-0.3060141205787658,-0.4000547528266907,0.1542636603116989
1631021176686,0.2503819465637207,-0.3060141205787658,-0.4000547528266907,0.1542636603116989
1631021176843,0.2503819465637207,-0.3060141205787658,-0.4000547528266907,0.1542636603116989
1631021176936,0.2503819465637207,-0.3060141205787658,-0.4000547528266907,0.1542636603116989
1631021177030,0.2503819465637207,-0.3060141205787658,-0.4000547528266907,0.1542636603116989
1631021177124,0.2503819465637207,-0.3060141205787658,-0.4000547528266907,0.1542636603116989
1631021177217,0.2503819465637207,-0.3060141205787658,-0.4000547528266907,0.1542636603116989
1631021177299,0.2503819465637207,-0.3060141205787658,-0.4000547528266907,0.1542636603116989
1631021177455,0.2503819465637207,-0.3060141205787658,-0.4000547528266907,0.1542636603116989
1631021177533,0.2503819465637207,-0.3060141205787658,-0.4000547528266907,0.1542636603116989
1631021177627,0.1319942623376846,-0.3060141205787658,-0.2143996506929397,0.1542636603116989
1631021177721,0.1161223948001861,-0.6034307479858398,-0.1840627789497375,0.1542636603116989
1631021177830,0.1043754369020462,-0.607907772064209,-0.1477790176868438,0.229410707950592
1631021177924,0.0932843834161758,-0.5954096913337708,-0.1240261271595954,0.2093760669231414
1631021178077,0.0915126949548721,-0.5762553215026855,-0.1148470044136047,0.2016039043664932
1631021178179,0.1114396005868911,-0.5429387092590332,-0.1122152283787727,0.2231545448303222
1631021178257,0.1460831761360168,-0.4944497942924499,-0.1117660105228424,0.2632046043872833
1631021178320,0.1743200272321701,-0.4497489929199219,-0.1163170039653778,0.2931118011474609
1631021178460,0.188510924577713,-0.4277922511100769,-0.1270515173673629,0.2995769083499908
1631021178570,0.1989359259605407,-0.4307473003864288,-0.1413972228765487,0.2910444736480713
1631021178710,0.2156453132629394,-0.4465915262699127,-0.1574334949254989,0.2812712788581848
1631021178757,0.2357708066701889,-0.4603298604488373,-0.1758112460374832,0.2777724266052246
1631021178882,0.2476161420345306,-0.4660289585590362,-0.1945924609899521,0.277864933013916
1631021178960,0.2595352828502655,-0.474370002746582,-0.2172822654247284,0.2760787010192871
1631021179038,0.2638668715953827,-0.4691519737243652,-0.2393875122070312,0.2722760438919067
1631021179194,0.2622242867946625,-0.4643539488315582,-0.2633857429027557,0.2593254148960113
1631021179291,0.2581291496753692,-0.4647301733493805,-0.2978134751319885,0.2442525774240493
1631021179401,0.2551247179508209,-0.4677991867065429,-0.3468326926231384,0.2316513061523437
1631021179448,0.2578663229942322,-0.4702935218811035,-0.402970939874649,0.2248383462429046
1631021179573,0.2643458545207977,-0.4719175696372986,-0.4581463932991028,0.2214219272136688
1631021179713,0.2638570368289947,-0.4803041815757751,-0.5136343240737915,0.2129431962966919
1631021179799,0.2478659451007843,-0.5037869811058044,-0.5741438865661621,0.1928225457668304
1631021179883,0.2217212170362472,-0.5386409759521484,-0.6316672563552856,0.1650633662939071
1631021179992,0.1971047967672348,-0.5685244798660278,-0.6746181845664978,0.1389492601156234
1631021180086,0.1768220663070678,-0.5806689858436584,-0.7012338638305664,0.1158991828560829
1631021180211,0.152972787618637,-0.5813805460929871,-0.7160101532936096,0.0897105634212493
1631021180277,0.1202325075864791,-0.5863761305809021,-0.7206748127937317,0.0554090999066829
1631021180402,0.0832180902361869,-0.6021337509155273,-0.717410147190094,0.0190517716109752
1631021180511,0.051299937069416,-0.6243225336074829,-0.7163893580436707,-0.0067521617747843
1631021180573,0.0320032946765422,-0.6443207263946533,-0.726565957069397,-0.0150538766756653
1631021180683,0.0247576758265495,-0.6557299494743347,-0.7485255599021912,-0.0111825577914714
1631021180761,0.0227228160947561,-0.6553298234939575,-0.7710281014442444,-0.0065789837390184
1631021180901,0.0198449492454528,-0.6431154608726501,-0.7807982563972473,-0.0044743162579834
1631021180980,0.0096463980153203,-0.6290890574455261,-0.7731954455375671,-0.0059894351288676
1631021181089,-0.0099633187055587,-0.6267040967941284,-0.7505974769592285,-0.0192842576652765
1631021181274,-0.0314081944525241,-0.6380255818367004,-0.7167233228683472,-0.0519716888666152
1631021181326,-0.0386969372630119,-0.6547365784645081,-0.6783990859985352,-0.0989107638597488
1631021181404,-0.0272516813129186,-0.6669201850891113,-0.6490659117698669,-0.1417876183986663
1631021181560,-0.0125363171100616,-0.6715181469917297,-0.6392481923103333,-0.1652117073535919
1631021181591,-0.0127079179510474,-0.6710626482963562,-0.6485918760299683,-0.1709141582250595
1631021181716,-0.0303066279739141,-0.6651513576507568,-0.6610671877861023,-0.1656946241855621
1631021181810,-0.0531528033316135,-0.6558367013931274,-0.6493957042694092,-0.1543973535299301
1631021181966,-0.0662586763501167,-0.6484795808792114,-0.5963844656944275,-0.1464302390813827
1631021182013,-0.0689727067947387,-0.643818736076355,-0.5169800519943237,-0.1551576107740402
1631021182091,-0.0719680041074752,-0.6327707767486572,-0.4420722424983978,-0.1859992146492004
1631021182216,-0.0821995958685875,-0.6134064793586731,-0.3871285021305084,-0.2305862009525299
1631021182345,-0.0984605997800827,-0.5942158699035645,-0.3514131903648376,-0.2737518548965454
1631021182407,-0.1178768053650856,-0.5861586928367615,-0.3279623687267303,-0.3111069798469543
1631021182485,-0.1404162943363189,-0.587907612323761,-0.3136326670646667,-0.3452677726745605
1631021182610,-0.1645909398794174,-0.5897710919380188,-0.3085246682167053,-0.3668697476387024
1631021182688,-0.1817930936813354,-0.5883183479309082,-0.3127236664295196,-0.3488852679729461
1631021182766,-0.1707564145326614,-0.583137035369873,-0.3212988376617431,-0.2887916266918182
1631021182907,-0.1168360561132431,-0.5722120404243469,-0.3276789784431457,-0.2158592194318771
1631021183047,-0.0321522802114486,-0.555228054523468,-0.3275210261344909,-0.1545358598232269
1631021183110,0.0545918196439743,-0.5378615260124207,-0.3212448358535766,-0.0997961610555648
1631021183235,0.1248058751225471,-0.5270244479179382,-0.3136716187000274,-0.0381946638226509
1631021183314,0.1756293773651123,-0.5188524723052979,-0.3119677603244781,0.0305628906935453
1631021183424,0.2147537320852279,-0.5042662620544434,-0.3233451843261719,0.0944582298398017
1631021183533,0.2529305517673492,-0.4827949106693268,-0.3490442037582397,0.1460237652063369
1631021183643,0.2956715524196625,-0.4669272899627685,-0.3774182796478271,0.1848071068525314
1631021183736,0.3409264981746673,-0.4626554250717163,-0.3917918503284454,0.2126772105693817
1631021183830,0.3850379288196563,-0.4649938642978668,-0.3878933489322662,0.2318837195634842
1631021183940,0.4253486394882202,-0.4615322947502136,-0.3780585527420044,0.2469286918640136
1631021184017,0.459973007440567,-0.4479222297668457,-0.3733285069465637,0.2622773349285126
1631021184158,0.4862427115440368,-0.4311206042766571,-0.3760722577571869,0.2782692313194275
1631021184285,0.5014707446098328,-0.4187929034233093,-0.3831106126308441,0.2890051007270813
1631021184332,0.5036329030990601,-0.4160096943378448,-0.3881647884845733,0.2917830348014831
1631021184441,0.4921562075614929,-0.424999862909317,-0.3803463876247406,0.2906899750232696
1631021184566,0.4690709412097931,-0.4441756904125213,-0.3543524146080017,0.2929853200912475
1631021184644,0.4400068521499634,-0.4654855132102966,-0.3201591074466705,0.2948493361473083
1631021184785,0.4114282727241516,-0.4781287312507629,-0.2953281700611114,0.2848912179470062
1631021184832,0.3857212662696838,-0.4784360826015472,-0.2902665734291076,0.2586694955825805
1631021184988,0.3589946627616882,-0.4726697504520416,-0.3015565872192383,0.224721074104309
1631021185129,0.3250392377376556,-0.4683845937252044,-0.3171391487121582,0.1967614144086837
1631021185191,0.2802111804485321,-0.4660640060901642,-0.3235771358013153,0.1828376799821853
1631021185283,0.2267488241195678,-0.4637604355812073,-0.3125769793987274,0.1826093643903732
1631021185382,0.1712133586406707,-0.4615240693092346,-0.2887886762619018,0.1893102377653122
1631021185460,0.1197605580091476,-0.461391806602478,-0.262359619140625,0.1947988718748092
1631021185569,0.0748150274157524,-0.4617389440536499,-0.240143597126007,0.1953037679195404
1631021185663,0.0355756320059299,-0.4589926302433014,-0.2232028394937515,0.1938082128763198
1631021185819,0.0008849648293107,-0.4519978761672973,-0.2104237079620361,0.1934201270341873
1631021185881,-0.0318657495081424,-0.4389519989490509,-0.2041183114051818,0.1919601857662201
1631021186006,-0.0626790001988411,-0.4157999753952026,-0.2077194601297378,0.1891035735607147
1631021186069,-0.0832035839557647,-0.381353884935379,-0.2197735458612442,0.1891828775405883
1631021186178,-0.0840031877160072,-0.3444503247737884,-0.232137382030487,0.1994813233613968
1631021186274,-0.0676385015249252,-0.3161714673042297,-0.2356695383787155,0.2180387079715728
1631021186337,-0.0442297793924808,-0.3033738434314728,-0.2287659049034118,0.2353221625089645
1631021186446,-0.0223211012780666,-0.3051584661006927,-0.2199920564889907,0.2432220429182052
1631021186586,-0.0030706885736435,-0.3176022469997406,-0.2175759822130203,0.2437963783740997
1631021186696,0.0155121395364403,-0.3348102271556854,-0.2268208563327789,0.2469349503517151
1631021186790,0.0307865962386131,-0.3530142903327942,-0.2536571621894836,0.257091224193573
1631021186852,0.0337937884032726,-0.3703705072402954,-0.2992564737796783,0.2703660130500793
1631021186977,0.0187282375991344,-0.3900167644023895,-0.3535929918289184,0.2799356579780578
1631021187071,-0.0101287644356489,-0.4150222837924957,-0.3970910012722015,0.2822684645652771
1631021187196,-0.0373004712164402,-0.4424305856227875,-0.4178431332111358,0.2765974104404449
1631021187276,-0.050172533839941,-0.4645401537418365,-0.4235297739505768,0.2639950811862945
1631021187370,-0.050784058868885,-0.4790370166301727,-0.4282162189483642,0.2471801340579986
1631021187511,-0.05033390969038,-0.4966223537921905,-0.4419261813163757,0.2269602119922638
1631021187589,-0.0600755102932453,-0.53132563829422,-0.4677298069000244,0.1988445371389389
1631021187682,-0.0803548768162727,-0.5855348110198975,-0.50355064868927,0.1587369740009308
1631021187839,-0.1005662158131599,-0.6499266028404236,-0.5394744277000427,0.1121409609913826
1631021187917,-0.1080649271607399,-0.7034816145896912,-0.5603380799293518,0.0685910508036613
1631021188010,-0.1009707674384117,-0.7258536219596863,-0.5570238828659058,0.0349091105163097
1631021188120,-0.08774134516716,-0.7066333889961243,-0.5382196307182312,0.004981692880392
1631021188213,-0.0781517401337623,-0.659011721611023,-0.5198011994361877,-0.037077959626913
1631021188278,-0.0756652802228927,-0.6074939370155334,-0.5104382038116455,-0.099274069070816
1631021188435,-0.0788453593850135,-0.5724063515663147,-0.5063217878341675,-0.173805296421051
1631021188513,-0.0847412496805191,-0.5559389591217041,-0.5046326518058777,-0.2420126646757125
1631021188606,-0.0924932360649108,-0.5502301454544067,-0.5071479678153992,-0.2943406403064728
1631021188731,-0.105181336402893,-0.5469428300857544,-0.5160495638847351,-0.3368169665336609
1631021188810,-0.1213588640093803,-0.541576087474823,-0.5230672359466553,-0.3655110597610473
1631021188872,-0.1354591995477676,-0.5337722301483154,-0.5157159566879272,-0.3683103919029236
1631021189013,-0.1439670473337173,-0.5210956931114197,-0.4925820529460907,-0.3533793091773987
1631021189106,-0.1483976393938064,-0.5021941661834717,-0.4673629403114319,-0.3376380801200866
1631021189216,-0.1561129838228225,-0.4766400754451751,-0.4540750980377197,-0.331666499376297
1631021189297,-0.1733240932226181,-0.4459069967269897,-0.4586435556411743,-0.3335689902305603
1631021189375,-0.2012859880924224,-0.4148571193218231,-0.4787349998950958,-0.3326695263385772
1631021189469,-0.2360252439975738,-0.3895848989486694,-0.5049482583999634,-0.3245217502117157
1631021189672,-0.2745029032230377,-0.3718460202217102,-0.5225062370300293,-0.3115768134593963
1631021189719,-0.3194667994976043,-0.3632331192493438,-0.5195309519767761,-0.3021040260791778
1631021189829,-0.3622775375843048,-0.3613180220127105,-0.4979185163974762,-0.3026583790779114
1631021189891,-0.3802681565284729,-0.3622432947158813,-0.4736455678939819,-0.313735157251358
1631021189985,-0.3472487032413482,-0.3612246513366699,-0.4604668021202087,-0.323712557554245
1631021190078,-0.2736615538597107,-0.3570455014705658,-0.4635911583900451,-0.3122588098049164
1631021190234,-0.194083571434021,-0.353488028049469,-0.477797120809555,-0.2586648464202881
1631021190347,-0.131878063082695,-0.3558665215969085,-0.4935451149940491,-0.171189472079277
1631021190441,-0.0922902897000312,-0.3661786019802093,-0.5030250549316406,-0.0779816508293151
1631021190535,-0.0691097006201744,-0.3814872503280639,-0.5031700730323792,0.0006576479645445
1631021190644,-0.0573733374476432,-0.3973887264728546,-0.4946410059928894,0.057389598339796
1631021190722,-0.0547057092189788,-0.4129224121570587,-0.4812008440494537,0.0917020440101623
1631021190863,-0.0604932755231857,-0.4303443133831024,-0.4671896994113922,0.1074710339307785
1631021190941,-0.0703695267438888,-0.4502033591270447,-0.4577761888504028,0.1099314615130424
1631021191066,-0.0730009600520134,-0.4701879322528839,-0.4572296440601349,0.1074357852339744
1631021191097,-0.0588225238025188,-0.4878924190998077,-0.4688521027565002,0.1035927906632423
1631021191238,-0.0261482931673526,-0.4943202435970306,-0.4963103532791137,0.1008269935846328
1631021191316,0.0123227359727025,-0.4789157807826996,-0.5380069613456726,0.1018479838967323
1631021191488,0.0435113459825515,-0.4404806792736053,-0.5821856260299683,0.1103951856493949
1631021191550,0.0617803335189819,-0.3963309526443481,-0.6114033460617065,0.1261050403118133
1631021191628,0.0702594220638275,-0.363438606262207,-0.6174749732017517,0.1410950720310211
1631021191769,0.0738645195960998,-0.3469099998474121,-0.6078329086303711,0.1442234516143798
1631021191816,0.0736167132854461,-0.3421429693698883,-0.5979753732681274,0.1293625086545944
1631021191956,0.0710454061627388,-0.3413055539131164,-0.6026391386985779,0.097802460193634
1631021192050,0.0686430856585502,-0.3402588665485382,-0.6295295357704163,0.0552333444356918
1631021192144,0.0702035948634147,-0.3383354246616363,-0.6774218678474426,0.0105384234338998
1631021192287,0.0752976536750793,-0.3376926779747009,-0.7301155924797058,-0.0239679012447595
1631021192349,0.0834991335868835,-0.3392685949802398,-0.7612396478652954,-0.0399015918374061
1631021192443,0.0953667685389518,-0.3415375351905823,-0.7538847923278809,-0.0354414656758308
1631021192537,0.1081640645861625,-0.3403637111186981,-0.7229763269424438,-0.0161131080240011
1631021192662,0.1134132221341133,-0.3361580073833465,-0.6944429874420166,0.0126887941733002
1631021192756,0.1043321266770362,-0.334603875875473,-0.6743800044059753,0.0431550443172454
1631021192896,0.0820981711149215,-0.343165636062622,-0.648348331451416,0.0724717900156974
1631021193005,0.0555395036935806,-0.3655197918415069,-0.5985333323478699,0.1014799401164054
1631021193083,0.0307017304003238,-0.3982916474342346,-0.5222436189651489,0.1282532513141632
1631021193177,0.00813855137676,-0.4344251453876495,-0.4346163868904114,0.1470834165811538
1631021193289,-0.0098122414201498,-0.4646284282207489,-0.3564375042915344,0.1554992198944091
1631021193383,-0.0180021207779645,-0.4831803143024444,-0.3023053705692291,0.1568098813295364
1631021193461,-0.0161371603608131,-0.492450088262558,-0.274383008480072,0.1551479548215866
1631021193601,-0.0118522988632321,-0.4977836906909942,-0.2639477550983429,0.1522115617990493
1631021193695,-0.012651102617383,-0.5000293850898743,-0.2581045925617218,0.1493982970714569
1631021193758,-0.0199345126748085,-0.4975579082965851,-0.2520959377288818,0.1477078348398208
1631021193914,-0.0325522795319557,-0.4908465147018432,-0.2489805072546005,0.1473433524370193
1631021194023,-0.0511539354920387,-0.488174170255661,-0.2517096400260925,0.1442145854234695
1631021194132,-0.0716807469725608,-0.4969019293785095,-0.2550471127033233,0.1341883093118667
1631021194179,-0.0842348709702491,-0.5123993754386902,-0.2527174651622772,0.1176739260554313
1631021194277,-0.0819314196705818,-0.5202513337135315,-0.2471661120653152,0.0986642390489578
1631021194371,-0.0710753574967384,-0.5108222365379333,-0.248461827635765,0.0746520012617111
1631021194574,-0.066859632730484,-0.488205075263977,-0.2670567631721496,0.036119058728218
1631021194668,-0.0795342475175857,-0.4636564552783966,-0.3072593510150909,-0.020690931007266
1631021194730,-0.1093381643295288,-0.4435962438583374,-0.3673234283924103,-0.0754675939679145
1631021194777,-0.1448652148246765,-0.4290481507778168,-0.434378981590271,-0.0946161150932312
1631021194871,-0.1559644937515258,-0.4173149466514587,-0.485334575176239,-0.0533143505454063
1631021194980,-0.1179502457380294,-0.4059825837612152,-0.4983246028423309,0.0402265973389148
1631021195105,-0.0468067899346351,-0.3969677090644836,-0.4746934771537781,0.1531483829021453
1631021195246,0.0222714431583881,-0.3927315473556518,-0.4385033249855041,0.255528837442398
1631021195327,0.0702537670731544,-0.389363169670105,-0.4104277789592743,0.3359826803207397
1631021195373,0.0974013209342956,-0.3776838779449463,-0.3950093984603882,0.3945625424385071
1631021195503,0.1111002787947654,-0.3548192083835602,-0.3882017135620117,0.4355622828006744
1631021195597,0.1143021136522293,-0.3315269947052002,-0.3873712718486786,0.4610481858253479
1631021195706,0.1123852133750915,-0.321364015340805,-0.3922633826732635,0.4731629490852356
1631021195815,0.1128759905695915,-0.3284927904605865,-0.3995352387428283,0.4763784110546112
1631021195972,0.1262116432189941,-0.346451073884964,-0.4025285542011261,0.4754613637924194
1631021196003,0.1578215211629867,-0.3645829856395721,-0.3977371752262115,0.4746632277965545
1631021196128,0.2049149125814438,-0.3736221194267273,-0.3863639235496521,0.4785427749156952
1631021196206,0.2586144208908081,-0.3685199618339538,-0.3669002652168274,0.4903061985969543
1631021196400,0.3046162128448486,-0.3515229821205139,-0.3414142727851867,0.5059819221496582
1631021196435,0.3279434740543365,-0.3330836296081543,-0.3158733546733856,0.5126068592071533
1631021196546,0.3214843273162842,-0.3221208155155182,-0.299792468547821,0.4971599876880646
1631021196642,0.2921449840068817,-0.3185753226280212,-0.2992561757564544,0.456294447183609
1631021196726,0.2576847076416015,-0.3165748119354248,-0.3124468326568603,0.3970639705657959
1631021196828,0.2336515635251999,-0.3149924278259277,-0.3307825028896332,0.3298870027065277
1631021196989,0.2230975329875946,-0.3216422200202942,-0.3481550514698028,0.2632071673870086
1631021197053,0.2192201763391494,-0.341451495885849,-0.362993836402893,0.2035407125949859
1631021197116,0.2179322242736816,-0.3686981499195099,-0.3775591552257538,0.1585863530635833
1631021197225,0.2162827104330063,-0.3929284811019897,-0.3908282518386841,0.1330487579107284
1631021197303,0.214448943734169,-0.4094837009906769,-0.3999631404876709,0.1254102289676666
1631021197499,0.2115741819143295,-0.4192224442958832,-0.406414270401001,0.1301516145467758
1631021197577,0.2056730985641479,-0.4232830703258514,-0.4150419235229492,0.138362780213356
1631021197650,0.1916538774967193,-0.4238377511501312,-0.4324175119400024,0.1389202326536178
1631021197739,0.1639811694622039,-0.4276931881904602,-0.4676275551319122,0.1176733002066612
1631021197829,0.1258646994829177,-0.439708799123764,-0.5240350961685181,0.0689970478415489
1631021197973,0.095505267381668,-0.4533776044845581,-0.5947290658950806,0.000952894159127
1631021198089,0.0946630239486694,-0.4568651020526886,-0.6579261422157288,-0.0639583691954612
1631021198177,0.1252253651618957,-0.4442526400089264,-0.6927902698516846,-0.1039571166038513
1631021198295,0.1673668026924133,-0.4225917756557464,-0.7008683085441589,-0.1176613867282867
1631021198384,0.2030607163906097,-0.4001604616641998,-0.6950303316116333,-0.1182697415351867
1631021198444,0.2260103672742843,-0.3809039294719696,-0.6803738474845886,-0.1172522902488708
1631021198582,0.2402347028255462,-0.3651980757713318,-0.6526058912277222,-0.1162338256835937
1631021198649,0.2500561773777008,-0.3512721359729767,-0.6113918423652649,-0.1122269704937934
1631021198778,0.2553425133228302,-0.3385919332504272,-0.5698069930076599,-0.1037723571062088
1631021198871,0.2533285915851593,-0.3307365775108337,-0.5429599285125732,-0.0947718396782875
1631021198950,0.2445841282606125,-0.3341740667819977,-0.5333723425865173,-0.0863753408193588
1631021199121,0.2334808111190796,-0.3505634665489197,-0.5272804498672485,-0.0750455558300018
1631021199168,0.2251980304718017,-0.3695040345191955,-0.5075333118438721,-0.0623607598245143
1631021199309,0.2227428257465362,-0.3658993244171142,-0.4738049507141113,-0.0541150234639644
1631021199364,0.2277239263057708,-0.3148587644100189,-0.4421728551387787,-0.0560811012983322
1631021199467,0.2504230439662933,-0.1906106621026992,-0.410493403673172,-0.0586010180413723
1631021199561,0.2531843483448028,0.0261526759713888,-0.3341854512691498,-0.056675985455513
1631021199670,0.2447689622640609,0.2713348865509033,-0.1969075947999954,-0.0508037805557251
1631021199749,0.2237140834331512,0.4700551629066467,-0.0495659485459327,0.35533207654953
1631021199873,0.1993086636066436,0.5991273522377014,0.061956837773323,0.3837420046329498
1631021199983,0.3657096624374389,0.6651018261909485,0.125807300209999,0.4171867072582245
1631021200139,0.426490843296051,0.6886652112007141,0.1521939784288406,0.4553717970848083
1631021200217,0.4489633738994598,0.6932651400566101,0.1586414724588394,0.5008797645568848
1631021200298,0.455304205417633,0.6937131285667419,0.1588405072689056,0.5433365702629089
1631021200361,0.4560664296150207,0.6938081979751587,0.1582202166318893,0.5827354192733765
1631021200455,0.4523561000823974,0.6945112943649292,0.160654529929161,0.6074177622795105
1631021200595,0.4431416988372803,0.6963617205619812,0.1666470319032669,0.6198678016662598
1631021200704,0.4286697804927826,0.6993241906166077,0.1736387610435485,0.6261218786239624
1631021200814,0.4100405871868133,0.7017670273780823,0.179627388715744,0.6298649311065674
1631021200908,0.3869197964668274,0.7003432512283325,0.1846854984760284,0.5878603458404541
1631021200986,0.3428784310817718,0.6883619427680969,0.1863165646791458,0.5499028563499451
1631021201064,0.3085052371025085,0.6500208973884583,0.171768233180046,0.5146605372428894
1631021201236,0.2796424925327301,0.5632573962211609,0.1259932219982147,0.4813063740730285
1631021201345,0.2576403021812439,0.4109645485877991,0.0467538312077522,0.2152090966701507
1631021201392,0.2417493015527725,0.1946020126342773,-0.0462223887443542,0.1989967972040176
1631021201501,0.0350994579493999,-0.0326924324035644,-0.1172610819339752,0.1918296813964843
1631021201595,-0.1159077510237693,-0.1651544421911239,-0.1477530896663665,0.1872300058603286
1631021201658,-0.1080408692359924,-0.1865858286619186,-0.1513362228870391,0.1402417570352554
1631021201892,-0.109249971807003,-0.168071761727333,-0.1423148661851883,0.1273057609796524
1631021201970,-0.0700619965791702,-0.1364183127880096,-0.1222550645470619,0.0635122284293174
1631021202029,-0.0157092995941638,-0.1035098657011985,-0.1010267361998558,0.0051634875126183
1631021202085,0.0324966199696064,-0.0821565464138984,-0.0905175954103469,-0.0429109260439872
1631021202194,0.0682890191674232,-0.0813840702176094,-0.094874083995819,-0.084973819553852
1631021202319,0.0941416472196579,-0.1014307215809822,-0.1104475930333137,-0.1227247416973114
1631021202444,0.1141679286956787,-0.1310015767812729,-0.1303824931383133,-0.1539476960897445
1631021202522,0.1284807026386261,-0.1561571508646011,-0.1500061303377151,-0.1765101850032806
1631021202632,0.1365990489721298,-0.172357901930809,-0.1679424345493316,-0.1869843155145645
1631021202741,0.1377850174903869,-0.1871628016233444,-0.1871642172336578,-0.1859506219625473
1631021202804,0.1318535953760147,-0.2077859789133072,-0.2130016982555389,-0.1802777796983719
1631021202913,0.1225871369242668,-0.2335409969091415,-0.246455430984497,-0.17924565076828
1631021203022,0.1196148991584777,-0.25608891248703,-0.2788044810295105,-0.1850049495697021
1631021203132,0.1285489648580551,-0.2693402767181396,-0.3019308745861053,-0.1954137086868286
1631021203241,0.1406728476285934,-0.2786107361316681,-0.3208951652050018,-0.2059382945299148
1631021203351,0.1395069807767868,-0.2944826483726501,-0.3505032658576965,-0.2105194479227066
1631021203450,0.1210160925984382,-0.3237653970718384,-0.400474488735199,-0.2035021781921386
1631021203559,0.0934931635856628,-0.3650245070457458,-0.4629733264446258,-0.18256376683712
1631021203653,0.0662925839424133,-0.4065690338611603,-0.5137121081352234,-0.1521804183721542
1631021203778,0.0399359986186027,-0.4348202049732208,-0.5349701642990112,-0.1207965016365051
1631021203872,0.0159440971910953,-0.4432705342769623,-0.5330270528793335,-0.0958998128771781
1631021203934,0.0019432514673098,-0.4342131018638611,-0.5256561040878296,-0.0818917676806449
1631021204044,0.0042746411636471,-0.4104208350181579,-0.5202701687812805,-0.0791743248701095
1631021204122,0.017961436882615,-0.3760896027088165,-0.5166476368904114,-0.085394412279129
1631021204262,0.0344738028943538,-0.3394603729248047,-0.5086804032325745,-0.0925253182649612
1631021204391,0.0489254593849182,-0.3110890984535217,-0.4910719394683838,-0.0912378206849098
1631021204453,0.0583635382354259,-0.2941955924034118,-0.4667941033840179,-0.0720167458057403
1631021204562,0.0612174086272716,-0.2807681262493133,-0.4469361901283264,-0.0351968482136726
1631021204687,0.0633560419082641,-0.2636999487876892,-0.4384538829326629,0.0104985767975449
1631021204734,0.0728310570120811,-0.2440380603075027,-0.4367991387844085,0.0559030883014202
1631021204859,0.0894012078642845,-0.2294909209012985,-0.4310007989406585,0.0940320789813995
1631021204984,0.0999737307429313,-0.2256336361169815,-0.41350257396698,0.1228623762726783
1631021205047,0.0950277596712112,-0.2318325936794281,-0.3858081996440887,0.1418042331933975
1631021205156,0.0762463510036468,-0.244899719953537,-0.3578365445137024,0.1522336602210998
1631021205250,0.0553507432341575,-0.2590443193912506,-0.3377342224121094,0.157358631491661
1631021205376,0.0428331531584262,-0.2683661878108978,-0.3271037936210632,0.1666980534791946
1631021205455,0.0450352653861045,-0.2719216048717499,-0.3235815465450287,0.1873933672904968
1631021205580,0.0635659247636795,-0.2740554213523865,-0.3250001072883606,0.2157713323831558
1631021205658,0.0955935046076774,-0.2815653085708618,-0.3287180662155151,0.2405040264129638
1631021205767,0.1334914863109588,-0.2962193787097931,-0.3299444615840912,0.253303587436676
1631021205845,0.1692866533994674,-0.3109690845012665,-0.3250006437301636,0.2530086040496826
1631021206001,0.1981514394283294,-0.3202427625656128,-0.3164100050926208,0.2423639595508575
1631021206107,0.2156489044427871,-0.3315229713916778,-0.3083362579345703,0.22431580722332
1631021206197,0.2155772894620895,-0.3527868986129761,-0.3028267025947571,0.200564756989479
1631021206292,0.1990245133638382,-0.3800399601459503,-0.2983733415603637,0.1723600178956985
1631021206372,0.1772526651620865,-0.3977868556976318,-0.2921750247478485,0.1432550847530365
1631021206466,0.1655614674091339,-0.3961665332317352,-0.2826727628707886,0.1163219437003135
1631021206544,0.1740974932909011,-0.3831692934036255,-0.273260235786438,0.0951480492949485
1631021206669,0.2005351185798645,-0.3701581358909607,-0.2689042389392853,0.0812064707279205
1631021206779,0.2325833141803741,-0.3626112639904022,-0.2717553973197937,0.0714874491095542
1631021206935,0.257687509059906,-0.3608240187168121,-0.2776548564434051,0.0541125275194644
1631021206966,0.2640629112720489,-0.3646135628223419,-0.2781834006309509,0.0198548324406147
1631021207060,0.2476042956113815,-0.3765153884887695,-0.2717375457286834,-0.0279468838125467
1631021207169,0.2119878828525543,-0.3962113857269287,-0.265416145324707,-0.0653077289462089
1631021207294,0.1670436561107635,-0.4194772243499756,-0.2684978246688843,-0.0676885694265365
1631021207403,0.125155359506607,-0.4435687363147735,-0.2826460897922516,-0.0393711775541305
1631021207497,0.095885269343853,-0.4684997498989105,-0.2990298271179199,-0.008175634779036
1631021207591,0.081345111131668,-0.4886928796768188,-0.303815096616745,0.0114404093474149
1631021207685,0.0814058631658554,-0.4987039864063263,-0.2907802760601043,0.0265117716044187
1631021207778,0.0888246074318885,-0.4988543689250946,-0.2692155838012695,0.0477224551141262
1631021207951,0.0936256945133209,-0.4995264112949371,-0.2554221153259277,0.0703944861888885
1631021207997,0.0902660861611366,-0.5043649077415466,-0.2592537999153137,0.0847555622458458
1631021208169,0.0778094381093978,-0.4998571872711181,-0.2741950452327728,0.0896203592419624
1631021208216,0.0668556988239288,-0.4684976041316986,-0.2807174324989319,0.0949345380067825
1631021208312,0.0714029371738433,-0.4142905175685882,-0.2653838396072387,0.1075768619775772
1631021208390,0.0914939418435096,-0.3614037632942199,-0.2374268323183059,0.1241239234805107
1631021208547,0.1165060177445411,-0.3259826302528381,-0.2159697413444519,0.1357495188713073
1631021208594,0.1357249170541763,-0.3078766465187073,-0.2080495357513427,0.1382159888744354
1631021208719,0.1453972905874252,-0.2988279163837433,-0.208793044090271,0.1320058852434158
1631021208828,0.148194134235382,-0.2916009426116943,-0.2115744948387146,0.122009664773941
1631021208906,0.147717073559761,-0.2843325436115265,-0.2165424078702926,0.1161764860153198
1631021209000,0.1485004127025604,-0.2771298289299011,-0.2272607684135437,0.1227677911520004
1631021209156,0.1532460153102874,-0.2739406526088714,-0.2458681166172027,0.1431364864110946
1631021209250,0.1580082178115844,-0.2793217301368713,-0.268292099237442,0.1679139733314514
1631021209346,0.1588050127029419,-0.2974927723407745,-0.2855961620807647,0.1844645589590072
1631021209409,0.1573655009269714,-0.3260824680328369,-0.2923400402069092,0.1891411393880844
1631021209518,0.1607298552989959,-0.3589972853660583,-0.2913464605808258,0.1862935572862625
1631021209596,0.1708298176527023,-0.3933399021625519,-0.292519748210907,0.1830331832170486
1631021209737,0.1783389747142791,-0.4343655407428741,-0.3051081001758575,0.1799458563327789
1631021209862,0.1776849776506424,-0.4826458394527435,-0.330154538154602,0.1769298017024994
1631021209940,0.1779282242059707,-0.523315966129303,-0.3575712442398071,0.1791564524173736
1631021210018,0.1956948339939117,-0.5421358346939087,-0.3757753074169159,0.1902732700109481
1631021210112,0.2324566394090652,-0.5415237545967102,-0.3818836212158203,0.2053810656070709
1631021210206,0.2735711336135864,-0.5313778519630432,-0.3820388615131378,0.2150485962629318
1631021210317,0.3042167127132416,-0.5116210579872131,-0.3823244571685791,0.2129057645797729
1631021210427,0.3192348778247833,-0.47823366522789,-0.3820157647132873,0.1981185525655746
1631021210536,0.3189601600170135,-0.4413453638553619,-0.3784472644329071,0.1721235960721969
1631021210614,0.3068424761295318,-0.4134971797466278,-0.3702462911605835,0.1378495395183563
1631021210723,0.2896442413330078,-0.3975769281387329,-0.361204981803894,0.0998546779155731
1631021210833,0.2744538486003876,-0.3837223947048187,-0.3578289449214935,0.0651935338973999
1631021210942,0.2633085548877716,-0.3631119728088379,-0.3619079291820526,0.0392597503960132
1631021211068,0.2516674697399139,-0.3391810655593872,-0.366799384355545,0.0232554301619529
1631021211130,0.2341085076332092,-0.3207267224788666,-0.3657377064228058,0.0142900105565786
1631021211239,0.2085020542144775,-0.3134112060070038,-0.3590832352638244,0.0151053462177515
1631021211317,0.1731691062450409,-0.31967693567276,-0.3550000190734863,0.0255636237561702
1631021211458,0.1237175241112709,-0.3394070863723755,-0.3613759875297546,0.0369669161736965
1631021211629,0.0539821349084377,-0.3661232888698578,-0.3770041763782501,0.043484341353178
1631021211708,-0.0329776890575885,-0.3891687393188476,-0.3949750661849975,0.0517135746777057
1631021211739,-0.1190545335412025,-0.4014085829257965,-0.409854382276535,0.0682421997189521
1631021211848,-0.1773403882980346,-0.4053390026092529,-0.4207709431648254,0.0881504192948341
1631021211942,-0.1975560039281845,-0.4063711166381836,-0.4290098249912262,0.1008140072226524
1631021212067,-0.1936700940132141,-0.4015398621559143,-0.4363690316677093,0.1024021655321121
1631021212161,-0.1814485490322113,-0.3854918479919433,-0.44700887799263,0.0929183661937713
1631021212270,-0.1689769476652145,-0.3613996803760528,-0.4665137529373169,0.0741242691874504
1631021212414,-0.1551393270492553,-0.3425886631011963,-0.4946581423282623,0.0519849583506584
1631021212476,-0.1343144476413726,-0.3398050963878631,-0.5233601331710815,0.03829001262784
1631021212664,-0.1040601953864097,-0.3506932556629181,-0.5424335598945618,0.0412446781992912
1631021212711,-0.0707090646028518,-0.363972008228302,-0.5520545840263367,0.0547001510858535
1631021212805,-0.0445601344108581,-0.3676855564117431,-0.5632599592208862,0.0640640556812286
1631021212945,-0.0307577550411224,-0.3589421808719635,-0.5832120776176453,0.0648058280348777
1631021213008,-0.0259346552193164,-0.3431253433227539,-0.6088142395019531,0.0629999339580535
1631021213054,-0.0252265445888042,-0.327873021364212,-0.6310434937477112,0.0648501887917518
1631021213179,-0.0286645516753196,-0.3150591552257538,-0.6424062252044678,0.0629452615976333
1631021213292,-0.0357297025620937,-0.3034144341945648,-0.6430912017822266,0.0487945899367332
1631021213386,-0.0417254827916622,-0.296899676322937,-0.6379464864730835,0.0252703931182622
1631021213495,-0.0412568114697933,-0.3047406673431396,-0.6299921274185181,0.0020255735144019
1631021213620,-0.0358402244746685,-0.332468718290329,-0.6188093423843384,-0.0173208694905042
1631021213698,-0.0311166625469923,-0.3752698898315429,-0.6017360687255859,-0.0314146094024181
1631021213776,-0.026249011978507,-0.4185146689414978,-0.5696348547935486,-0.0373241938650608
1631021213901,-0.0192978419363498,-0.442507266998291,-0.5156830549240112,-0.0317727550864219
1631021213980,-0.0130363469943404,-0.4368742704391479,-0.4496149122714996,-0.0193333104252815
1631021214073,-0.0114647401496768,-0.4095842242240906,-0.3933340609073639,-0.0074222357943654
1631021214167,-0.013862314634025,-0.3813721537590027,-0.3589526712894439,-0.0011843121610581
1631021214339,-0.0174881797283887,-0.3680867850780487,-0.3412304222583771,-0.0065649040043354
1631021214386,-0.0162129309028387,-0.3742977380752563,-0.325650155544281,-0.0296513233333826
1631021214480,-0.0088855028152465,-0.3937749564647674,-0.3052000701427459,-0.070061445236206
1631021214620,0.004270548466593,-0.4150818586349487,-0.2834961414337158,-0.1102440804243087
1631021214714,0.0215660203248262,-0.4291384816169739,-0.2654837667942047,-0.1197299733757972
1631021214854,0.0370924323797225,-0.4374035000801086,-0.2523500621318817,-0.0879784375429153
1631021214901,0.0438356772065162,-0.4453856348991394,-0.2426842302083969,-0.0374520644545555
1631021214995,0.0390030108392238,-0.4534672498703003,-0.2378322184085846,0.0133666014298796
1631021215104,0.0264301300048828,-0.4575843811035156,-0.2389557957649231,0.0638195574283599
1631021215245,0.0135561535134911,-0.4587775468826294,-0.2452418953180313,0.1151966825127601
1631021215326,0.0025324369780719,-0.464767724275589,-0.2569129765033722,0.1608711928129196
1631021215451,-0.0093992426991462,-0.4862978160381317,-0.2785703837871551,0.1904351562261581
1631021215498,-0.0241447612643241,-0.5286461114883423,-0.3132908344268799,0.2003579139709472
1631021215591,-0.0407513938844203,-0.5899831056594849,-0.357222706079483,0.1966311335563659
1631021215701,-0.0570691712200641,-0.6565261483192444,-0.3995458483695984,0.1912714093923568
1631021215826,-0.0667941272258758,-0.7040439248085022,-0.4332137107849121,0.1932976841926574
1631021215920,-0.0654143467545509,-0.7106004357337952,-0.4627612233161926,0.2028867900371551
1631021216045,-0.0543071031570434,-0.6802018284797668,-0.4936632513999939,0.2120413780212402
1631021216107,-0.0419639497995376,-0.639520525932312,-0.5224670767784119,0.2103166878223419
1631021216201,-0.0367900840938091,-0.6151833534240723,-0.5326265692710876,0.1932626813650131
1631021216312,-0.0424593165516853,-0.6117249727249146,-0.5023211240768433,0.1651580482721328
1631021216499,-0.0578249767422676,-0.618443489074707,-0.438031405210495,0.1358344107866287
1631021216562,-0.0784063562750816,-0.6190586686134338,-0.370541900396347,0.1100270226597786
1631021216609,-0.0970462933182716,-0.6050294041633606,-0.3258609771728515,0.083797663450241
1631021216749,-0.1046981588006019,-0.5785250067710876,-0.3086280822753906,0.0521066300570964
1631021216874,-0.1000653281807899,-0.54714035987854,-0.3091744482517242,0.0242701526731252
1631021216952,-0.0899113863706588,-0.5168083310127258,-0.3121033310890198,0.0235476251691579
1631021217062,-0.0837877765297889,-0.4919016659259796,-0.3086125552654266,0.0576637275516986
1631021217140,-0.0860606655478477,-0.4735597372055053,-0.2960591614246368,0.1030275970697403
1631021217265,-0.0946980118751525,-0.4609801769256592,-0.2701097130775451,0.1314529627561569
1631021217327,-0.1041662916541099,-0.4562973976135254,-0.2236509621143341,0.1373308897018432
1631021217436,-0.1147600933909416,-0.4609966576099396,-0.161219522356987,0.1335199475288391
1631021217593,-0.12860769033432,-0.4774918854236603,-0.1001834720373153,0.1356603652238845
1631021217686,-0.1452567428350448,-0.5038964152336121,-0.0549875535070896,0.1471483707427978
1631021217765,-0.1559062898159027,-0.5344218015670776,-0.0293103456497192,0.1637160927057266
1631021217843,-0.1485929191112518,-0.565276563167572,-0.0222933366894722,0.180796593427658
1631021217936,-0.1245393007993698,-0.5942599773406982,-0.0299604702740907,0.1953060179948806
1631021218046,-0.0977627336978912,-0.6205631494522095,-0.0431394539773464,0.2036062926054
1631021218124,-0.0783081203699112,-0.6475143432617188,-0.0490439161658287,0.2027504742145538
1631021218264,-0.0704608783125877,-0.6804128885269165,-0.0426699183881282,0.1932096034288406
1631021218346,-0.0698398053646087,-0.7183284163475037,-0.0319131612777709,0.1756584197282791
1631021218471,-0.0659289062023162,-0.7464302778244019,-0.0268753208220005,0.1508791893720626
1631021218596,-0.0468521043658256,-0.7449603080749512,-0.0299139562994241,0.1275607198476791
1631021218689,-0.0126499375328421,-0.7161754369735718,-0.0388404913246631,0.1169052869081497
1631021218799,0.0227092783898115,-0.6803725957870483,-0.0557276792824268,0.120975062251091
1631021218877,0.0438915900886058,-0.6541002988815308,-0.0874685272574424,0.1261743605136871
1631021218986,0.0452643707394599,-0.64469313621521,-0.1383170336484909,0.1190802901983261
1631021219127,0.0308235753327608,-0.6447715759277344,-0.2023095339536667,0.1006242856383323
1631021219189,0.0082560200244188,-0.6420265436172485,-0.264478474855423,0.0821877792477607
1631021219252,-0.0170275326818227,-0.62906813621521,-0.3131976127624511,0.0709739997982978
1631021219345,-0.0427298434078693,-0.6106417179107666,-0.3438700437545776,0.0667321383953094
1631021219486,-0.0621955692768096,-0.5944476127624512,-0.3581026196479797,0.0679874494671821
1631021219549,-0.0658901780843734,-0.5820889472961426,-0.3645574450492859,0.0768075659871101
1631021219783,-0.0562861785292625,-0.5682821869850159,-0.3772741556167602,0.0911968797445297
1631021219814,-0.0485866591334342,-0.5497588515281677,-0.398823469877243,0.1061965003609657
1631021219908,-0.0398977361619472,-0.5265163779258728,-0.4212504923343658,0.1248277202248573
1631021219970,-0.0394202843308448,-0.4563941061496734,-0.4301069378852844,0.1383477002382278
1631021220064,-0.0568209923803806,-0.2513773739337921,-0.4223794341087341,0.1338204592466354
1631021220189,-0.097581535577774,0.0510253049433231,-0.4038124978542328,0.1040325984358787
1631021220348,-0.1526620686054229,0.3162473440170288,-0.3779629170894623,0.0568293929100036
1631021220411,-0.1966359615325927,0.4972743391990661,-0.3505769968032837,0.0210685469210147
1631021220473,-0.2032863944768905,0.5997723937034607,-0.3269073367118835,0.0246601030230522
1631021220567,-0.1702746748924255,0.6448089480400085,-0.3046002388000488,0.0615143775939941
1631021220739,-0.1147280856966972,0.6579610109329224,-0.2762387096881866,0.1078338250517845
1631021220895,-0.0516400933265686,0.6603918671607971,-0.2424838542938232,0.1490233093500137
1631021220942,-0.0516400933265686,0.6602758169174194,-0.2194581925868988,0.1490233093500137
1631021220989,-0.0516400933265686,0.6602316498756409,-0.2194581925868988,0.1490233093500137
1631021221083,-0.0516400933265686,0.6602669954299927,-0.2194581925868988,0.1490233093500137
1631021221161,-0.0516400933265686,0.6601628065109253,-0.2194581925868988,0.1490233093500137
1631021221385,-0.0516400933265686,0.6599364280700684,-0.2194581925868988,0.1490233093500137
1631021221463,-0.0516400933265686,0.6595995426177979,-0.7920172214508057,0.1040331348776817
1631021221510,-0.0516400933265686,0.655704140663147,-0.8026579022407532,0.1570884585380554
1631021221572,-0.121082104742527,0.6355300545692444,-0.8168854713439941,0.1786403506994247
1631021221697,-0.138446643948555,0.5743261575698853,-0.8302491903305054,0.1797704547643661
1631021221807,-0.130012571811676,0.4462350606918335,-0.8271285891532898,0.178734540939331
1631021222041,-0.1062366962432861,0.2327474355697631,-0.8080446124076843,0.1843312978744506
1631021222088,-0.0881562083959579,-0.0646088048815727,-0.7906569242477417,0.1908534616231918
1631021222119,-0.0808828249573707,-0.3766975402832031,-0.7836197018623352,0.1977922916412353
1631021222213,-0.0798679292201995,-0.5553972125053406,-0.78277587890625,0.2098073214292526
1631021222293,-0.0755344405770301,-0.6096125841140747,-0.7759559154510498,0.2277523428201675
1631021222450,-0.0643716901540756,-0.6134289503097534,-0.7610886693000793,0.2435192465782165
1631021222575,-0.0465988256037235,-0.6010981202125549,-0.7455620765686035,0.2500748932361603
1631021222653,-0.022826874628663,-0.5758644342422485,-0.752599835395813,0.2571625411510467
1631021222715,0.0044037108309566,-0.5519347786903381,-0.736029863357544,0.2570942640304565
1631021222840,0.0402437262237072,-0.5416486859321594,-0.710249662399292,0.2447095364332199
1631021222918,0.0634990185499191,-0.5424718856811523,-0.6770870685577393,0.2184332907199859
1631021223043,0.0765501484274864,-0.5448450446128845,-0.6394774317741394,0.1833326518535614
1631021223137,0.0823097676038742,-0.5468504428863525,-0.602109432220459,0.1510754972696304
1631021223231,0.0811943709850311,-0.5516557097434998,-0.5679315328598022,0.1289701163768768
1631021223326,0.0716177523136138,-0.560614287853241,-0.5353419780731201,0.1141750738024711
1631021223420,0.0567156411707401,-0.568432629108429,-0.4931824505329132,0.099274143576622
1631021223592,0.0452856160700321,-0.567897379398346,-0.4257332384586334,0.0833873450756073
1631021223701,0.0432198382914066,-0.5543272495269775,-0.335386723279953,0.0676216408610344
1631021223764,0.0499431230127811,-0.5309399366378784,-0.2444004416465759,0.0552226565778255
1631021223842,0.0562199726700782,-0.5071166753768921,-0.1749843209981918,0.0486101284623146
1631021223967,0.0550586953759193,-0.4954405426979065,-0.1345166116952896,0.0484588108956813
1631021224154,0.0439999960362911,-0.5026889443397522,-0.1174257695674896,0.0496202372014522
1631021224232,0.0226333830505609,-0.5265073180198669,-0.1134950369596481,0.0506266914308071
1631021224314,-0.0017004332039505,-0.554323136806488,-0.1163591668009758,0.0547633059322834
1631021224376,-0.013630642555654,-0.5700935125350952,-0.1235100999474525,0.0699662044644355
1631021224439,-0.001431583543308,-0.5708519220352173,-0.1347950845956802,0.0974509119987487
1631021224564,0.0312150493264198,-0.569928765296936,-0.1487643420696258,0.1328046321868896
1631021224782,0.0668316483497619,-0.5765156149864197,-0.1629988849163055,0.1656914502382278
1631021224829,0.0919522419571876,-0.5824650526046753,-0.175863116979599,0.1884395778179168
1631021224876,0.1063745096325874,-0.5743807554244995,-0.188287928700447,0.1984750777482986
1631021225001,0.1175631582736969,-0.5505719184875488,-0.2046253085136413,0.1992370039224624
1631021225095,0.1276376098394394,-0.5206466317176819,-0.2312840521335601,0.1954339742660522
1631021225299,0.1345331221818924,-0.4951073825359344,-0.2689590454101562,0.1871570497751236
1631021225381,0.1360656321048736,-0.4779195189476013,-0.3095789551734924,0.1696235239505767
1631021225428,0.1350155919790268,-0.4683393537998199,-0.3413548171520233,0.137828841805458
1631021225474,0.1342296451330185,-0.4631147086620331,-0.3585230708122253,0.0947998538613319
1631021225568,0.1325477212667465,-0.4580369293689728,-0.3640257120132446,0.0528016947209835
1631021225677,0.1279302239418029,-0.4492444694042206,-0.3610658347606659,0.0214300081133842
1631021225849,0.1163356900215148,-0.4359110891819,-0.3477949798107147,-0.0012406487949192
1631021225927,0.0931034311652183,-0.4230441153049469,-0.3229143917560577,-0.0259013082832098
1631021225974,0.0551637299358844,-0.4190500676631927,-0.2906140387058258,-0.0595982447266578
1631021226052,0.0074362936429679,-0.4259741902351379,-0.2577319741249084,-0.1037584245204925
1631021226193,-0.0350443348288536,-0.4329476356506347,-0.2298423647880554,-0.1522475779056549
1631021226293,-0.0557852834463119,-0.425284594297409,-0.2092686742544174,-0.1946117430925369
1631021226418,-0.0532089099287986,-0.3856310546398163,-0.1943528652191162,-0.2227694243192672
1631021226481,-0.0366509519517421,-0.3165707290172577,-0.1843723207712173,-0.2310378849506378
1631021226543,-0.006318905390799,-0.2425586730241775,-0.1829316616058349,-0.2170373946428299
1631021226684,0.0428134687244892,-0.1883259713649749,-0.1987075805664062,-0.1737686842679977
1631021226793,0.1053188219666481,-0.1624343693256378,-0.2351614981889724,-0.1000679805874824
1631021226887,0.164051666855812,-0.1582147032022476,-0.2812121510505676,-0.0016970237484201
1631021227074,0.2049453407526016,-0.1630301028490066,-0.3113517463207245,0.1038558632135391
1631021227105,0.2307498455047607,-0.1700326055288314,-0.3134902119636535,0.1989465057849884
1631021227168,0.2531651258468628,-0.1782497465610504,-0.3021486699581146,0.2759879231452942
1631021227290,0.2803509831428528,-0.1882338970899582,-0.3002832531929016,0.3346645832061767
1631021227421,0.3082149922847748,-0.199471041560173,-0.3169741630554199,0.3772011399269104
1631021227499,0.3300703465938568,-0.2091416269540786,-0.34784597158432,0.4051781594753265
1631021227593,0.3422732353210449,-0.2136086374521255,-0.3818883001804352,0.4220114350318908
1631021227718,0.3459745645523071,-0.2130437642335891,-0.4106052219867706,0.4313827753067016
1631021227765,0.3438268899917602,-0.2146259248256683,-0.4330258965492248,0.4355865120887756
1631021227905,0.3377318680286407,-0.2347774654626846,-0.4568935632705688,0.4358471035957336
1631021228030,0.3284440040588379,-0.2882457077503204,-0.4886032938957214,0.4322128891944885
1631021228124,0.3137955963611603,-0.3776688575744629,-0.5268409252166748,0.4250595271587372
1631021228202,0.2891106903553009,-0.4861255288124084,-0.5616466403007507,0.4134407639503479
1631021228298,0.2517255246639251,-0.5807427167892456,-0.5852817893028259,0.3939793705940246
1631021228392,0.207183301448822,-0.6367221474647522,-0.6038399338722229,0.3607349991798401
1631021228486,0.1698136776685714,-0.6613427400588989,-0.6383671760559082,0.3106519281864166
1631021228642,0.1457778513431549,-0.6713132858276367,-0.6990097165107727,0.2491551786661148
1631021228705,0.1264882832765579,-0.6733043193817139,-0.7737025618553162,0.1890850067138672
1631021228814,0.0998027399182319,-0.6626989245414734,-0.8249678611755371,0.14153952896595
1631021228923,0.0676933154463768,-0.6287721991539001,-0.8222995400428772,0.1108987554907798
1631021229001,0.0379606522619724,-0.5761075615882874,-0.7738116979598999,0.0988684147596359
1631021229095,0.0157036036252975,-0.5264391303062439,-0.7156078815460205,0.0995123907923698
1631021229220,0.0022599813528358,-0.4982196390628814,-0.6731476783752441,0.1036236062645912
1631021229347,-0.0007252437062561,-0.4947842359542846,-0.656570553779602,0.1038596704602241
1631021229426,0.0103553142398595,-0.5056465864181519,-0.6561785936355591,0.1019935309886932
1631021229550,0.0340033248066902,-0.5196558237075806,-0.6494881510734558,0.1061779335141182
1631021229629,0.0632560178637504,-0.5319331884384155,-0.6240642666816711,0.1189025342464447
1631021229754,0.089990809559822,-0.5403616428375244,-0.5850884318351746,0.1347484290599823
1631021229847,0.1103387400507927,-0.5393238663673401,-0.5447434186935425,0.1515809148550033
1631021229941,0.1242641136050224,-0.5221948027610779,-0.505659818649292,0.1739026606082916
1631021230066,0.1325447559356689,-0.489778608083725,-0.4681591093540191,0.2011693865060806
1631021230113,0.1353242546319961,-0.4530947506427765,-0.4341329336166382,0.2225898951292038
1631021230238,0.1319991797208786,-0.4257820546627044,-0.4111196100711822,0.2253059446811676
1631021230319,0.1253744661808014,-0.4161374270915985,-0.4009204506874084,0.2093423306941986
1631021230460,0.1312790811061859,-0.4201935827732086,-0.4028362333774566,0.1913031637668609
1631021230569,0.1384962201118469,-0.3935586810111999,-0.4109634160995483,0.2087072134017944
1631021230632,0.151856854557991,-0.2687982618808746,-0.4111154973506927,0.2006491422653198
1631021230741,0.1724887937307357,-0.0801424384117126,-0.3914463222026825,0.1996527016162872
1631021230804,0.1951439678668975,0.0873527824878692,-0.3533914983272552,0.2108782529830932
1631021230975,0.2108388841152191,0.1983392834663391,-0.3098393678665161,0.2330163121223449
1631021231053,0.2109586745500564,0.2568832337856293,-0.2737297415733337,0.2569271326065063
1631021231147,0.1910783797502517,0.2825038135051727,-0.2449302077293396,0.2761411964893341
1631021231280,0.1522797644138336,0.2953286468982696,-0.218646839261055,0.290872722864151
1631021231355,0.1003234684467315,0.3050057590007782,-0.1896391659975052,0.2999190390110016
1631021231480,0.0406232848763465,0.3138022124767303,-0.1573185473680496,0.2961069643497467
1631021231527,0.0406232848763465,0.3211917281150818,-0.1253819763660431,0.5402519106864929
1631021231667,0.0406232848763465,0.3283456265926361,-0.0979898050427436,0.6972523331642151
1631021231761,0.0406232848763465,0.3372797966003418,-0.0753071308135986,0.7846290469169617
1631021231886,0.0406232848763465,0.3478569686412811,-0.0570322722196579,0.8510789275169373
1631021231948,0.0406232848763465,0.3570130169391632,-0.0402004346251487,0.9325404167175292
1631021232042,0.0406232848763465,0.3738332092761993,-0.0045611043460667,0.9325404167175292
1631021232136,0.0406232848763465,0.3688379228115082,0.009433907456696,0.9325404167175292
1631021232309,0.0406232848763465,0.3259420692920685,0.0162999313324689,0.9325404167175292
1631021232371,0.0406232848763465,0.2406606376171112,0.0195945482701063,0.9325404167175292
1631021232466,0.0406232848763465,0.1308851242065429,0.0242433249950408,0.9325404167175292
1631021232543,0.0406232848763465,0.0398371182382106,0.0331413149833679,0.9325404167175292
1631021232684,0.0406232848763465,0.0011270388495177,0.0435510426759719,0.9325404167175292
1631021232793,0.0406232848763465,0.0001751628296915,0.0519241951406002,0.9325404167175292
1631021232903,0.0406232848763465,0.0126477135345339,0.0541715547442436,0.9325404167175292
1631021232965,0.0406232848763465,0.0257621929049491,0.0452163964509964,0.9325404167175292
1631021233074,0.0406232848763465,0.0396934673190116,0.0242979861795902,0.9325404167175292
1631021233184,0.0406232848763465,0.0396934673190116,-0.0001550981396576,0.9325404167175292
1631021233287,0.0406232848763465,0.0396934673190116,-0.0231245495378971,0.9325404167175292
1631021233375,0.0406232848763465,0.0396934673190116,-0.0184358526021242,0.9325404167175292
1631021233516,0.0406232848763465,0.0396934673190116,0.0101365959271788,0.9325404167175292
1631021233625,0.3006800413131714,0.4421433210372925,-0.0430383197963237,0.635769784450531
1631021233703,0.3006800413131714,0.6278296709060669,-0.0430383197963237,0.635769784450531
1631021233812,0.3006800413131714,0.6278296709060669,-0.0430383197963237,0.635769784450531
1631021233906,0.3006800413131714,0.6278296709060669,-0.0430383197963237,0.635769784450531
1631021233968,0.3006800413131714,0.6278296709060669,-0.0430383197963237,0.635769784450531
1631021234124,0.3006800413131714,0.6278296709060669,-0.0430383197963237,0.635769784450531
1631021234234,0.3006800413131714,0.6278296709060669,-0.0430383197963237,0.635769784450531
1631021234301,0.3006800413131714,0.6278296709060669,-0.0430383197963237,0.635769784450531
1631021234441,0.3006800413131714,0.6278296709060669,-0.0430383197963237,0.635769784450531
1631021234504,0.3006800413131714,0.6278296709060669,-0.0430383197963237,0.635769784450531
1631021234675,0.3006800413131714,0.6278296709060669,-0.0430383197963237,0.635769784450531
1631021234738,0.3006800413131714,0.6278296709060669,-0.0430383197963237,0.635769784450531
1631021234832,0.3006800413131714,0.682067334651947,-0.0430383197963237,0.635769784450531
1631021234910,0.3006800413131714,0.682067334651947,-0.0430383197963237,0.635769784450531
1631021235004,0.3006800413131714,0.682067334651947,-0.0430383197963237,0.635769784450531
1631021235160,0.3006800413131714,0.682067334651947,-0.0430383197963237,0.635769784450531
1631021235222,0.3006800413131714,0.682067334651947,-0.0430383197963237,0.635769784450531
1631021235335,0.3006800413131714,0.682067334651947,-0.0430383197963237,0.635769784450531
1631021235413,0.3006800413131714,0.682067334651947,-0.0430383197963237,0.635769784450531
1631021235507,0.3006800413131714,0.682067334651947,-0.0430383197963237,0.635769784450531
1631021235647,0.3006800413131714,0.682067334651947,-0.0430383197963237,0.635769784450531
1631021235726,0.3006800413131714,0.682067334651947,-0.0430383197963237,0.635769784450531
1631021235819,0.3006800413131714,0.682067334651947,-0.0430383197963237,0.635769784450531
1631021235913,0.3006800413131714,0.682067334651947,-0.0430383197963237,0.635769784450531
1631021236069,0.3006800413131714,0.682067334651947,-0.0430383197963237,0.635769784450531
1631021236132,0.3006800413131714,0.682067334651947,-0.0430383197963237,0.635769784450531
1631021236241,0.3006800413131714,0.682067334651947,-0.0430383197963237,0.635769784450531
1631021236325,0.3006800413131714,0.682067334651947,0.3326963484287262,0.635769784450531
1631021236434,0.3006800413131714,0.682067334651947,0.3695229589939117,0.635769784450531
1631021236575,0.3006800413131714,0.682067334651947,0.3695229589939117,0.635769784450531
1631021236621,0.3006800413131714,0.682067334651947,0.3695229589939117,0.635769784450531
1631021236731,0.3006800413131714,0.682067334651947,0.3695229589939117,0.635769784450531
1631021236856,0.3006800413131714,0.682067334651947,0.3695229589939117,0.635769784450531
1631021236918,0.3006800413131714,0.682067334651947,0.3695229589939117,0.635769784450531
1631021237028,0.3006800413131714,0.682067334651947,0.3695229589939117,0.635769784450531
1631021237137,0.3006800413131714,0.682067334651947,0.3695229589939117,0.635769784450531
1631021237297,0.3006800413131714,0.682067334651947,0.3695229589939117,0.635769784450531
1631021237344,0.3006800413131714,0.682067334651947,0.3695229589939117,0.635769784450531
1631021237484,0.3006800413131714,0.682067334651947,0.3695229589939117,0.635769784450531
1631021237547,0.3006800413131714,0.682067334651947,0.3365830183029175,0.635769784450531
1631021237641,0.3006800413131714,0.682067334651947,0.3365830183029175,0.635769784450531
1631021237766,0.3006800413131714,0.682067334651947,0.3365830183029175,0.635769784450531
1631021237859,0.3006800413131714,0.682067334651947,0.3365830183029175,0.635769784450531
1631021237969,0.3006800413131714,0.682067334651947,0.3365830183029175,0.635769784450531
1631021238047,0.3006800413131714,0.682067334651947,0.3365830183029175,0.635769784450531
1631021238187,0.3006800413131714,0.682067334651947,0.3365830183029175,0.635769784450531
1631021238234,0.3006800413131714,0.682067334651947,0.3365830183029175,0.635769784450531
1631021238363,0.3006800413131714,0.682067334651947,0.3365830183029175,0.635769784450531
1631021238504,0.3006800413131714,0.682067334651947,0.3365830183029175,0.635769784450531
1631021238582,0.3006800413131714,0.682067334651947,0.3365830183029175,0.635769784450531
1631021238675,0.3006800413131714,0.682067334651947,0.3365830183029175,0.635769784450531
1631021238769,0.3006800413131714,0.682067334651947,0.3365830183029175,0.635769784450531
1631021238847,0.3006800413131714,0.682067334651947,0.3365830183029175,0.635769784450531
1631021239003,0.3006800413131714,0.682067334651947,0.3365830183029175,0.635769784450531
1631021239082,0.3006800413131714,0.682067334651947,0.3365830183029175,0.635769784450531
1631021239175,0.3006800413131714,0.682067334651947,0.3365830183029175,0.635769784450531
1631021239238,0.3006800413131714,0.682067334651947,-0.2711513638496399,0.635769784450531
1631021239350,0.4372933804988861,0.682067334651947,-0.0873285606503486,0.3271492719650268
1631021239459,0.7215906381607056,0.2072308659553527,0.0943245515227317,0.451130598783493
1631021239584,0.7215906381607056,0.3812136948108673,0.2360904365777969,0.5780571103096008
1631021239678,0.7215906381607056,0.4667990803718567,0.3245587944984436,0.6772632002830505
1631021239803,0.7215906381607056,0.4853329658508301,0.3627046346664428,0.7360739707946777
1631021239865,0.7215906381607056,0.4619647860527038,0.3632911741733551,0.7544431090354919
1631021239975,0.7215906381607056,0.4225318729877472,0.343936949968338,0.7413566708564758
1631021240084,0.7215906381607056,0.3851160407066345,0.3187091946601867,0.7114969491958618
1631021240209,0.7215906381607056,0.360735535621643,0.2936219274997711,0.676670491695404
1631021240303,0.7215906381607056,0.3620947301387787,0.2712188959121704,0.6434333324432373
1631021240412,0.6688847541809082,0.4060799479484558,0.252918392419815,0.6146224737167358
1631021240474,0.6507951617240906,0.4835933446884155,0.2603031694889068,0.5934209227561951
1631021240600,0.699821412563324,0.5599288940429688,0.2700746357440948,0.5941076278686523
1631021240678,0.7533188462257385,0.5871293544769287,0.285600483417511,0.611897349357605
1631021240803,0.8027656078338623,0.614888072013855,0.3007745444774627,0.6310935020446777
1631021240912,0.7950797080993652,0.6355119347572327,0.3016433417797088,0.6415388584136963
1631021241006,0.7950797080993652,0.6399099230766296,0.2762796878814697,0.6301048994064331
1631021241099,0.7950797080993652,0.6276224851608276,0.2155746966600418,0.5838127732276917
1631021241177,0.7950797080993652,0.6124961972236633,0.1217314973473548,0.4893348515033722
1631021241318,0.7950797080993652,0.6161069869995117,0.0179309248924255,0.3398511707782745
1631021241428,0.7950797080993652,0.6501120924949646,-0.055330354720354,0.1519637554883957
1631021241490,0.7950797080993652,0.7081654071807861,-0.0785774514079094,-0.0045326091349124
1631021241615,0.7950797080993652,0.7807521820068359,-0.0681331530213356,-0.0502012446522712
1631021241693,0.7950797080993652,0.863479495048523,-0.0394612736999988,0.0071888770908117
1631021241880,0.7950797080993652,0.863479495048523,-0.0017967284657061,0.0071888770908117
1631021241959,0.7950797080993652,0.863479495048523,-0.0017967284657061,0.0071888770908117
1631021242021,0.7950797080993652,0.863479495048523,-0.0017967284657061,0.0071888770908117
1631021242099,0.7950797080993652,0.863479495048523,-0.0017967284657061,0.0071888770908117
1631021242208,0.7950797080993652,0.863479495048523,-0.0017967284657061,0.0071888770908117
1631021242287,0.7950797080993652,0.2599445283412933,-0.0593239404261112,0.137329563498497
1631021242412,0.7950797080993652,0.1840380728244781,-0.0638298764824867,0.1144477725028991
1631021242537,0.7950797080993652,0.1292549520730972,-0.0737426951527595,0.1114705204963684
1631021242615,-0.0558946430683136,0.092685081064701,-0.0761561766266822,0.1119602099061012
1631021242724,-0.0558946430683136,0.0710644498467445,-0.074187196791172,0.1119602099061012
1631021242818,-0.0558946430683136,0.0655810832977294,-0.0785807520151138,0.1119602099061012
1631021242911,-0.0558946430683136,0.1007252186536789,-0.0924602970480918,0.1119602099061012
1631021243052,-0.0558946430683136,0.1790532916784286,-0.1104831174015998,0.1119602099061012
1631021243115,0.166787564754486,0.2632125318050384,-0.1263556033372879,0.1119602099061012
1631021243255,0.2708496749401092,0.3194945454597473,-0.1402505785226822,0.1119602099061012
1631021243338,0.3010293245315552,0.3403131365776062,-0.150679275393486,0.1119602099061012
1631021243416,0.3010293245315552,0.33577960729599,-0.1548501253128051,0.1119602099061012
1631021243557,0.3010293245315552,0.2875811457633972,-0.1509976387023925,0.0612098276615142
1631021243635,0.3065661191940307,0.2888134121894836,-0.1578525453805923,0.0385016538202762
1631021243744,0.3065661191940307,0.3104920089244842,-0.172855868935585,0.0464508831501007
1631021243869,0.3065661191940307,0.3390392363071441,-0.1895903050899505,0.0464508831501007
1631021243978,0.3570230603218078,0.3708073496818542,-0.2007934749126434,0.0464508831501007
1631021244072,0.4337147176265716,0.4047156274318695,-0.2089105099439621,0.0464508831501007
1631021244134,0.4337147176265716,0.4403441250324249,-0.2242408990859985,0.0464508831501007
1631021244275,0.4337147176265716,0.4780386686325073,-0.2498123943805694,0.0464508831501007
1631021244338,0.4337147176265716,0.5167424082756042,-0.2729158401489258,0.0464508831501007
1631021244478,0.4337147176265716,0.5412193536758423,-0.2781815826892853,0.0464508831501007
1631021244556,0.4337147176265716,0.5278895497322083,-0.2651649713516235,0.0464508831501007
1631021244650,0.4337147176265716,0.4576723575592041,-0.2453155070543289,0.0464508831501007
1631021244775,0.4337147176265716,0.4576723575592041,-0.2453155070543289,0.0464508831501007
1631021244837,0.4337147176265716,0.4576723575592041,-0.2453155070543289,0.0464508831501007
1631021244947,0.4337147176265716,0.4576723575592041,-0.2453155070543289,0.0464508831501007
1631021245072,0.4337147176265716,0.4576723575592041,-0.2453155070543289,0.0464508831501007
1631021245166,0.5082864165306091,-0.0524539090692997,-0.4037362933158874,0.3627221584320068
1631021245294,0.4596339166164398,-0.0757497772574424,-0.4487701058387756,0.3405813574790954
1631021245373,0.4206313788890838,-0.0825009271502494,-0.4857625067234039,0.3151436746120453
1631021245529,0.3940311670303345,-0.0899286717176437,-0.5009106397628784,0.2859427034854889
1631021245591,0.3757354319095611,-0.1082747131586074,-0.4912798702716827,0.2525009512901306
1631021245701,0.3586293458938598,-0.137774184346199,-0.4692921042442322,0.2167382836341858
1631021245841,0.3405376672744751,-0.1696229577064514,-0.4514700770378113,0.1816610991954803
1631021245904,0.3256486654281616,-0.195528969168663,-0.4415910243988037,0.1540470868349075
1631021245982,0.3190802037715912,-0.2133199423551559,-0.4290014207363128,0.1449810415506363
1631021246107,0.322230726480484,-0.2267002016305923,-0.4025140702724457,0.1665215045213699
1631021246185,0.3343325853347778,-0.23964424431324,-0.3601391315460205,0.2148361951112747
1631021246313,0.355495810508728,-0.2559601366519928,-0.3057674467563629,0.2725485265254974
1631021246391,0.3503575921058655,-0.3184609711170196,-0.2441762536764145,0.308597058057785
1631021246469,0.3753152787685394,-0.3732151985168457,-0.1813219636678695,0.3385469019412994
1631021246578,0.4100992381572723,-0.413242906332016,-0.1289410144090652,0.3569448590278625
1631021246657,0.4418650567531585,-0.4289132952690124,-0.0895513594150543,0.3737671375274658
1631021246813,0.473672866821289,-0.3794741034507751,-0.0582400076091289,0.4179690480232239
1631021246922,0.516446590423584,-0.2196798026561737,-0.0315157547593116,0.5173828601837158
1631021246985,0.5695875883102417,-0.0137430280447006,-0.0134980045258998,0.6497464776039124
1631021247094,0.6197255253791809,0.1554886847734451,-0.0079064890742301,0.6745793223381042
1631021247219,0.6535986661911011,0.2630209326744079,-0.0121396798640489,0.7765504121780396
1631021247300,0.6677160859107971,0.3167295753955841,-0.0169749930500984,0.8273305892944336
1631021247394,0.6673715114593506,0.3359084129333496,-0.0164456814527511,0.8472155332565308
1631021247518,0.6597099900245667,0.3406028151512146,-0.0136468950659036,0.853597104549408
1631021247612,0.6478829383850098,0.3421736657619476,-0.0167207848280668,0.8536237478256226
1631021247706,0.6318919658660889,0.3430462777614593,-0.0306298993527889,0.8482758402824402
1631021247831,0.6098204851150513,0.3448592126369476,-0.0533611215651035,0.8402944803237915
1631021247893,0.6044126749038696,0.3473126888275146,-0.0768724009394645,0.836478590965271
1631021247987,0.5923016667366028,0.3495663106441498,-0.0916773006319999,0.8458485007286072
1631021248128,0.5785716772079468,0.3504431843757629,-0.0970852598547935,0.8695331811904907
1631021248206,0.5972449779510498,0.3471855223178863,-0.1017518863081932,0.8949301838874817
1631021248303,0.6141299605369568,0.3310182094573974,-0.1123396158218383,0.902557134628296
1631021248397,0.6018356084823608,0.2817900478839874,-0.1290105879306793,0.8738929629325867
1631021248522,0.549952507019043,0.1774168610572815,-0.1440275758504867,0.7992302775382996
1631021248678,0.4688838124275207,0.0052525135688483,-0.1517246961593628,0.7757868766784668
1631021248741,0.3882166147232055,-0.2240370512008667,-0.1529348343610763,0.6857450604438782
1631021248850,0.3391581773757934,-0.4483888745307922,-0.1520130187273025,0.6279538869857788
1631021248913,0.3242205679416656,-0.5703339576721191,-0.1509164124727249,0.6123705506324768
1631021249022,0.3530672490596771,-0.6210240721702576,-0.1396421641111374,0.6232972145080566
1631021249194,0.3866596519947052,-0.6574527621269226,-0.0813949927687645,0.669113278388977
1631021249256,0.4230380058288574,-0.6908884048461914,0.063010387122631,0.6822466254234314
1631021249353,0.4632617533206939,-0.7297559976577759,0.249195396900177,0.6923542022705078
1631021249447,0.4632617533206939,-0.7702268958091736,0.4069521129131317,0.6951982378959656
1631021249572,0.4632617533206939,-0.8053629398345947,0.5080011487007141,0.6813277006149292
1631021249681,0.4632617533206939,-0.8238361477851868,0.5245586037635803,0.6424349546432495
1631021249775,0.3719032704830169,-0.8200170993804932,0.545461118221283,0.5826802253723145
1631021249837,0.2188675999641418,-0.8003302216529846,0.5722832083702087,0.5274522304534912
1631021249947,0.024628197774291,-0.7704157829284668,0.5723493099212646,0.5080388188362122
1631021250025,-0.1638495922088623,-0.719556987285614,0.5751351118087769,0.5308825969696045
1631021250134,-0.1638495922088623,-0.719556987285614,0.580499529838562,0.5806572437286377
1631021250308,-0.1638495922088623,-0.719556987285614,0.5858384370803833,0.6476035118103027
1631021250340,-0.1638495922088623,-0.719556987285614,0.5885169506072998,0.7454752922058105
1631021250433,-0.1638495922088623,-0.719556987285614,0.5874472260475159,0.7839235663414001
1631021250543,0.4233042299747467,0.1288673430681228,0.5815024971961975,0.7562522888183594
1631021250683,0.4299964010715484,0.077075570821762,0.5628179311752319,0.5740375518798828
1631021250777,0.4695361852645874,0.0547890327870845,0.5086840987205505,0.5258007645606995
1631021250886,0.5185290575027466,0.0517558455467224,0.3863257765769958,0.5046306252479553
1631021250949,0.5531032681465149,0.0546783544123172,0.1514857560396194,0.4910147488117218
1631021251011,0.5657384395599365,0.055228866636753,-0.2993848919868469,0.4700130522251129
1631021251183,0.5594390034675598,0.0484478175640106,-0.3050547540187835,0.4404319822788238
1631021251280,0.543128490447998,0.0328312180936336,-0.3062694370746612,0.410202145576477
1631021251373,0.5236124992370605,0.010071687400341,-0.3068869411945343,0.3895998001098633
1631021251451,0.5089296698570251,-0.0147393839433789,-0.3180955350399017,0.3801325857639313
1631021251545,0.5001646280288696,-0.0385078787803649,-0.3448925316333771,0.3760036826133728
1631021251639,0.493595540523529,-0.0602522864937782,-0.3852907419204712,0.3705986738204956
1631021251811,0.4814785122871399,-0.1244262382388114,-0.4220510721206665,0.3601609468460083
1631021251873,0.463708758354187,-0.1880185753107071,-0.4431191086769104,0.2894468307495117
1631021252060,0.4459378123283386,-0.232314646244049,-0.4401892423629761,0.2288609743118286
1631021252092,0.4321446418762207,-0.2521151304244995,-0.4126584231853485,0.2049153447151184
1631021252170,0.415907621383667,-0.2624585926532745,-0.3725702464580536,0.2073629945516586
1631021252283,0.3870370984077453,-0.2724682986736297,-0.3392981290817261,0.2089107930660247
1631021252393,0.3407089412212372,-0.2876839339733124,-0.3262732326984405,0.1963477134704589
1631021252518,0.2852141559123993,-0.3123416602611542,-0.3315415680408478,0.1744172722101211
1631021252611,0.2407414019107818,-0.3475898802280426,-0.3472515642642975,0.1572772562503814
1631021252689,0.2251841425895691,-0.3880684673786163,-0.3669090569019317,0.157621294260025
1631021252752,0.2329500615596771,-0.4241911172866821,-0.3851310610771179,0.1776224076747894
1631021252846,0.2480491697788238,-0.4475793242454529,-0.3945553004741668,0.20969820022583
1631021253033,0.2513327002525329,-0.4582526385784149,-0.3906773030757904,0.2480374723672866
1631021253142,0.2379073202610016,-0.4572595357894897,-0.3818286955356598,0.2838071584701538
1631021253205,0.2153346538543701,-0.4470713436603546,-0.3807155787944793,0.3091302514076233
1631021253302,0.2014777660369873,-0.4269255399703979,-0.3896012008190155,0.3227810561656952
1631021253396,0.204597532749176,-0.3942532837390899,-0.4021544456481933,0.3314124047756195
1631021253521,0.2152884304523468,-0.3518915176391601,-0.4196899235248565,0.3388958573341369
1631021253661,0.2223355621099472,-0.3136261701583862,-0.4515994191169739,0.3428096175193786
1631021253724,0.2233092337846756,-0.291666030883789,-0.5006275773048401,0.3402949869632721
1631021253786,0.2239572554826736,-0.289359986782074,-0.552387535572052,0.3323985338211059
1631021253895,0.2300958931446075,-0.297676146030426,-0.5798428058624268,0.325972318649292
1631021253974,0.2457193285226822,-0.3025055229663849,-0.5720105767250061,0.3248526155948639
1631021254083,0.2725995481014251,-0.2920965254306793,-0.5437546372413635,0.3285131156444549
1631021254208,0.3061341941356659,-0.262329638004303,-0.5153632164001465,0.3301263451576233
1631021254317,0.3365893065929413,-0.2188802063465118,-0.4969041645526886,0.3213750422000885
1631021254395,0.3557999730110168,-0.1688715815544128,-0.488116443157196,0.2991786301136017
1631021254489,0.364444226026535,-0.121743731200695,-0.484161227941513,0.2704353332519531
1631021254645,0.373272180557251,-0.0842352136969566,-0.4753795266151428,0.2546667754650116
1631021254723,0.3932260572910309,-0.0597451813519001,-0.4442784190177917,0.2679404020309448
1631021254848,0.4227476119995117,-0.0495393276214599,-0.3847392797470093,0.3018466532230377
1631021254911,0.4526494145393371,-0.052051804959774,-0.3162873387336731,0.331789493560791
1631021255005,0.4803052246570587,-0.0644444450736045,-0.2619405686855316,0.3462366163730621
1631021255083,0.5075250864028931,-0.0824337005615234,-0.2315248399972915,0.3481272757053375
1631021255208,0.5351360440254211,-0.1015594154596328,-0.22027587890625,0.3444599211215973
1631021255335,0.5579436421394348,-0.1188857853412628,-0.218191921710968,0.3381951749324798
1631021255445,0.5709983110427856,-0.1146955788135528,-0.2137279510498047,0.3514651358127594
1631021255538,0.5820321440696716,-0.1107569858431816,-0.1800835281610489,0.3658488690853119
1631021255632,0.5860483050346375,-0.11000557243824,-0.0575669445097446,0.3810619115829468
1631021255726,0.5795384645462036,-0.1165125146508216,0.1600115299224853,0.3982259035110473
1631021255804,0.5677432417869568,-0.1334091126918792,0.3798844516277313,0.4189397990703583
1631021255913,0.5633516311645508,-0.1669506132602691,0.5420246720314026,0.4404402673244476
1631021256069,0.5761756896972656,-0.2211751192808151,0.6375911831855774,0.4522606432437897
1631021256147,0.6008952856063843,-0.2976566553115845,0.6803304553031921,0.4399558305740356
1631021256210,0.621902585029602,-0.3904872834682464,0.6914492249488831,0.390473872423172
1631021256352,0.6308745741844177,-0.481839507818222,0.6899287104606628,0.3010202348232269
1631021256446,0.6361140012741089,-0.5543810129165649,0.686360239982605,0.191010296344757
1631021256508,0.6361140012741089,-0.5543810129165649,0.6844946146011353,0.191010296344757
1631021256649,0.6361140012741089,-0.5543810129165649,0.6853192448616028,0.191010296344757
1631021256774,0.6361140012741089,-0.5543810129165649,0.6879644393920898,0.191010296344757
1631021256836,0.6361140012741089,-0.5543810129165649,0.691066324710846,0.191010296344757
1631021256977,0.6361140012741089,-0.5543810129165649,0.6930615901947021,0.2449447363615036
1631021257039,0.6272400617599487,-0.6208041310310364,0.6902709603309631,0.2177589237689972
1631021257133,0.7011361718177795,-0.4861252307891845,0.6715709567070007,0.2036113888025283
1631021257288,0.7253164052963257,-0.3150762319564819,0.6162652969360352,0.1946764886379242
1631021257355,0.7132393717765808,-0.1852709352970123,0.5041130781173706,0.1833474934101104
1631021257464,0.6815047264099121,-0.1114639639854431,0.3257932662963867,0.1691178381443023
1631021257573,0.6441045999526978,-0.0844545066356659,0.1025990843772888,0.1512694060802459
1631021257636,0.6117250919342041,-0.0804249197244644,-0.0840262472629547,0.1448204070329666
1631021257776,0.5900039672851562,-0.0791618451476097,-0.1549050956964492,0.1776759475469589
1631021257854,0.5755720138549805,-0.0771234035491943,-0.1584430187940597,0.2494325935840606
1631021258026,0.5611032247543335,-0.0804795175790786,-0.1637250781059265,0.3247258961200714
1631021258089,0.5426815748214722,-0.0926945582032203,-0.1852394789457321,0.3758944571018219
1631021258167,0.522106945514679,-0.1101664304733276,-0.2154069393873214,0.405761569738388
1631021258261,0.5168055295944214,-0.1107024699449539,-0.2425185292959213,0.4157615602016449
1631021258358,0.4984875917434692,-0.1030701994895935,-0.2599369883537292,0.4207146167755127
1631021258498,0.4538981914520263,-0.0900720879435539,-0.2658170461654663,0.4276629090309143
1631021258607,0.3756089210510254,-0.0809107720851898,-0.260672926902771,0.4404928386211395
1631021258670,0.272309809923172,-0.0876011028885841,-0.2497177273035049,0.4619412124156952
1631021258764,0.1802868545055389,-0.1157164871692657,-0.241151362657547,0.4904725253582001
1631021258871,0.1472909152507782,-0.1498213559389114,-0.238620787858963,0.52105313539505
1631021258950,0.1768640279769897,-0.1557808816432953,-0.2354308813810348,0.5487582683563232
1631021259121,0.2239352464675903,-0.1162281185388565,-0.2260406762361526,0.5705438256263733
1631021259201,0.2513426542282104,-0.058454506099224,-0.2156790345907211,0.5812228322029114
1631021259308,0.2477854490280151,-0.0172334276139736,-0.2143580317497253,0.571992039680481
1631021259390,0.2240231037139892,-0.0018025207100436,-0.2237156331539154,0.5380028486251831
1631021259462,0.2037407308816909,-0.0020259919110685,-0.2357927113771438,0.4879592955112457
1631021259599,0.2042692303657531,-0.0047757136635482,-0.2404587566852569,0.4404646158218384
1631021259718,0.2254840582609176,-0.0045907464809715,-0.2311578243970871,0.4100717008113861
1631021259796,0.2543081045150757,-0.0020278883166611,-0.2120346426963806,0.3939574062824249
1631021259889,0.2811996340751648,-0.000249358738074,-0.1957446187734604,0.3808192014694214
1631021260018,0.3030319511890411,-0.0009790834737941,-0.1950750350952148,0.3648018836975097
1631021260099,0.3218191266059875,-0.0046166474930942,-0.2119519859552383,0.3411925733089447
1631021260175,0.3433391451835632,-0.0104507962241768,-0.2374992966651916,0.3046041429042816
1631021260330,0.3654996156692505,-0.018632885068655,-0.2603448331356048,0.2526395916938782
1631021260422,0.3772114813327789,-0.0358730629086494,-0.277490884065628,0.1900515556335449
1631021260499,0.3706167340278625,-0.0743878409266471,-0.2965604662895202,0.126725286245346
1631021260584,0.3524208068847656,-0.1396830976009369,-0.3272918164730072,0.0787002742290496
1631021260717,0.3372194170951843,-0.2192172557115554,-0.3678495287895202,0.0561215355992317
1631021260858,0.3345050811767578,-0.2795308828353882,-0.4007955491542816,0.0566555559635162
1631021260964,0.3409725725650787,-0.2958776652812958,-0.4058485031127929,0.0708464086055755
1631021261026,0.3454084396362304,-0.2822740077972412,-0.3815135359764099,0.0838017165660858
1631021261135,0.3392708897590637,-0.2660176157951355,-0.3463726639747619,0.0901523604989051
1631021261239,0.3183191120624542,-0.2596069574356079,-0.322318822145462,0.0893371999263763
1631021261300,0.2880318462848663,-0.264841765165329,-0.3202243745326996,0.086773969233036
1631021261442,0.2591625154018402,-0.273001879453659,-0.3379650115966797,0.0858696028590202
1631021261518,0.2409873306751251,-0.2706526219844818,-0.3599127233028412,0.0880142152309417
1631021261628,0.2318210899829864,-0.2497317343950271,-0.3686195611953735,0.0901445373892784
1631021261737,0.2165035307407379,-0.2170400023460388,-0.3612396121025085,0.0925032123923301
1631021261838,0.1827358603477478,-0.186532437801361,-0.3503518998622894,0.0991121530532836
1631021261934,0.1353772282600402,-0.1655355095863342,-0.3467262387275696,0.110760398209095
1631021262027,0.0976998209953308,-0.1534659415483474,-0.3520512282848358,0.1293509602546692
1631021262137,0.0897481068968772,-0.1475569009780883,-0.361582487821579,0.1592143923044204
1631021262215,0.1045725494623184,-0.1501246839761734,-0.3704810738563537,0.2014396786689758
1631021262336,0.1231615841388702,-0.1631317883729934,-0.376055896282196,0.2504003047943115
1631021262461,0.1434315890073776,-0.185239091515541,-0.3742215037345886,0.2918086647987366
1631021262554,0.1827825307846069,-0.2101919203996658,-0.3631873428821563,0.3180610239505768
1631021262632,0.2477671056985855,-0.2307697087526321,-0.3485492765903473,0.3282472789287567
1631021262742,0.3192835450172424,-0.2427170127630233,-0.339302659034729,0.3287446498870849
1631021262854,0.3725076019763946,-0.2476489245891571,-0.3362947404384613,0.3268288075923919
1631021262994,0.3995437324047088,-0.2530967891216278,-0.3325333297252655,0.328741043806076
1631021263041,0.4062479734420776,-0.2692499458789825,-0.3251608610153198,0.3326363265514374
1631021263151,0.4041609764099121,-0.2952516973018646,-0.3209922909736633,0.3338719010353088
1631021263213,0.4032884836196899,-0.3154342174530029,-0.327458381652832,0.3291343748569488
1631021263369,0.4092473089694977,-0.3141343295574188,-0.3432282209396362,0.3235070407390594
1631021263447,0.422175794839859,-0.2890617549419403,-0.3567271530628204,0.3255057632923126
1631021263541,0.4377954602241516,-0.2406293600797653,-0.3554149866104126,0.3333463370800018
1631021263635,0.4503078460693359,-0.1757080852985382,-0.3378327488899231,0.3323590457439422
1631021263729,0.456297367811203,-0.1115214228630065,-0.3150681853294372,0.310945063829422
1631021263819,0.4541087448596954,-0.0687631890177726,-0.3014446198940277,0.2690522074699402
1631021263975,0.4404938817024231,-0.0526354238390922,-0.3091265857219696,0.2211281359195709
1631021264038,0.4339938163757324,-0.0489819943904876,-0.3369415998458862,0.1902668625116348
1631021264210,0.4079138338565826,-0.0196853913366794,-0.337035596370697,0.2255757451057434
1631021264272,0.3645249605178833,0.0792971402406692,-0.1948847472667694,0.3689510822296142
1631021264335,0.3230657577514648,0.2392981499433517,0.0659937933087349,0.571868896484375
1631021264428,0.3063374161720276,0.3978653252124786,0.3043699860572815,0.7498469948768616
1631021264553,0.3188713788986206,0.5131967067718506,0.4669781923294067,0.8697245121002197
1631021264709,0.5746065378189087,0.5778239965438843,0.5576644539833069,0.934406876564026
1631021264803,0.6583117842674255,0.6033390760421753,0.5976690053939819,0.9613378047943116
1631021264850,0.6751204133033752,0.6074851751327515,0.6118065714836121,0.969626784324646
1631021264928,0.6663004755973816,0.6039944887161255,0.6176323294639587,0.9709730744361876
1631021265053,0.6420424580574036,0.5962828397750854,0.6197826862335205,0.9694491624832152
1631021265225,0.6113536953926086,0.5838975310325623,0.6209091544151306,0.9684791564941406
1631021265319,0.5835041403770447,0.5685656666755676,0.6235644817352295,0.9710353016853333
1631021265381,0.5694570541381836,0.554964542388916,0.6295203566551208,0.9770775437355042
1631021265459,0.5738115906715393,0.5469574928283691,0.6379867196083069,0.9838101863861084
1631021265584,0.5499492287635803,0.5434299111366272,0.646223247051239,0.9875432252883912
1631021265678,0.5322241187095642,0.5353918075561523,0.6483845114707947,0.9805496335029602
1631021265834,0.5187878608703613,0.5051504373550415,0.6305516362190247,0.9496070146560668
1631021265912,0.5085704326629639,0.4293064177036285,0.5720772743225098,0.8785014748573303
1631021265990,0.5026453137397766,0.2905750870704651,0.4573579728603363,0.7606825828552246
1631021266069,0.5002582669258118,0.0909393355250358,0.2879322171211242,0.6112124919891357
1631021266178,0.3582876324653625,-0.1235471814870834,0.0993400737643241,0.4749161899089813
1631021266336,0.2702316045761108,-0.2646558582782745,-0.0401002131402492,0.3969259262084961
1631021266414,0.2367044389247894,-0.3092104494571686,-0.1033320054411888,0.3697691857814789
1631021266477,0.2269093543291092,-0.3156509101390838,-0.1271831542253494,0.3603198528289795
1631021266602,0.2401488870382309,-0.2991781532764435,-0.1268056184053421,0.35448157787323
1631021266696,0.2721963226795196,-0.2570661306381225,-0.1183167397975921,0.344715803861618
1631021266774,0.3131067752838135,-0.2012745589017868,-0.1204149574041366,0.3257398307323456
1631021266899,0.3471167087554931,-0.1489994823932647,-0.1461035758256912,0.2993649542331695
1631021267008,0.3639135956764221,-0.1112378537654876,-0.1924471259117126,0.2747984826564789
1631021267102,0.3645527958869934,-0.0900011956691742,-0.2454125583171844,0.2587426900863647
1631021267195,0.3588103652000427,-0.080858938395977,-0.2868177592754364,0.2525888383388519
1631021267307,0.3603846430778503,-0.0756622478365898,-0.3043376207351684,0.2478328645229339
1631021267386,0.3739466071128845,-0.067112348973751,-0.2983273565769195,0.2379266172647476
1631021267510,0.3877420425415039,-0.0575113147497177,-0.2823628485202789,0.2218548059463501
1631021267620,0.387576162815094,-0.0527365170419216,-0.2711424827575683,0.2088544517755508
1631021267698,0.3713957369327545,-0.0533054508268833,-0.2689753472805023,0.2086729705333709
1631021267807,0.3508036732673645,-0.0492313206195831,-0.2722505331039428,0.2193609029054641
1631021267902,0.3378486633300781,-0.0339226238429546,-0.276953637599945,0.2281015068292617
1631021268027,0.3549715280532837,-0.0218125879764556,-0.2702520787715912,0.2340832650661468
1631021268089,0.3666184246540069,-0.0138098187744617,-0.2729755342006683,0.2346692681312561
1631021268245,0.3633341193199157,-0.018427537754178,-0.2886180579662323,0.2327402979135513
1631021268339,0.3436814248561859,-0.0364158563315868,-0.3088200688362121,0.2322788387537002
1631021268417,0.3172838687896728,-0.0582557953894138,-0.3214565813541412,0.2337511032819748
1631021268527,0.3019571006298065,-0.069027304649353,-0.3228999376296997,0.2337447851896286
1631021268620,0.307579904794693,-0.0598403513431549,-0.321006715297699,0.2334191352128982
1631021268745,0.3225805163383484,-0.0353887043893337,-0.3281277120113373,0.2388709783554077
1631021268823,0.3162160217761993,-0.0090435957536101,-0.3534579575061798,0.2536645531654358
1631021268933,0.2568192780017853,0.0066815023310482,-0.4014471769332886,0.2717682421207428
1631021269026,0.1200310662388801,0.0128180729225277,-0.4626858830451965,0.2853099703788757
1631021269120,0.1200310662388801,0.0128180729225277,-0.5101268887519836,0.2853099703788757
1631021269276,0.1200310662388801,0.0128180729225277,-0.5101268887519836,0.2853099703788757
1631021269308,0.1200310662388801,0.0128180729225277,-0.5101268887519836,0.2853099703788757
1631021269448,0.1200310662388801,0.0128180729225277,-0.5101268887519836,0.2853099703788757
1631021269558,0.1200310662388801,0.0128180729225277,-0.5101268887519836,0.2853099703788757
1631021269698,0.1200310662388801,0.0128180729225277,-0.5101268887519836,0.2853099703788757
1631021269761,0.1200310662388801,0.0128180729225277,-0.5101268887519836,0.2853099703788757
1631021269854,0.1200310662388801,0.0128180729225277,-0.5101268887519836,0.2853099703788757
1631021269917,0.1200310662388801,0.0128180729225277,-0.5101268887519836,0.2853099703788757
1631021270057,0.1200310662388801,0.0128180729225277,-0.5101268887519836,0.2853099703788757
1631021270136,0.1200310662388801,0.0128180729225277,-0.5101268887519836,0.2853099703788757
1631021270245,0.1200310662388801,0.0313984490931034,0.3160199522972107,0.2853099703788757
1631021270341,0.1559043973684311,0.0157399214804172,0.3101621568202972,0.2853099703788757
1631021270450,0.156813845038414,-0.0185198597609996,0.2848612070083618,0.2853099703788757
1631021270513,0.1612991690635681,-0.0613306425511837,0.2493411749601364,0.2853099703788757
1631021270701,0.1848783791065216,-0.1031654179096221,0.2114465534687042,0.4684839844703674
1631021270763,0.1848783791065216,-0.1377473622560501,0.1763203740119934,0.5181977152824402
1631021270919,0.2642619907855987,-0.159931868314743,0.1462909430265426,0.5516958832740784
1631021270966,0.3308779299259186,-0.164825439453125,0.1235298216342926,0.5516958832740784
1631021271044,0.3741850256919861,-0.1502309739589691,0.1086163446307182,0.5516958832740784
1631021271169,0.3975539803504944,-0.1199502497911453,0.097580537199974,0.5516958832740784
1631021271263,0.4107358157634735,-0.0844066739082336,0.0853567719459533,0.5516958832740784
1631021271406,0.4203426837921142,-0.0549767762422561,0.0710888430476188,0.5516958832740784
1631021271500,0.4251853227615356,-0.0334362871944904,0.0514146611094474,0.5516958832740784
1631021271547,0.4413919448852539,-0.0237976144999265,0.0258402209728956,0.5761961340904236
1631021271672,0.4481342434883117,-0.0233930386602878,0.0027807736769318,0.6124389171600342
1631021271797,0.4509156346321106,-0.0246762055903673,-0.0109103443101048,0.6124389171600342
1631021271891,0.4628062844276428,-0.0166112314909696,-0.0163906812667846,0.6668342351913452
1631021272000,0.499163955450058,0.0146116064861416,-0.0160593520849943,0.7130674123764038
1631021272094,0.5161028504371643,0.0837350636720657,-0.0129780257120728,0.7509077787399292
1631021272156,0.529841959476471,0.1988457888364792,-2.855449383787345e-05,0.7819564938545227
1631021272266,0.529841959476471,0.2242915630340576,0.0180687587708234,0.7819564938545227
1631021272362,0.5227990746498108,0.2496570199728012,0.0382103882730007,0.7819564938545227
1631021272518,0.5062413811683655,0.2728608250617981,0.0568191520869731,0.7819564938545227
1631021272596,0.4881092309951782,0.291609913110733,0.0713538601994514,0.7819564938545227
1631021272690,0.4750452041625976,0.3044073581695556,0.085549458861351,0.7819564938545227
1631021272784,0.4658937752246856,0.312732994556427,0.1080001145601272,0.7819564938545227
1631021272868,0.4558757245540619,0.3222797214984894,0.1434941291809082,0.7819564938545227
1631021272992,0.4500970244407654,0.3382491171360016,0.1847083866596222,0.7819564938545227
1631021273086,0.4608981013298034,0.3639940321445465,0.2160567343235016,0.7819564938545227
1631021273211,0.4608981013298034,0.4032563269138336,0.2160567343235016,0.7819564938545227
1631021273295,0.4608981013298034,0.4604243040084839,0.2160567343235016,0.7819564938545227
1631021273370,0.4608981013298034,0.4604243040084839,0.2160567343235016,0.7819564938545227
1631021273463,0.4608981013298034,0.4604243040084839,0.2160567343235016,0.7819564938545227
1631021273588,0.4608981013298034,0.4604243040084839,0.2160567343235016,0.7819564938545227
1631021273729,0.4608981013298034,0.4604243040084839,0.2160567343235016,0.7819564938545227
1631021273807,0.4608981013298034,0.4604243040084839,0.2160567343235016,0.7819564938545227
1631021273901,0.4608981013298034,0.4604243040084839,0.2160567343235016,0.7819564938545227
1631021274010,0.4608981013298034,0.4604243040084839,0.2160567343235016,0.7819564938545227
1631021274104,0.4608981013298034,0.4604243040084839,0.2160567343235016,0.7819564938545227
1631021274198,0.4608981013298034,0.4604243040084839,0.2160567343235016,0.7819564938545227
1631021274325,0.4608981013298034,0.4604243040084839,0.2160567343235016,0.7819564938545227
1631021274419,0.4608981013298034,0.4604243040084839,0.2160567343235016,0.7819564938545227
1631021274512,0.4608981013298034,0.4604243040084839,0.2160567343235016,0.7819564938545227
1631021274606,0.4608981013298034,0.4604243040084839,0.2160567343235016,0.7819564938545227
1631021274700,0.4608981013298034,0.4604243040084839,0.2160567343235016,0.7819564938545227
1631021274794,0.4608981013298034,0.4604243040084839,0.2160567343235016,0.7819564938545227
1631021274903,0.4608981013298034,0.4604243040084839,0.2160567343235016,0.7819564938545227
1631021275028,0.5908721685409546,0.4604243040084839,0.4281210005283355,0.7819564938545227
1631021275106,0.5771215558052063,0.4604243040084839,0.4109899699687958,0.7819564938545227
1631021275247,0.5709668397903442,0.2881138324737549,0.3739674985408783,0.7819564938545227
1631021275328,0.5629187226295471,0.3894073665142059,0.3332902789115906,0.3115914762020111
1631021275406,0.5523950457572937,0.4500651955604553,0.2964243590831756,0.2836370170116424
1631021275562,0.5408648252487183,0.4660156369209289,0.2640718817710876,0.25145024061203
1631021275640,0.5315824151039124,0.4473118782043457,0.2351880222558975,0.2189580649137497
1631021275734,0.5250503420829773,0.4106678962707519,0.2086368650197982,0.1924590021371841
1631021275812,0.519062340259552,0.3710323274135589,0.1841866374015808,0.1714984029531479
1631021275922,0.5101622343063354,0.3348134458065033,0.1608409881591797,0.1511396765708923
1631021276015,0.4975218176841736,0.3038537502288818,0.1375985443592071,0.128570020198822
1631021276140,0.4828985035419464,0.2784965634346008,0.114742211997509,0.1069372072815895
1631021276250,0.4430681467056274,0.2588767111301422,0.0821041688323021,0.09494099766016
1631021276362,0.4272313416004181,0.243567869067192,0.0234135240316391,0.1012927517294883
1631021276487,0.4331494271755218,0.2441108524799347,-0.0648460090160369,0.1274068653583526
1631021276534,0.4404138326644897,0.2459357976913452,-0.1652362793684005,0.147129401564598
1631021276643,0.4355238676071167,0.2414626628160476,-0.2472943812608719,0.1792132705450058
1631021276768,0.4176762998104095,0.2170777916908264,-0.29603311419487,0.2089554965496063
1631021276862,0.4101555943489074,0.1599888056516647,-0.3199431300163269,0.2416922599077224
1631021276955,0.4051392376422882,0.0786131173372268,-0.3394242823123932,0.2475926578044891
1631021277049,0.4025015234947204,0.0008185629849322,-0.3590495884418487,0.2600778639316559
1631021277159,0.399157166481018,-0.0377380177378654,-0.3791332244873047,0.2783047258853912
1631021277237,0.3933085799217224,-0.030431430786848,-0.3982394337654114,0.2991471886634826
1631021277365,0.3868999779224396,-0.0002719855401664,-0.4173590540885925,0.3223792016506195
1631021277506,0.3869977593421936,0.03706556558609,-0.43266361951828,0.3511781990528106
1631021277584,0.3995575308799743,0.0758537948131561,-0.4364454448223114,0.3886318504810333
1631021277630,0.4254979193210602,0.1143361404538154,-0.4268681406974792,0.4340065419673919
1631021277724,0.4510101974010467,0.1512128263711929,-0.4144805371761322,0.4816629588603973
1631021277880,0.4590573310852051,0.1910595595836639,-0.4072676002979278,0.5234400033950806
1631021277990,0.4590573310852051,0.1910595595836639,-0.4072676002979278,0.551807701587677
1631021278099,0.4590573310852051,0.1910595595836639,-0.4072676002979278,0.551807701587677
1631021278177,0.4590573310852051,0.1910595595836639,-0.4072676002979278,0.551807701587677
1631021278255,0.4590573310852051,0.1910595595836639,-0.4072676002979278,0.551807701587677
1631021278352,0.4590573310852051,0.1910595595836639,-0.4072676002979278,0.551807701587677
1631021278477,0.3302988111972809,0.1910595595836639,0.088136188685894,0.3439498245716095
1631021278680,0.3531779646873474,0.1910595595836639,0.1061867848038673,0.3002646267414093
1631021278711,0.3852584064006805,0.1910595595836639,0.1157616674900055,0.2944331467151642
1631021278758,0.4369021356105804,0.1910595595836639,0.1193578392267227,0.354637861251831
1631021278868,0.5057571530342102,0.1910595595836639,0.1195688098669052,0.460049569606781
1631021278961,0.56833416223526,0.1910595595836639,0.1159477457404136,0.5700503587722778
1631021279039,0.6100829839706421,0.1910595595836639,0.1111608296632766,0.6588724255561829
1631021279196,0.637942373752594,0.1910595595836639,0.1073978692293167,0.7179062366485596
1631021279305,0.6684281229972839,0.1910595595836639,0.1025052443146705,0.7484108209609985
1631021279402,0.7143540382385254,0.1910595595836639,0.0950383022427558,0.7611488699913025
1631021279464,0.7638950347900391,0.1910595595836639,0.0853900760412216,0.7661174535751343
1631021279558,0.7980836033821106,0.1910595595836639,0.0753053948283195,0.7682150602340698
1631021279651,0.8259134888648987,0.1910595595836639,0.0696383938193321,0.7788242697715759
1631021279803,0.8342761397361755,0.1910595595836639,0.0669304803013801,0.7840085029602051
1631021279884,0.8340662717819214,0.1910595595836639,0.0659659132361412,0.7926037311553955
1631021280015,0.833128035068512,0.1910595595836639,0.0667391270399093,0.812105119228363
1631021280114,0.8315386176109314,0.1910595595836639,0.0715164616703987,0.837932825088501
1631021280198,0.8257298469543457,0.1910595595836639,0.0789178758859634,0.8580377697944641
1631021280292,0.8109079003334045,0.1910595595836639,0.0846495181322097,0.8604937791824341
1631021280436,0.7839819192886353,0.1910595595836639,0.0859436392784118,0.8413519859313965
1631021280512,0.7485861778259277,0.1910595595836639,0.0887363404035568,0.8031757473945618
1631021280613,0.7124412655830383,0.1910595595836639,0.0974099412560463,0.7522711753845215
1631021280717,0.677284300327301,0.1910595595836639,0.1078140661120414,0.6983227133750916
1631021280822,0.6339535117149353,0.1910595595836639,0.1142118200659751,0.6524154543876648
1631021280902,0.5636295676231384,0.1910595595836639,0.1125649064779281,0.6155402660369873
1631021281029,0.4629177153110504,0.1910595595836639,0.1061379089951515,0.5832815170288086
1631021281107,0.3591533899307251,0.1910595595836639,0.0994457304477691,0.5566402673721313
1631021281232,0.3082171976566314,-0.2375950366258621,0.0950920954346656,0.550287127494812
1631021281326,0.3370124399662018,-0.1822387129068374,0.0971252992749214,0.5656647086143494
1631021281404,0.41155606508255,-0.1165221408009529,0.1113480404019355,0.5809842944145203
1631021281544,0.4868884086608886,-0.0628482699394226,0.1331425756216049,0.5752426981925964
1631021281669,0.5365222096443176,-0.0231115818023681,0.1483898758888244,0.5468064546585083
1631021281732,0.562894344329834,-0.0231115818023681,0.1554223150014877,0.5140116214752197
1631021281825,0.5832070708274841,-0.0231115818023681,0.1512787342071533,0.5008223652839661
1631021281950,0.6100221276283264,-0.0231115818023681,0.1522416472434997,0.5073474645614624
1631021282029,0.6403754949569702,-0.0231115818023681,0.1543615013360977,0.5250864624977112
1631021282122,0.6721459627151489,-0.0231115818023681,0.1513838768005371,0.545198380947113
1631021282247,0.7048164010047913,-0.0231115818023681,0.1449867188930511,0.5640103816986084
1631021282341,0.7387531399726868,-0.0231115818023681,0.1450759917497635,0.5819800496101379
1631021282450,0.7740775346755981,-0.0097065977752208,0.1635248661041259,0.6032418608665466
1631021282560,0.8078725934028625,0.0306944288313388,0.1995008289813995,0.6293915510177612
1631021282606,0.8377085328102112,0.0764301642775535,0.2461786121129989,0.6528555750846863
1631021282747,0.8649014234542847,0.1198212504386901,0.2977503538131714,0.6579656004905701
1631021282841,0.8834545016288757,0.1198212504386901,0.3432676792144775,0.6313644051551819
1631021282950,0.8834545016288757,0.1198212504386901,0.3432676792144775,0.6313644051551819
1631021283075,0.8834545016288757,0.1198212504386901,0.3432676792144775,0.6313644051551819
1631021283153,0.8834545016288757,0.1198212504386901,0.3432676792144775,0.6313644051551819
1631021283216,0.8834545016288757,0.1198212504386901,0.3432676792144775,0.6313644051551819
1631021283331,0.8834545016288757,0.1198212504386901,0.3432676792144775,0.6313644051551819
1631021283469,0.8834545016288757,0.1198212504386901,0.3432676792144775,0.6313644051551819
1631021283547,0.8834545016288757,0.1198212504386901,0.3432676792144775,0.6313644051551819
1631021283703,0.8834545016288757,0.1198212504386901,0.3432676792144775,0.6313644051551819
1631021283766,0.8834545016288757,0.1198212504386901,0.3432676792144775,0.6313644051551819
1631021283828,0.8834545016288757,0.1198212504386901,0.3432676792144775,0.6313644051551819
1631021283922,0.8834545016288757,0.1198212504386901,0.3432676792144775,0.6313644051551819
1631021284062,0.8834545016288757,0.1198212504386901,0.3432676792144775,0.6313644051551819
1631021284172,0.8834545016288757,0.1198212504386901,0.3432676792144775,0.6313644051551819
1631021284271,0.8834545016288757,0.1198212504386901,0.3432676792144775,0.6313644051551819
1631021284352,0.8834545016288757,0.1198212504386901,0.3432676792144775,0.6313644051551819
1631021284446,0.8834545016288757,0.1198212504386901,0.3432676792144775,0.6313644051551819
1631021284571,0.8834545016288757,0.1198212504386901,0.3432676792144775,0.6313644051551819
1631021284711,0.8834545016288757,0.1198212504386901,0.3432676792144775,0.6313644051551819
1631021284790,0.8834545016288757,0.1198212504386901,0.3432676792144775,0.6313644051551819
1631021284883,0.8834545016288757,0.1198212504386901,0.5733855962753296,0.839599072933197
1631021284946,0.8834545016288757,0.1198212504386901,0.4822430908679962,0.770146369934082
1631021285071,0.8834545016288757,0.1198212504386901,0.4091993868350982,0.7133311629295349
1631021285133,0.8834545016288757,0.1198212504386901,0.3500133156776428,0.6720665097236633
1631021285331,0.5246972441673279,0.1198212504386901,0.2998175621032715,0.6398845911026001
1631021285388,0.5207650065422058,0.1198212504386901,0.2553280591964721,0.6107496619224548
1631021285467,0.4898134171962738,0.1198212504386901,0.2163616716861724,0.5832569599151611
1631021285560,0.454218715429306,-0.1135366335511207,0.1833603084087371,0.5582970380783081
1631021285686,0.4318772256374359,-0.1832449436187744,0.156433954834938,0.5357930064201355
1631021285796,0.4236837029457092,-0.2352082729339599,0.1352626681327819,0.5167322158813477
1631021285889,0.4189586043357849,-0.2825667560100555,0.1192289888858795,0.5026112198829651
1631021285999,0.405696839094162,-0.3277953565120697,0.1055658310651779,0.4945574700832367
1631021286092,0.405696839094162,-0.3582658767700195,-0.122009590268135,0.4086518883705139
1631021286155,0.405696839094162,-0.3582658767700195,-0.3233000338077545,0.3278913497924804
1631021286280,0.405696839094162,-0.3582658767700195,-0.4145659506320953,0.2690777480602264
1631021286392,0.405696839094162,-0.3582658767700195,-0.4233722984790802,0.2418119311332702
1631021286501,0.4157367944717407,-0.3582658767700195,-0.4034576714038849,0.2403327375650406
1631021286654,0.408364325761795,-0.3582658767700195,-0.3821286559104919,0.2453705072402954
1631021286725,0.3726014196872711,-0.3582658767700195,-0.3645260632038116,0.2413536459207534
1631021286834,0.3194422721862793,-0.5259761214256287,-0.343757152557373,0.2315950542688369
1631021286885,0.279128223657608,-0.6885819435119629,-0.311969131231308,0.2268518358469009
1631021287043,0.2770025432109833,-0.7558504343032837,-0.2724532783031463,0.2324015796184539
1631021287154,0.3050462603569031,-0.7621774077415466,-0.231185108423233,0.2468154430389404
1631021287246,0.3050462603569031,-0.7789221405982971,-0.231185108423233,0.2468154430389404
1631021287334,0.3050462603569031,-0.7789221405982971,-0.231185108423233,0.2468154430389404
1631021287395,0.3050462603569031,-0.7789221405982971,-0.231185108423233,0.2468154430389404
1631021287515,0.3050462603569031,-0.7789221405982971,-0.231185108423233,0.2468154430389404
1631021287619,0.3050462603569031,-0.7789221405982971,-0.231185108423233,0.3218297362327575
1631021287730,0.3050462603569031,-0.7789221405982971,-0.6568016409873962,0.3218297362327575
1631021287839,0.3050462603569031,-0.7789221405982971,-0.4553124904632568,0.3218297362327575
1631021287933,0.3050462603569031,-0.7789221405982971,0.0302945300936698,0.3218297362327575
1631021288027,0.3050462603569031,-0.7789221405982971,0.4878077507019043,0.3218297362327575
1631021288152,0.3050462603569031,-0.7789221405982971,0.802574098110199,0.3218297362327575
1631021288214,0.3050462603569031,-0.7789221405982971,0.991994857788086,0.3218297362327575
1631021288332,0.3050462603569031,-0.7789221405982971,1.0857948064804075,0.3218297362327575
1631021288437,0.3050462603569031,-0.7789221405982971,1.1120022535324097,0.3218297362327575
1631021288530,0.3050462603569031,-0.7789221405982971,1.0998231172561646,0.3218297362327575
1631021288655,0.3050462603569031,-0.7789221405982971,1.0759592056274414,0.3218297362327575
1631021288749,0.3050462603569031,-0.7789221405982971,1.0545518398284912,0.3218297362327575
1631021288796,0.3050462603569031,-0.7789221405982971,1.036996603012085,0.3218297362327575
1631021288936,0.3050462603569031,-0.7789221405982971,1.0464943647384644,0.3218297362327575
1631021289046,0.3050462603569031,-0.7789221405982971,1.052425980567932,0.3218297362327575
1631021289186,0.3050462603569031,-0.7789221405982971,1.0554659366607666,0.3218297362327575
1631021289296,0.3050462603569031,-0.7789221405982971,1.0577565431594849,0.3218297362327575
1631021289346,0.3819869458675384,0.6821476817131042,1.0584696531295776,0.2463303953409195
1631021289455,0.3406391739845276,0.7358273267745972,1.0496152639389038,0.294415533542633
1631021289580,0.3024316430091858,0.7564219236373901,1.011781096458435,0.3549040257930755
1631021289643,0.2689472734928131,0.7444031238555908,0.9230200052261353,0.4070542156696319
1631021289768,0.2392946928739547,0.713437557220459,0.7709236145019531,0.4354260861873626
1631021289846,0.2152164429426193,0.6769731044769287,0.5665277242660522,0.4376093447208404
1631021289940,0.1990316659212112,0.6396642923355103,0.3676201105117798,0.4199097156524658
1631021290002,0.1931915432214737,0.6030569076538086,0.2488504946231842,0.3934735953807831
1631021290158,0.1973680704832077,0.5689812898635864,0.1896486133337021,0.3691923022270202
1631021290252,0.206972599029541,0.5384901762008667,0.1253717243671417,0.3533188104629516
1631021290411,0.2149063050746917,0.5114173889160156,0.0386449471116066,0.3450232744216919
1631021290458,0.2179652452468872,0.4869882762432098,-0.046724297106266,0.3388409316539764
1631021290536,0.1926102340221405,0.4379309415817261,-0.0973052456974983,0.3316096365451813
1631021290630,0.178175076842308,0.4114226102828979,-0.1093776524066925,0.3393079340457916
1631021290817,0.1802982240915298,0.3785203099250793,-0.1096657142043113,0.355227917432785
1631021290895,0.1983010470867157,0.3113007843494415,-0.1153346374630928,0.366578459739685
1631021291000,0.2237116545438766,0.2049142569303512,-0.1307830810546875,0.3614372313022613
1631021291051,0.2471545934677124,0.0811055451631546,-0.1532095819711685,0.335984319448471
1631021291160,0.2664662003517151,-0.020663134753704,-0.1742562651634216,0.2984652817249298
1631021291239,0.2848303616046905,-0.0757219865918159,-0.1868397295475006,0.2639215588569641
1631021291399,0.3077050745487213,-0.0964489802718162,-0.1910425275564193,0.241575539112091
1631021291462,0.3438812494277954,-0.0978685766458511,-0.1915424168109893,0.2319363355636596
1631021291571,0.3919050991535187,-0.0933469533920288,-0.1913611590862274,0.232404887676239
1631021291665,0.4388463795185089,-0.0933252796530723,-0.1927414089441299,0.2380218356847763
1631021291790,0.4708993434906006,-0.0995786860585212,-0.2006019651889801,0.2434703856706619
1631021291883,0.4849261045455932,-0.1052502244710922,-0.2200468182563781,0.246706947684288
1631021292040,0.4861619472503662,-0.1050602868199348,-0.244772657752037,0.2550279200077057
1631021292102,0.4828696846961975,-0.0988570228219032,-0.2590830028057098,0.2737507820129394
1631021292180,0.4772546291351318,-0.0944259092211723,-0.2575947940349579,0.2967005968093872
1631021292290,0.4698202013969421,-0.0992728769779205,-0.2513144910335541,0.3149259090423584
1631021292435,0.4613404273986816,-0.1161130145192146,-0.2523225545883178,0.3275642395019531
1631021292513,0.4533779919147491,-0.1377554833889007,-0.259354293346405,0.3373247683048248
1631021292623,0.4463558197021484,-0.1549921482801437,-0.2636682093143463,0.3422673046588897
1631021292701,0.4393660426139831,-0.1672545373439788,-0.260809063911438,0.3383669555187225
1631021292779,0.4311296641826629,-0.182805985212326,-0.2537131607532501,0.3273943960666656
1631021292888,0.4180485308170318,-0.20541612803936,-0.2459069639444351,0.3162326514720917
1631021292982,0.3890323638916015,-0.2290048152208328,-0.2402441352605819,0.3097112476825714
1631021293122,0.3349246680736542,-0.2432276010513305,-0.2400686740875244,0.3048042058944702
1631021293201,0.2576614916324615,-0.2466275542974472,-0.2491996437311172,0.2994619905948639
1631021293326,0.1775199174880981,-0.247663140296936,-0.2682899832725525,0.2933506369590759
1631021293407,0.1225638762116432,-0.2582646906375885,-0.2941535711288452,0.2854479849338531
1631021293501,0.1110485568642616,-0.2801082730293274,-0.3244408965110779,0.2687467336654663
1631021293610,0.1370498538017273,-0.3090516924858093,-0.361191838979721,0.2374799251556396
1631021293688,0.1852931529283523,-0.3398656547069549,-0.406574010848999,0.1926349848508834
1631021293829,0.1850174218416214,-0.3613755106925964,-0.4427104592323303,0.1427706182003021
1631021293892,0.1781704276800155,-0.3938066959381103,-0.4996830821037292,0.0813890025019645
1631021294001,0.1673037856817245,-0.422731339931488,-0.539955198764801,0.020142400637269
1631021294110,0.15853813290596,-0.4485802054405212,-0.5568445324897766,-0.0234045535326004
1631021294219,0.1567463129758834,-0.4703688323497772,-0.5628448724746704,-0.0398824885487556
1631021294298,0.1613042056560516,-0.4826626777648926,-0.568297803401947,-0.0358640998601913
1631021294442,0.1685426980257034,-0.4836503863334656,-0.5763217210769653,-0.0206883549690246
1631021294520,0.1820211857557296,-0.4801313579082489,-0.5848054885864258,0.0012343924026936
1631021294598,0.2098448276519775,-0.4786936640739441,-0.5913062691688538,0.0290284007787704
1631021294707,0.2577319145202636,-0.4744248390197754,-0.5858947038650513,0.0485525988042354
1631021294801,0.3241060972213745,-0.4519566595554352,-0.5541612505912781,0.0446740128099918
1631021294895,0.3241060972213745,-0.3997101485729217,-0.4879391491413116,0.0446740128099918
1631021295051,0.3241060972213745,-0.2102576345205307,-0.4879391491413116,0.0446740128099918
1631021295160,0.3241060972213745,-0.1145542711019516,-0.4879391491413116,0.0446740128099918
1631021295254,0.3241060972213745,-0.0897752344608306,-0.4879391491413116,0.0446740128099918
1631021295394,0.3241060972213745,-0.1272928118705749,-0.4879391491413116,0.0446740128099918
1631021295457,0.6828922033309937,-0.1911644786596298,0.1947691738605499,0.6309617757797241
1631021295504,0.6361722946166992,-0.2506337463855743,0.1266416907310485,0.5924903154373169
1631021295660,0.5885393023490906,-0.3023925423622131,0.0792601555585861,0.5471049547195435
1631021295769,0.5382111668586731,-0.3406595885753631,0.0480427742004394,0.4957190454006195
1631021295863,0.4910955131053924,-0.3635241687297821,0.0247382298111915,0.4460086226463318
1631021295941,0.4495185911655426,-0.3747514188289642,0.0044374796561896,0.4022009968757629
1631021296051,0.4118033349514007,-0.3803940713405609,-0.0131376832723617,0.3661400079727173
1631021296144,0.3767987191677093,-0.3849480450153351,-0.0282132849097251,0.3386926651000976
1631021296285,0.3463740944862366,-0.3910825848579407,-0.0429774075746536,0.3177755177021026
1631021296350,0.3232108950614929,-0.4000226557254791,-0.0594483576714992,0.2988578379154205
1631021296444,0.3090473711490631,-0.4116221666336059,-0.0706019252538681,0.2793601751327514
1631021296537,0.3014536201953888,-0.4763326346874237,-0.0444295145571231,0.2602601647377014
1631021296678,0.1791597455739975,-0.5318803191184998,-0.0028407841455191,0.1472843140363693
1631021296740,0.0985426530241966,-0.5568558573722839,0.1471569985151291,0.0705614537000656
1631021296865,0.0425617359578609,-0.5529148578643799,0.2983753979206085,0.0202159266918897
1631021296959,-0.0223138481378555,-0.5386685729026794,0.3998005986213684,-0.0313396453857421
1631021297068,-0.0848716050386428,-0.5243929624557495,0.4544338583946228,-0.0754232332110405
1631021297178,-0.1204352229833602,-0.5114440321922302,0.4791958630084991,-0.0951948016881942
1631021297240,-0.126605287194252,-0.4847031533718109,0.5049788355827332,-0.0939716398715972
1631021297352,-0.1206486001610755,-0.4770221412181854,0.5328975915908813,-0.0783513337373733
1631021297493,-0.1109668090939521,-0.4759291708469391,0.564020037651062,-0.0591097548604011
1631021297571,-0.0958903059363365,-0.4789470434188843,0.5987948775291443,-0.0431336984038353
1631021297696,-0.073748841881752,-0.4828206896781921,0.6378709673881531,-0.0361269190907478
1631021297758,-0.0516793094575405,-0.4838792979717254,0.6827435493469238,-0.0377156510949134
1631021297883,-0.0416038110852241,-0.4783660173416137,0.7354335188865662,-0.0383080914616584
1631021297930,-0.0590641647577285,-0.4636462926864624,0.7959146499633789,-0.0283483359962701
1631021298134,-0.1151744127273559,-0.4468026757240295,0.8556533455848694,-0.0085538979619741
1631021298165,-0.2049134224653244,-0.4376018047332763,0.8949580788612366,0.0117929633706808
1631021298258,-0.2900928258895874,-0.4429802000522613,0.8949580788612366,0.0254637468606233
1631021298370,-0.2900928258895874,-0.4616946280002594,0.8949580788612366,0.0254637468606233
1631021298464,-0.2900928258895874,-0.4616946280002594,0.8949580788612366,0.0254637468606233
1631021298589,-0.2900928258895874,-0.4616946280002594,0.8949580788612366,0.0254637468606233
1631021298698,-0.2900928258895874,-0.4616946280002594,0.8949580788612366,0.0254637468606233
1631021298839,-0.2900928258895874,-0.4616946280002594,0.8949580788612366,0.0254637468606233
1631021298901,-0.2900928258895874,-0.4616946280002594,0.8949580788612366,0.0254637468606233
1631021299011,-0.2900928258895874,-0.4616946280002594,0.8949580788612366,0.0254637468606233
1631021299104,-0.2900928258895874,-0.4616946280002594,0.8949580788612366,0.0254637468606233
1631021299167,-0.2900928258895874,-0.4616946280002594,0.8949580788612366,0.0254637468606233
1631021299334,-0.2900928258895874,-0.4616946280002594,0.8949580788612366,0.0254637468606233
1631021299421,-0.2900928258895874,-0.4616946280002594,0.8949580788612366,0.0254637468606233
1631021299483,-0.2900928258895874,-0.4616946280002594,0.8949580788612366,0.0254637468606233
1631021299624,-0.2900928258895874,-0.4616946280002594,0.8949580788612366,0.0254637468606233
1631021299686,-0.2900928258895874,-0.4616946280002594,0.8949580788612366,0.0254637468606233
1631021299811,-0.2900928258895874,-0.4616946280002594,0.8949580788612366,0.0254637468606233
1631021299936,-0.2900928258895874,-0.4616946280002594,0.8949580788612366,0.0254637468606233
1631021300046,-0.2900928258895874,-0.4616946280002594,0.8949580788612366,0.0254637468606233
1631021300108,-0.2900928258895874,-0.4616946280002594,0.8949580788612366,0.0254637468606233
1631021300218,-0.2900928258895874,-0.4616946280002594,0.8949580788612366,0.0254637468606233
1631021300280,-0.2900928258895874,-0.4616946280002594,0.8949580788612366,0.0254637468606233
1631021300376,-0.2900928258895874,-0.4616946280002594,0.8949580788612366,0.0254637468606233
1631021300532,-0.2900928258895874,-0.4616946280002594,0.8949580788612366,0.0254637468606233
1631021300641,-0.2900928258895874,-0.4616946280002594,0.8949580788612366,0.0254637468606233
1631021300704,-0.2900928258895874,-0.4616946280002594,0.8949580788612366,0.0254637468606233
1631021300798,-0.2900928258895874,-0.4616946280002594,0.8949580788612366,0.0254637468606233
1631021300891,-0.2900928258895874,-0.4616946280002594,0.8949580788612366,0.0254637468606233
1631021301001,-0.2900928258895874,-0.4616946280002594,0.8949580788612366,0.0254637468606233
1631021301110,-0.2900928258895874,-0.4616946280002594,0.8949580788612366,0.0254637468606233
1631021301251,-0.2900928258895874,-0.4616946280002594,0.8949580788612366,0.0254637468606233
1631021301313,-0.2900928258895874,-0.4616946280002594,0.8949580788612366,0.0254637468606233
1631021301409,-0.2900928258895874,-0.4616946280002594,0.8949580788612366,0.0254637468606233
1631021301519,-0.2900928258895874,-0.4616946280002594,0.8949580788612366,0.0254637468606233
1631021301612,-0.2900928258895874,-0.4616946280002594,0.8949580788612366,0.0254637468606233
1631021301769,-0.2900928258895874,-0.4616946280002594,0.8949580788612366,0.0254637468606233
1631021301847,-0.2900928258895874,-0.4616946280002594,0.8949580788612366,0.0254637468606233
1631021301956,-0.2900928258895874,-0.4616946280002594,0.8949580788612366,0.0254637468606233
1631021302019,-0.2900928258895874,-0.4616946280002594,0.8949580788612366,0.0254637468606233
1631021302159,-0.2900928258895874,-0.4616946280002594,0.8949580788612366,0.0254637468606233
1631021302206,-0.2900928258895874,-0.4616946280002594,0.8949580788612366,0.0254637468606233
1631021302382,-0.2900928258895874,-0.4616946280002594,0.8949580788612366,0.0254637468606233
1631021302460,-0.2900928258895874,-0.4616946280002594,0.8949580788612366,0.0254637468606233
1631021302554,-0.2900928258895874,-0.4616946280002594,0.8949580788612366,0.0254637468606233
1631021302632,-0.2900928258895874,-0.4616946280002594,0.8949580788612366,0.0254637468606233
1631021302726,-0.2900928258895874,-0.4616946280002594,0.8949580788612366,0.0254637468606233
1631021302835,-0.2900928258895874,-0.4616946280002594,0.8949580788612366,0.0254637468606233
1631021302976,-0.2900928258895874,-0.4616946280002594,0.8949580788612366,0.0254637468606233
1631021303054,-0.2900928258895874,-0.4616946280002594,0.8949580788612366,0.0254637468606233
1631021303147,0.5033519268035889,0.3905898928642273,-0.0633042603731155,0.0254637468606233
1631021303257,0.6032068729400635,0.5716152191162109,0.0023255781270563,0.2055336087942123
1631021303340,0.6761131882667542,0.6742512583732605,0.0416265241801738,0.260719895362854
1631021303480,0.7067388892173767,0.7077580690383911,0.0501543246209621,0.2871113717556
1631021303543,0.7006592750549316,0.692497193813324,0.0416381023824214,0.2992793321609497
1631021303684,0.676217794418335,0.6542555093765259,0.041549764573574,0.3185004889965057
1631021303762,0.6520576477050781,0.6138058304786682,0.0604916550219059,0.3588747382164001
1631021303840,0.632807195186615,0.5782141089439392,0.0839852839708328,0.4088111221790313
1631021303965,0.6161423325538635,0.5462258458137512,0.0929737314581871,0.4476458430290222
1631021304121,0.6161423325538635,0.5180578827857971,0.0929737314581871,0.4476458430290222
1631021304199,0.6161423325538635,0.5039021968841553,0.0929737314581871,0.4476458430290222
1631021304277,0.6161423325538635,0.5295640826225281,0.0929737314581871,0.4476458430290222
1631021304358,0.6353099346160889,0.6314225196838379,0.1084334105253219,0.4476458430290222
1631021304452,0.6526678204536438,0.7497725486755371,0.1288363635540008,0.4770220518112182
1631021304608,0.666360080242157,0.8409742116928101,0.1471867263317108,0.5039047002792358
1631021304639,0.663168728351593,0.8835675716400146,0.1540894955396652,0.5258327126502991
1631021304795,0.6251516342163086,0.8813191056251526,0.1478005647659301,0.5425364375114441
1631021304889,0.5465429425239563,0.8554800152778625,0.1388868987560272,0.5587288737297058
1631021304983,0.4456108808517456,0.8356975317001343,0.1466079354286193,0.5846275091171265
1631021305077,0.3722700774669647,0.8401730060577393,0.1803901046514511,0.6255936622619629
1631021305202,0.3722700774669647,0.8650120496749878,0.1803901046514511,0.6255936622619629
1631021305264,0.3722700774669647,0.8931168913841248,0.1803901046514511,0.6255936622619629
1631021305422,0.3722700774669647,0.9139240980148317,0.1803901046514511,0.6255936622619629
1631021305485,0.3722700774669647,0.9288890957832336,0.1803901046514511,0.6255936622619629
1631021305578,0.3722700774669647,0.9445907473564148,0.0728893652558326,0.7925252914428711
1631021305672,0.5600142478942871,0.9600899815559388,0.1877548694610595,0.7297992706298828
1631021305782,0.5600142478942871,0.9702333211898804,0.1877548694610595,0.7297992706298828
1631021305875,0.5600142478942871,0.953289270401001,0.1877548694610595,0.7297992706298828
1631021306000,0.5600142478942871,0.9009974598884584,0.1877548694610595,0.7297992706298828
1631021306094,0.5600142478942871,0.8234480619430542,0.1877548694610595,0.7297992706298828
1631021306203,0.5600142478942871,0.7554483413696289,0.1877548694610595,0.7297992706298828
1631021306313,0.5600142478942871,0.7334886789321899,0.1877548694610595,0.7297992706298828
1631021306441,0.5600142478942871,0.7560744881629944,0.1877548694610595,0.7297992706298828
1631021306504,0.5600142478942871,0.7887171506881714,0.1877548694610595,0.7297992706298828
1631021306629,0.5600142478942871,0.8047887682914734,0.1877548694610595,0.7297992706298828
1631021306738,0.5600142478942871,0.7920739650726318,0.1877548694610595,0.7297992706298828
1631021306832,0.5600142478942871,0.7620988488197327,0.2418423146009445,0.6531568765640259
1631021306894,0.5600142478942871,0.7620988488197327,0.2418423146009445,0.6531568765640259
1631021307050,0.5600142478942871,0.7620988488197327,0.2418423146009445,0.6531568765640259
1631021307160,0.5600142478942871,0.7620988488197327,0.2418423146009445,0.6531568765640259
1631021307222,0.5600142478942871,0.7620988488197327,0.2418423146009445,0.6531568765640259
1631021307397,0.5600142478942871,-0.2226293087005615,-0.4775815010070801,-0.109793409705162
1631021307444,0.2410456389188766,-0.1968824863433838,-0.4175833463668823,0.0382459573447704
1631021307507,0.2472279369831085,-0.172928974032402,-0.3186567425727844,0.1455436497926712
1631021307616,0.2408324927091598,-0.1542872339487075,-0.2253164649009704,0.1975426971912384
1631021307694,0.2298815697431564,-0.142357051372528,-0.1718365252017974,0.2034735828638076
1631021307850,0.2244192361831665,-0.1399326473474502,-0.1627080738544464,0.1863501220941543
1631021307929,0.236308068037033,-0.1430792212486267,-0.1826253831386566,0.172242060303688
1631021308038,0.2656355500221252,-0.1416437029838562,-0.2050761133432388,0.1727504283189773
1631021308116,0.3014445900917053,-0.1309570074081421,-0.187039315700531,0.1807207018136978
1631021308194,0.3285553753376007,-0.1186614260077476,-0.0824964717030525,0.1836646050214767
1631021308303,0.3375442028045654,-0.1147648617625236,0.0754420012235641,0.175853818655014
1631021308479,0.3291734755039215,-0.1219104751944542,0.2113100737333297,0.160753071308136
1631021308541,0.314096987247467,-0.1298477798700332,0.3168204724788666,0.1619004160165786
1631021308666,0.3124596774578094,-0.1348505020141601,0.3685570061206817,0.1677183359861374
1631021308728,0.3247109055519104,-0.1360014975070953,0.3854872286319732,0.1731248348951339
1631021308807,0.3472076058387756,-0.1363552361726761,0.3882814645767212,0.1637888997793197
1631021308932,0.3517153263092041,-0.1261341422796249,0.4113260507583618,0.1443017721176147
1631021309103,0.3573375940322876,-0.0448591411113739,0.4316910803318023,0.1058857887983322
1631021309181,0.3677794635295868,0.1780381947755813,0.4502560496330261,0.0652805268764495
1631021309244,0.3826657235622406,0.4530237019062042,0.4721085727214813,0.044863287359476
1631021309353,0.3983151912689209,0.6738878488540649,0.5026915073394775,0.0474833436310291
1631021309447,0.406091034412384,0.8157523274421692,0.5432403683662415,0.0505260489881038
1631021309510,0.3979272842407226,0.8897087574005127,0.5903298258781433,0.0316349267959594
1631021309666,0.3700920045375824,0.9161588549613952,0.6349993348121643,-0.01353888399899
1631021309775,0.3312161266803741,0.9445044994354248,0.657313883304596,-0.0676093623042106
1631021309853,0.3076483309268951,0.9760013818740844,0.6304515600204468,-0.0980489701032638
1631021309963,0.3303900063037872,1.0115665197372437,0.5316862463951111,-0.0889995917677879
1631021310056,0.3303900063037872,1.0513849258422852,0.5316862463951111,-0.0889995917677879
1631021310150,0.3303900063037872,1.0540337562561035,0.5316862463951111,-0.0889995917677879
1631021310275,0.3303900063037872,1.0555847883224487,0.5316862463951111,-0.0889995917677879
1631021310353,0.3303900063037872,1.0556379556655884,0.5316862463951111,-0.0889995917677879
1631021310478,0.3855367302894592,1.0535119771957395,-0.0691345408558845,0.5537050366401672
1631021310556,0.3721533715724945,1.043691635131836,-0.1171969622373581,0.4963718056678772
1631021310697,0.3444271683692932,1.0075945854187012,-0.1405107527971267,0.446148931980133
1631021310790,0.3136700987815857,0.916877031326294,-0.1538812071084976,0.4003910422325134
1631021310900,0.2822807133197784,0.74336838722229,-0.1687523871660232,0.3569390773773193
1631021310994,0.2502220273017883,0.4600751101970672,-0.1858877688646316,0.315415471792221
1631021311087,0.2186587154865265,0.0385503321886062,-0.1973483264446258,0.2768069505691528
1631021311212,0.1881812810897827,0.0259779095649719,-0.1965901106595993,0.2406421601772308
1631021311290,0.1605076193809509,0.0098359528928995,-0.1850451380014419,0.20700703561306
1631021311384,0.1388721466064453,-0.0080045033246278,-0.1725609004497528,0.1768278777599334
1631021311493,0.1278672069311142,-0.0258206576108932,-0.1687945127487182,0.1528810411691665
1631021311572,0.1285004913806915,-0.0422160886228084,-0.1760887205600738,0.1375758349895477
1631021311728,0.1235149428248405,-0.0653069466352462,-0.2223317772150039,0.0551021136343479
1631021311821,0.1039873138070106,-0.0864875987172126,-0.2674773931503296,-0.0349617525935173
1631021311868,0.064910888671875,-0.0978062003850936,-0.2688217759132385,-0.1022888794541359
1631021311962,0.019001143053174,-0.0615214519202709,-0.2617626488208771,-0.0513733215630054
1631021312103,-0.0177123192697763,0.0976583436131477,-0.2532277405261993,-0.0683662593364715
1631021312181,-0.0397118814289569,0.3591634035110473,-0.2510212361812591,-0.0773272663354873
1631021312341,-0.0512748286128044,0.6007714867591858,-0.2516552805900574,-0.0773763805627822
1631021312403,-0.0524631962180137,0.6176278591156006,-0.2479877173900604,-0.066307432949543
1631021312482,-0.0405327044427394,0.638565719127655,-0.2376063913106918,-0.0440970286726951
1631021312560,-0.0154630942270159,0.665205180644989,-0.2286387532949447,-0.0134440744295716
1631021312716,0.0235307235270738,0.6970876455307007,-0.2345960587263107,0.0261548608541488
1631021312825,0.0743979811668396,0.7043497562408447,-0.2680083811283111,0.0746403411030769
1631021312919,0.1304454803466797,0.7098982930183411,-0.3304323256015777,0.1307403445243835
1631021313013,0.1304454803466797,0.7150027751922607,-0.4027759432792663,0.1894083172082901
1631021313106,0.1304454803466797,0.7179374098777771,-0.4028117656707763,0.2011620253324508
1631021313216,0.1304454803466797,0.7183644771575928,-0.3363159298896789,0.1854298412799835
1631021313340,0.1304454803466797,0.7177561521530151,-0.3363159298896789,0.1532009094953537
1631021313486,0.3632330298423767,0.7165907025337219,-0.3363159298896789,0.1002611890435218
1631021313548,0.3182123303413391,0.7062962651252747,-0.3363159298896789,-0.206640675663948
1631021313579,0.286123514175415,0.6552658081054688,-0.3363159298896789,-0.2412052601575851
1631021313720,0.2669347822666168,0.4807517528533935,-0.3363159298896789,-0.2595739066600799
1631021313767,0.256273478269577,-0.2442169934511184,-0.3363159298896789,-0.2524905502796173
1631021313923,0.256273478269577,-0.2627710103988647,-0.3363159298896789,-0.2524905502796173
1631021314048,0.256273478269577,-0.212259292602539,-0.3363159298896789,-0.2524905502796173
1631021314126,0.256273478269577,-0.0030725500546395,-0.3363159298896789,-0.2524905502796173
1631021314236,0.256273478269577,0.2882875800132751,-0.3363159298896789,-0.2524905502796173
1631021314298,0.256273478269577,0.2949751317501068,-0.3363159298896789,-0.2524905502796173
1631021314427,0.256273478269577,0.3078024387359619,-0.3363159298896789,-0.2524905502796173
1631021314567,0.256273478269577,0.3241536319255829,-0.3363159298896789,-0.2524905502796173
1631021314661,0.1963455528020858,0.4696500599384308,-0.3363159298896789,-0.2915199398994446
1631021314739,0.1480226367712021,0.5041497349739075,-0.3363159298896789,-0.3220549523830414
1631021314817,0.1189450025558471,0.5091963410377502,-0.3363159298896789,-0.3515243530273437
1631021314895,0.1140508279204368,0.508520781993866,-0.3363159298896789,-0.3625860214233398
1631021315036,0.1140508279204368,0.5075733661651611,-0.3363159298896789,-0.3625860214233398
1631021315208,0.1140508279204368,0.506541907787323,-0.3363159298896789,-0.3625860214233398
1631021315239,0.1140508279204368,0.5060290098190308,-0.3363159298896789,-0.3625860214233398
1631021315351,0.1140508279204368,0.5066544413566589,-0.3363159298896789,-0.3625860214233398
1631021315429,0.0883237421512603,0.5071178674697876,0.2203420102596283,0.0033132378011941
1631021315538,0.1116810888051986,0.4958546161651611,0.1924655586481094,0.0167115349322557
1631021315648,0.1190083846449852,0.428401380777359,0.1861596852540969,0.0421795807778835
1631021315757,0.1113064661622047,0.1643798053264618,0.192527562379837,0.0682496577501297
1631021315851,0.1113064661622047,0.1476671546697616,0.192527562379837,0.0799209475517273
1631021315929,0.1113064661622047,0.1525220572948455,0.192527562379837,0.0799209475517273
1631021316085,0.1113064661622047,0.2247930765151977,0.192527562379837,0.0799209475517273
1631021316132,0.1113064661622047,0.2820678949356079,0.192527562379837,0.0799209475517273
1631021316241,0.1113064661622047,0.5338544845581055,0.192527562379837,0.0799209475517273
1631021316366,0.1113064661622047,0.5578566789627075,0.192527562379837,0.0799209475517273
1631021316475,0.1113064661622047,0.5888110995292664,0.192527562379837,0.0799209475517273
1631021316538,0.1113064661622047,0.6226668357849121,0.192527562379837,0.0799209475517273
1631021316647,0.1257326006889343,0.6595707535743713,0.1892888098955154,0.0872116833925247
1631021316819,0.1385824084281921,0.6997283697128296,0.1638831347227096,0.1007436960935592
1631021316882,0.1471960842609405,0.7436091899871826,0.1426210701465606,0.1205170005559921
1631021316991,0.1471960842609405,0.7919221520423889,0.1426210701465606,0.1450201123952865
1631021317085,0.1471960842609405,0.7932313084602356,0.1426210701465606,0.1959455609321594
1631021317163,0.1471960842609405,0.797880232334137,0.1426210701465606,0.2564685046672821
1631021317288,0.1471960842609405,0.8159184455871582,0.1426210701465606,0.3201261758804321
1631021317353,0.1471960842609405,0.8516475558280945,0.1426210701465606,0.3867550492286682
1631021317462,0.4745984077453613,0.890794038772583,-0.1535104364156723,0.3987264931201935
1631021317587,0.4939939975738525,0.9000390768051147,-0.0928140580654144,0.411137580871582
1631021317681,0.4720816314220428,0.8264927268028259,-0.0782971382141113,0.4230096936225891
1631021317759,0.4303577244281769,0.5737877488136292,-0.0945962443947792,0.4257582426071167
1631021317868,0.4013304114341736,0.5386613607406616,-0.1205297037959098,0.4147037863731384
1631021317978,0.4047465920448303,0.5045124888420105,-0.1432989984750747,0.3931506872177124
1631021318087,0.4336194992065429,0.473037838935852,-0.1629189848899841,0.3723670840263366
1631021318165,0.4647162556648254,0.4438760578632355,-0.1795855015516281,0.3629961907863617
1631021318290,0.4815389513969421,0.4164546430110931,-0.193048819899559,0.3669439554214477
1631021318387,0.4829815328121185,0.3906409442424774,-0.2044045180082321,0.375729888677597
1631021318481,0.4752281904220581,0.3678597211837768,-0.2152991294860839,0.382224291563034
1631021318575,0.4657334983348846,0.3695904016494751,-0.225651130080223,0.3911911249160766
1631021318700,0.4691153466701507,0.3661548793315887,-0.2262856513261795,0.3938478529453277
1631021318809,0.4628698229789734,0.3397038578987121,-0.2210792452096939,0.3937703967094421
1631021318903,0.4424909353256225,0.2714948952198028,-0.2168209850788116,0.3961079716682434
1631021318997,0.4108016490936279,0.1544006466865539,-0.2190311700105667,0.4010385274887085
1631021319090,0.3811571896076202,0.0026955590583384,-0.2257489114999771,0.4040825963020324
1631021319200,0.364654392004013,-0.1429041922092437,-0.2300533503293991,0.404194176197052
1631021319278,0.3596497476100921,-0.2380242198705673,-0.2303230762481689,0.4049538373947143
1631021319450,0.3497243821620941,-0.2913010418415069,-0.2307575345039367,0.4095282554626465
1631021319512,0.3192777037620544,-0.330757588148117,-0.2330884337425232,0.4155570268630981
1631021319606,0.2615380585193634,-0.3586505949497223,-0.233043760061264,0.4143661558628082
1631021319715,0.1854044198989868,-0.3713805973529815,-0.2307680249214172,0.4002954661846161
1631021319778,0.1129142567515373,-0.3703908920288086,-0.2310781478881836,0.3737761378288269
1631021319887,0.0600522086024284,-0.3631459772586822,-0.2369329631328582,0.3412591814994812
1631021320028,0.0238718520849943,-0.3663695454597473,-0.2478632628917694,0.3081103861331939
1631021320090,-0.0053206230513751,-0.3880444467067718,-0.2385652363300323,0.2991359531879425
1631021320231,-0.0374260582029819,-0.4192524552345276,-0.2300596088171005,0.2891185581684112
1631021320344,-0.0729538351297378,-0.4449515342712402,-0.230042278766632,0.274623841047287
1631021320391,-0.1114470362663269,-0.4569946527481079,-0.2481547892093658,0.2502529919147491
1631021320500,-0.1482986658811569,-0.4589478373527527,-0.2893074154853821,0.2140274345874786
1631021320656,-0.1766578108072281,-0.4534136950969696,-0.3471176028251648,0.1651246696710586
1631021320750,-0.1921852231025695,-0.4346478581428528,-0.4030449986457824,0.1002201735973358
1631021320812,-0.1944673508405685,-0.3996755182743072,-0.4388367235660553,0.0138495163992047
1631021320922,-0.1817022860050201,-0.3528147041797638,-0.4506126344203949,-0.1004711762070655
1631021321015,-0.152164489030838,-0.3034496903419494,-0.4525417685508728,-0.239262193441391
1631021321109,-0.106244571506977,-0.2628702819347381,-0.4680645763874054,-0.349838376045227
1631021321250,-0.106244571506977,-0.2628702819347381,-0.4680645763874054,-0.349838376045227
1631021321361,-0.106244571506977,-0.2628702819347381,-0.4680645763874054,-0.349838376045227
1631021321439,-0.106244571506977,-0.2628702819347381,-0.4680645763874054,-0.349838376045227
1631021321502,-0.106244571506977,-0.2628702819347381,-0.4680645763874054,-0.349838376045227
1631021321612,-0.106244571506977,-0.2628702819347381,-0.4680645763874054,-0.349838376045227
1631021321721,-0.106244571506977,-0.2628702819347381,-0.4680645763874054,-0.349838376045227
1631021321830,-0.106244571506977,-0.2628702819347381,-0.4680645763874054,-0.349838376045227
1631021321955,-0.106244571506977,-0.2628702819347381,-0.4680645763874054,-0.349838376045227
1631021322080,-0.106244571506977,-0.2628702819347381,-0.4680645763874054,-0.349838376045227
1631021322142,-0.106244571506977,-0.2628702819347381,-0.4680645763874054,-0.349838376045227
1631021322236,-0.106244571506977,-0.2628702819347381,-0.4680645763874054,-0.349838376045227
1631021322350,-0.106244571506977,-0.2628702819347381,-0.4680645763874054,-0.349838376045227
1631021322475,-0.106244571506977,-0.2628702819347381,0.3473735153675079,-0.349838376045227
1631021322553,-0.106244571506977,-0.2628702819347381,0.4235230982303619,-0.349838376045227
1631021322647,-0.106244571506977,-0.2628702819347381,0.4806196987628937,-0.349838376045227
1631021322741,-0.106244571506977,-0.2628702819347381,0.5089224576950073,-0.349838376045227
1631021322819,-0.106244571506977,-0.2628702819347381,0.5107755064964294,-0.349838376045227
1631021322959,-0.106244571506977,-0.2628702819347381,0.4962085485458374,-0.349838376045227
1631021323038,-0.106244571506977,-0.2628702819347381,0.4761469662189483,-0.349838376045227
1631021323162,-0.106244571506977,-0.2628702819347381,0.456123948097229,-0.349838376045227
1631021323257,-0.106244571506977,-0.2628702819347381,0.4349041283130646,-0.349838376045227
1631021323352,-0.106244571506977,-0.2628702819347381,0.4107430577278137,-0.349838376045227
1631021323446,-0.106244571506977,-0.2628702819347381,0.3914328813552856,1.2985494136810305
1631021323540,-0.106244571506977,0.3889213800430298,0.3914328813552856,1.2985494136810305
1631021323664,-0.106244571506977,0.4812366962432861,0.4004513323307037,1.2985494136810305
1631021323758,-0.106244571506977,0.6444977521896362,0.4107248783111572,1.2985494136810305
1631021323852,-0.106244571506977,0.7911564111709595,0.4174091517925262,1.2985494136810305
1631021323977,-0.106244571506977,0.8788460493087769,0.4078768789768219,1.2985494136810305
1631021324055,-0.106244571506977,0.9067317247390748,0.372524082660675,1.2985494136810305
1631021324149,-0.106244571506977,0.893054187297821,0.3100002706050873,1.2985494136810305
1631021324274,-0.106244571506977,0.8607538342475891,0.2298672795295715,1.2985494136810305
1631021324385,-0.106244571506977,0.8260810375213623,0.1535982489585876,1.2985494136810305
1631021324448,-0.106244571506977,0.7932304739952087,0.0980467796325683,1.2985494136810305
1631021324572,-0.106244571506977,0.7627905011177063,0.0556386075913906,1.2985494136810305
1631021324651,0.6079217195510864,0.7348912358283997,-0.089759923517704,1.2985494136810305
1631021324791,0.4914062023162842,0.7235110998153687,-0.2400774508714676,1.2985494136810305
1631021324900,0.3050877749919891,0.7138442993164062,-0.3450555503368377,0.4042230248451233
1631021324994,0.0602771900594234,0.7085499167442322,-0.5230709910392761,0.2434824109077453
1631021325135,0.1833025962114334,0.7025565505027771,-0.4455071687698364,0.2969996035099029
1631021325197,0.2550159990787506,0.6782313585281372,-0.3565679788589477,0.3355881571769714
1631021325260,0.2550159990787506,0.6099439263343811,-0.296808123588562,0.3465227484703064
1631021325371,0.2550159990787506,0.4802644550800323,-0.296808123588562,0.3451418876647949
1631021325512,0.2550159990787506,0.3177783787250519,-0.296808123588562,0.385298490524292
1631021325606,0.2550159990787506,0.2797592282295227,-0.296808123588562,0.385298490524292
1631021325699,0.2550159990787506,0.4392382204532623,-0.296808123588562,0.385298490524292
1631021325809,0.2550159990787506,0.621537446975708,-0.296808123588562,0.385298490524292
1631021325887,0.2550159990787506,0.7387261390686035,-0.296808123588562,0.385298490524292
1631021325965,0.2550159990787506,0.7944222092628479,-0.296808123588562,0.385298490524292
1631021326090,0.2550159990787506,0.8136385083198547,-0.296808123588562,0.385298490524292
1631021326199,0.3202970027923584,0.8208433389663696,-0.2572618424892425,0.40561044216156
1631021326344,0.3877687752246856,0.8268623948097229,-0.2150784134864807,0.4298316836357116
1631021326406,0.3877687752246856,0.8311889171600342,-0.1652408838272094,0.4296421110630035
1631021326515,0.3877687752246856,0.8322182893753052,-0.1775062829256057,0.4209420084953308
1631021326594,0.3877687752246856,0.8306461572647095,-0.1909597665071487,0.3934454321861267
1631021326719,0.3877687752246856,0.8288542032241821,-0.2233518660068512,0.347402960062027
1631021326828,0.3149645924568176,0.8283939957618713,-0.2750609815120697,0.3011939525604248
1631021326922,0.2930341064929962,0.8277060985565186,-0.2848989069461822,0.2639046609401703
1631021327062,0.2930341064929962,0.8182084560394287,-0.2848989069461822,0.1638091802597046
1631021327109,0.2930341064929962,0.7792447209358215,-0.2848989069461822,0.1638091802597046
1631021327218,0.2930341064929962,0.6899968981742859,-0.2848989069461822,0.1638091802597046
1631021327347,0.2930341064929962,0.5494770407676697,-0.2848989069461822,0.1638091802597046
1631021327441,0.2930341064929962,0.4002433121204376,-0.2848989069461822,0.1638091802597046
1631021327519,0.2930341064929962,0.3210829794406891,-0.2848989069461822,0.1638091802597046
1631021327613,0.2930341064929962,0.3211006224155426,-0.2848989069461822,0.1638091802597046
1631021327722,0.2930341064929962,0.3328170478343963,-0.2848989069461822,0.1638091802597046
1631021327800,0.2930341064929962,0.3249953389167785,-0.2848989069461822,0.1638091802597046
1631021327941,0.2930341064929962,0.3068850934505462,-0.2848989069461822,0.1510193198919296
1631021328050,0.1998591721057891,0.2895863950252533,-0.2457791715860366,0.1207515448331832
1631021328159,0.1998591721057891,0.2770187258720398,-0.2457791715860366,0.0822709873318672
1631021328238,0.1998591721057891,0.2684336006641388,-0.2457791715860366,0.0702468305826187
1631021328374,0.1998591721057891,0.2629673779010772,-0.2457791715860366,0.1054891869425773
1631021328452,0.1998591721057891,0.2592041790485382,-0.2457791715860366,0.1603520214557647
1631021328577,0.174923300743103,0.2551669180393219,-0.5329573154449463,0.1882686764001846
1631021328655,0.1452995389699936,0.2476060539484024,-0.5521016716957092,0.2028589993715286
1631021328748,0.1051968485116958,0.2292208671569824,-0.5412191152572632,0.2097622156143188
1631021328842,0.0801655054092407,0.1833027154207229,-0.5234265327453613,0.2238123714923858
1631021328952,0.0935612991452217,0.094411052763462,-0.5143411159515381,0.2425296753644943
1631021329045,0.1363871097564697,-0.036657515913248,-0.5158424973487854,0.250545859336853
1631021329155,0.1816277354955673,-0.173115536570549,-0.5168045163154602,0.2416132986545562
1631021329264,0.2188921272754669,-0.2353220134973526,-0.500094473361969,0.2236709296703338
1631021329344,0.2516748607158661,-0.1950260698795318,-0.458395779132843,0.2128514051437378
1631021329454,0.2516748607158661,-0.1207213401794433,-0.409136950969696,0.2175927758216858
1631021329547,0.2516748607158661,-0.0648489147424697,-0.375030905008316,0.2301004379987716
1631021329625,0.2516748607158661,-0.0384343229234218,-0.3657592535018921,0.2383746355772018
1631021329766,0.2575728595256805,-0.0346458666026592,-0.380271852016449,0.2440352141857147
1631021329844,0.246250033378601,-0.0444160997867584,-0.3903198540210724,0.2354166358709335
1631021329953,0.251111775636673,-0.0596685856580734,-0.3743504881858825,0.2357905507087707
1631021330094,0.2615257203578949,-0.0614393912255764,-0.3544466197490692,0.232646957039833
1631021330157,0.2853370308876037,0.0032563221175223,-0.3374137878417969,0.2305755317211151
1631021330266,0.3244102597236633,0.1785282790660858,-0.3258373141288757,0.2294542342424392
1631021330377,0.367969661951065,0.389540284872055,-0.3166958391666412,0.2217588722705841
1631021330487,0.3977884948253631,0.5578763484954834,-0.3036863505840301,0.204093798995018
1631021330580,0.4021879732608795,0.6609436869621277,-0.2823183834552765,0.1888620853424072
1631021330690,0.4021879732608795,0.7074766755104065,-0.2564954757690429,0.193922072649002
1631021330737,0.4021879732608795,0.7173900604248047,-0.2412824928760528,0.2206456959247589
1631021330877,0.4021879732608795,0.7115795016288757,-0.260591059923172,0.245158851146698
1631021330971,0.4021879732608795,0.7033615708351135,-0.3342877030372619,0.2385088503360748
1631021331096,0.4021879732608795,0.6984407305717468,-0.3342877030372619,0.2385088503360748
1631021331190,0.4021879732608795,0.6980094909667969,-0.3342877030372619,0.2385088503360748
1631021331299,0.4021879732608795,0.700015127658844,-0.3342877030372619,0.2385088503360748
1631021331396,0.4021879732608795,0.7024369239807129,-0.3342877030372619,0.2385088503360748
1631021331474,0.0964680165052414,0.7045999765396118,-0.4625860750675201,-0.20996855199337
1631021331599,0.0496198311448097,0.7046318650245667,-0.3751376867294311,-0.2820376753807068
1631021331692,0.0475878715515136,0.6933249831199646,-0.2813102006912231,-0.3486867547035217
1631021331864,0.0655680894851684,0.6482883095741272,-0.213189959526062,-0.4033247232437134
1631021331896,0.082047089934349,0.5457072257995605,-0.1817043423652649,-0.4418364465236664
1631021331974,0.0879853963851928,0.3703550100326538,-0.1765254586935043,-0.4667670130729675
1631021332052,0.0879853963851928,0.1324531584978103,-0.1717374324798584,-0.4667670130729675
1631021332192,0.0879853963851928,-0.0800202190876007,-0.1188483014702797,-0.4667670130729675
1631021332340,0.0879853963851928,-0.1835454404354095,0.0506655871868133,-0.4667670130729675
1631021332399,0.0879853963851928,-0.2108566164970398,0.3233897387981415,-0.4667670130729675
1631021332508,0.0879853963851928,-0.227648913860321,0.5803827047348022,-0.4667670130729675
1631021332571,0.0879853963851928,-0.2517246603965759,0.7624989748001099,-0.4667670130729675
1631021332665,0.009427597746253,-0.278945118188858,0.8934032917022705,-0.6300379037857056
1631021332820,-0.0149386161938309,-0.297295868396759,0.9617441296577454,-0.7588772773742676
1631021332914,0.0212695226073265,-0.3048964738845825,0.9899812936782836,-0.8490628004074097
1631021333008,0.0810779482126236,-0.3122689723968506,0.9994921684265136,-0.9166225790977478
1631021333102,0.1316179931163787,-0.3323304951190948,1.0021706819534302,-0.9387081861495972
1631021333180,0.1316179931163787,-0.3726730644702911,1.001798391342163,-0.9387081861495972
1631021333273,0.1316179931163787,-0.4209258258342743,0.999989926815033,-0.9387081861495972
1631021333433,0.1316179931163787,0.1617632061243057,0.9981285333633424,-0.9387081861495972
1631021333527,0.1316179931163787,0.2753378748893738,0.9969152212142944,-0.9387081861495972
1631021333605,0.1316179931163787,0.298443078994751,0.9959412217140198,-0.9387081861495972
1631021333699,0.3731632828712463,0.2662513256072998,0.992854118347168,0.2721689343452453
1631021333824,0.3410806059837341,0.1749167293310165,0.9800891280174256,0.2479576021432876
1631021333902,0.3057531118392944,0.101793572306633,0.9397289156913756,0.2129528671503067
1631021334058,0.283770889043808,0.0432938523590564,0.8494666218757629,0.1729248762130737
1631021334136,0.279273122549057,-0.0018395978258922,0.692250669002533,0.1343802660703659
1631021334230,0.2810267210006714,-0.0347976051270961,0.466863065958023,0.1011970266699791
1631021334328,0.2768978178501129,-0.0571652203798294,0.2091928571462631,0.0739841163158416
1631021334436,0.2681800723075866,-0.0719801262021064,0.0083843078464269,0.0535185933113098
1631021334529,0.2604048252105713,-0.0824118852615356,-0.0853832885622978,0.0393380895256996
1631021334623,0.2534514665603637,-0.0908274799585342,-0.114599123597145,0.0301745813339948
1631021334717,0.2419803142547607,-0.098442330956459,-0.119843415915966,0.0229550581425428
1631021334827,0.2256717979907989,-0.1064438819885253,-0.1180677711963653,0.014899393543601
1631021334967,0.2009252607822418,-0.2964251041412353,-0.0961392819881439,-0.022460775449872
1631021335045,0.2185480892658233,-0.3688704073429107,0.0121264783665537,0.0122102461755275
1631021335170,0.3267622590065002,-0.2846646904945373,0.0305001121014356,0.1610256880521774
1631021335279,0.3286612927913666,-0.1264259964227676,0.0455780141055583,0.3559416234493255
1631021335342,0.3381307721138,0.0194828398525714,0.0541635863482952,0.5186883807182312
1631021335451,0.3546461164951324,0.1161739528179168,0.4717748165130615,0.6243295669555664
1631021335545,0.3707362711429596,0.1644352674484253,0.5969463586807251,0.6796581745147705
1631021335639,0.3814150691032409,0.1805605441331863,0.6281582117080688,0.7025135159492493
1631021335748,0.3900529742240906,0.1819333434104919,0.6322524547576904,0.7109493613243103
1631021335889,0.4058121144771576,0.179158866405487,0.6390321850776672,0.717814028263092
1631021335967,0.4310766458511352,0.1874339580535888,0.6632530689239502,0.7370919585227966
1631021336076,0.4630972743034363,0.2501446902751922,0.6953079700469971,0.7994692921638489
1631021336217,0.5046808123588562,0.4008823931217193,0.7298440337181091,0.8257522583007812
1631021336248,0.5695029497146606,0.5834060311317444,0.7693756818771362,0.8540996313095093
1631021336346,0.5695029497146606,0.7315583229064941,0.815858781337738,0.885277271270752
1631021336471,0.5695029497146606,0.8230107426643372,0.8660610318183899,0.917863428592682
1631021336549,0.5695029497146606,0.8640977740287781,0.9004334807395935,0.9443230628967284
1631021336643,0.5695029497146606,0.870970606803894,0.9004334807395935,0.9489763379096984
1631021336768,0.5695029497146606,0.859978437423706,0.9004334807395935,0.9173524379730223
1631021336861,0.5695029497146606,0.8420791625976562,0.9004334807395935,0.8477150201797485
1631021336955,0.5695029497146606,0.8260884881019592,0.6914023756980896,0.722059965133667
1631021337080,0.5695029497146606,0.8174771666526794,0.374824583530426,0.6221287846565247
1631021337189,0.5695029497146606,0.8168855905532837,0.1720346510410308,0.5795502662658691
1631021337314,0.5695029497146606,0.8220301866531372,0.1124239638447761,0.5953671932220459
1631021337381,-0.0549890734255313,0.8299222588539124,0.0623988360166549,0.6395683884620667
1631021337474,-0.0895614773035049,0.835047721862793,-0.1830452978610992,0.659132719039917
1631021337553,-0.1018154174089431,0.8243620991706848,-0.1114053875207901,0.5282113552093506
1631021337693,-0.061371125280857,0.7753326296806335,-0.0621538795530796,0.5341913104057312
1631021337771,0.0383856035768985,0.6669646501541138,-0.0393450148403644,0.5228307247161865
1631021337896,0.1906648129224777,0.4892726838588714,0.0181040093302726,0.5228307247161865
1631021337990,0.3861706256866455,0.2665823996067047,0.2381704300642013,0.5228307247161865
1631021338068,0.6158503890037537,0.1069757491350174,0.2381704300642013,0.5228307247161865
1631021338177,0.6158503890037537,0.1276731193065643,0.2381704300642013,0.5228307247161865
1631021338339,0.6158503890037537,0.2455724328756332,0.2381704300642013,0.5228307247161865
1631021338401,0.6158503890037537,0.3565614819526672,0.2381704300642013,0.5228307247161865
1631021338495,0.6158503890037537,0.428776741027832,0.2381704300642013,0.5409090518951416
1631021338604,0.6480792760848999,0.4639877676963806,0.2696200311183929,0.5728119611740112
1631021338682,0.6835867762565613,0.4738643169403076,0.3091908097267151,0.612097442150116
1631021338776,0.7258133888244629,0.4701665639877319,0.3537172079086303,0.6361153721809387
1631021338901,0.7770671844482422,0.4597034752368927,0.4003381133079529,0.6271995902061462
1631021339010,0.8383381366729736,0.4493139684200287,0.4479195177555084,0.6271995902061462
1631021339120,0.8412451148033142,0.4443507790565491,0.4113781154155731,0.6271995902061462
1631021339182,0.8417421579360962,0.4468452930450439,0.3681941032409668,0.6271995902061462
1631021339326,0.8373057246208191,0.4543488323688507,0.3282228112220764,0.6271995902061462
1631021339405,0.8163592219352722,0.4622801840305328,0.2457669973373413,0.0070729963481426
1631021339530,0.7360594868659973,0.4643533229827881,-0.6509632468223572,0.1170161366462707
1631021339609,0.3962050974369049,0.4503022730350494,-0.655580997467041,0.1759923100471496
1631021339718,0.3930867910385132,0.4059525728225708,-0.6613419651985168,0.1891581118106842
1631021339812,0.369129866361618,0.3222742676734924,-0.6537222862243652,0.1832974255084991
1631021339890,0.3370662033557892,0.2039170712232589,-0.6356057524681091,0.1840017735958099
1631021339983,0.3054620325565338,0.0762997269630432,-0.6181533932685852,0.1976093053817749
1631021340155,0.279301255941391,-0.0232449993491172,-0.6072272658348083,0.2126402556896209
1631021340233,0.2621121406555176,-0.0819696262478828,-0.5987647175788879,0.2205138206481933
1631021340296,0.2547140717506408,-0.1228257119655609,-0.588074266910553,0.2241725623607635
1631021340409,0.2559182345867157,-0.1614929437637329,-0.5761508345603943,0.2314186543226242
1631021340534,0.2559182345867157,-0.2005514055490493,-0.5240140557289124,0.2515209913253784
1631021340627,0.2713401615619659,-0.2267118692398071,-0.3013058602809906,0.31741863489151
1631021340721,0.2807080447673797,-0.2126885503530502,-0.2833165228366852,0.3388308882713318
1631021340815,0.27383553981781,-0.1159477233886718,-0.2640791535377502,0.3561127781867981
1631021340909,0.2401921600103378,0.0420611016452312,-0.2439829260110855,0.3628813028335571
1631021341033,0.1809169054031372,0.1950796842575073,-0.2212789356708526,0.359885960817337
1631021341112,0.1096333041787147,0.3032593429088592,-0.1938563734292984,0.356812059879303
1631021341252,0.0542829632759094,0.361156553030014,-0.1619322448968887,0.3662851452827453
1631021341362,0.0361764058470726,0.3825621306896209,-0.1285836994647979,0.3877969086170196
1631021341455,0.0553940162062644,0.3876981437206268,-0.0936035588383674,0.4099555611610412
1631021341549,0.0997107177972793,0.3892270922660827,-0.052526120096445,0.425348162651062
1631021341658,0.0997107177972793,0.3911007642745971,0.0007005266379565,0.4406063258647918
1631021341752,0.0997107177972793,0.3948951661586761,0.0702869519591331,0.4698390066623688
1631021341830,0.0997107177972793,0.423789769411087,0.0702869519591331,0.4698390066623688
1631021341955,0.0997107177972793,0.454532265663147,0.0702869519591331,0.4698390066623688
1631021342065,0.0997107177972793,0.485980212688446,0.0702869519591331,0.4698390066623688
1631021342158,0.0997107177972793,0.5158016681671143,0.0702869519591331,0.4698390066623688
1631021342236,0.0997107177972793,0.5382668972015381,0.0702869519591331,0.4698390066623688
1631021342334,0.0997107177972793,0.5360034704208374,0.0702869519591331,0.4698390066623688
1631021342460,0.0997107177972793,0.4868257939815521,0.0702869519591331,0.4698390066623688
1631021342554,0.0997107177972793,0.3703064322471618,0.0702869519591331,0.4698390066623688
1631021342648,0.0997107177972793,0.1754166632890701,0.0702869519591331,0.4698390066623688
1631021342741,0.0997107177972793,-0.0771880000829696,0.0702869519591331,0.4698390066623688
1631021342929,0.0997107177972793,-0.288677304983139,0.0702869519591331,0.4698390066623688
1631021342976,0.0997107177972793,-0.288677304983139,0.0702869519591331,0.4698390066623688
1631021343038,0.0997107177972793,-0.288677304983139,0.0702869519591331,0.4698390066623688
1631021343179,0.0997107177972793,-0.288677304983139,0.0702869519591331,0.4698390066623688
1631021343257,0.0997107177972793,-0.288677304983139,0.0702869519591331,0.4698390066623688
1631021343417,0.0997107177972793,-0.0102785369381308,-0.0437324829399585,0.4698390066623688
1631021343479,0.0997107177972793,0.0456003844738006,-0.0669481307268142,0.4698390066623688
1631021343557,0.0997107177972793,0.0579248182475566,-0.0871112868189811,0.2060946673154831
1631021343667,0.2693111896514892,0.0422896333038806,-0.0995608195662498,0.2331143915653228
1631021343792,0.2118898183107376,0.0165106505155563,-0.1108628511428833,0.2466458082199096
1631021343885,0.1586423069238662,-0.0051001100800931,-0.1280155032873153,0.2392767816781997
1631021343979,0.1259279251098632,-0.0174499955028295,-0.1523240059614181,0.2255707383155822
1631021344089,0.1130088418722152,-0.0249081011861562,-0.1787395477294922,0.2223574817180633
1631021344151,0.1097254380583763,-0.033819455653429,-0.2004145830869674,0.2288114726543426
1631021344260,0.1116273552179336,-0.041782408952713,-0.2163320928812027,0.2310375720262527
1631021344448,0.120124340057373,-0.0431194044649601,-0.2298522740602493,0.2221179008483886
1631021344526,0.1341222375631332,-0.0393643453717231,-0.2445386350154876,0.205367162823677
1631021344604,0.1516206264495849,-0.0186206325888633,-0.2694337964057922,0.1901917308568954
1631021344698,0.1709482669830322,-0.0104492213577032,-0.3056091964244842,0.182581290602684
1631021344791,0.1913168281316757,-0.0121516408398747,-0.3356356918811798,0.1896280795335769
1631021344870,0.1967868357896804,-0.0140903443098068,-0.3481197357177734,0.1920410543680191
1631021345026,0.1999264657497406,-0.0071996646001935,-0.3534404337406158,0.1925479471683502
1631021345120,0.2041256725788116,0.0102039417251944,-0.3694615662097931,0.1930576264858245
1631021345182,0.2129424959421157,0.0319341458380222,-0.4013524055480957,0.1934714317321777
1631021345345,0.2311266362667083,0.0498872436583042,-0.4369867742061615,0.1923999190330505
1631021345407,0.2553619742393493,0.0570637956261634,-0.4568454325199127,0.1921760290861129
1631021345532,0.280014306306839,0.0542580969631671,-0.4491926431655884,0.1908387690782547
1631021345626,0.303028255701065,0.0482008643448352,-0.4239577353000641,0.1866862028837204
1631021345704,0.3205266892910003,0.0449517257511615,-0.4015988409519195,0.1829777210950851
1631021345829,0.3276291489601135,0.0412842892110347,-0.3931456804275512,0.1871590763330459
1631021345891,0.3235475718975067,0.0291714556515216,-0.3967670798301697,0.200898602604866
1631021346001,0.310065358877182,0.0079116923734545,-0.4008717536926269,0.2200767248868942
1631021346094,0.2921408414840698,-0.0152793768793344,-0.392833799123764,0.2466700673103332
1631021346204,0.2729344069957733,-0.0343776866793632,-0.3717456758022308,0.2859389185905456
1631021346347,0.2548781633377075,-0.054843034595251,-0.3479392528533935,0.3299283981323242
1631021346441,0.2437870353460312,-0.0859745591878891,-0.3288637101650238,0.3638887703418731
1631021346535,0.2439432442188263,-0.1336010545492172,-0.3073859214782715,0.3824108242988586
1631021346613,0.2580615878105163,-0.1958339512348175,-0.2759642601013183,0.3927989304065704
1631021346722,0.2811431288719177,-0.263960063457489,-0.2404388487339019,0.4034491181373596
1631021346863,0.2997329831123352,-0.3275001347064972,-0.2106934636831283,0.4134636521339416
1631021346962,0.3108859062194824,-0.3663419485092163,-0.1741119772195816,0.4272811412811279
1631021347045,0.334270030260086,-0.3470206260681152,-0.0572918392717838,0.4628374278545379
1631021347111,0.4307731986045837,-0.2428162842988968,0.1812613308429718,0.5507999062538147
1631021347227,0.4336163699626922,-0.0901778414845466,0.437885582447052,0.6743756532669067
1631021347388,0.4439879059791565,0.0501560568809509,0.6326518654823303,0.7887315154075623
1631021347457,0.4631398618221283,0.1499653458595276,0.7522477507591248,0.8653847575187683
1631021347564,0.4899373650550842,0.2083613723516464,0.810404896736145,0.9018492102622986
1631021347646,0.5203148126602173,0.2369808107614517,0.8298518657684326,0.908696711063385
1631021347744,0.552093505859375,0.2485722452402115,0.8324651718139648,0.90033358335495
1631021347846,0.583803117275238,0.2504452168941498,0.8306047320365906,0.8861559629440308
1631021347937,0.6150200963020325,0.2455915957689285,0.8287560939788818,0.8735226988792419
1631021348062,0.5999734997749329,0.2383331358432769,0.8278731107711792,0.8649537563323975
1631021348140,0.5727317333221436,0.2328164279460907,0.8279737830162048,0.858873724937439
1631021348218,0.5318304300308228,0.230933129787445,0.8289840221405029,0.8533279895782471
1631021348346,0.4855860769748688,0.2315369844436645,0.8305367827415466,0.8490200638771057
1631021348451,0.4422193169593811,0.2305796146392822,0.8305468559265137,0.8437539339065552
1631021348533,0.3711451292037964,0.2179208099842071,0.8195842504501343,0.828947901725769
1631021348658,0.0270020812749862,0.1770170778036117,0.7769866585731506,0.7833709716796875
1631021348783,0.0835953801870346,0.0935961082577705,0.6792519688606262,0.6873366832733154
1631021348856,0.1478409469127655,-0.0258632693439722,0.5108228921890259,0.5308721661567688
1631021348965,0.2149837911128997,-0.1250037848949432,0.27847820520401,0.3343692719936371
1631021349039,0.2832265198230743,-0.1159755066037178,0.0438931845128536,0.1791264116764068
1631021349151,0.2832265198230743,-0.0160661786794662,-0.0748727098107338,0.1577234864234924
1631021349270,0.2832265198230743,0.0927893072366714,-0.0920388400554657,0.1599951386451721
1631021349368,0.2832265198230743,0.1941555589437484,-0.076591357588768,0.1751480400562286
1631021349478,0.2832265198230743,0.3201156854629516,-0.0621956624090671,0.1874665468931198
1631021349556,0.2951432168483734,0.4668539464473724,-0.0558081641793251,0.1983951032161712
1631021349681,0.3135737478733063,0.4957709610462188,-0.0603104680776596,0.2047363221645355
1631021349774,0.3441892266273498,0.6158370971679688,-0.0758549720048904,0.2020779550075531
1631021349897,0.3871158361434936,0.6823790073394775,-0.0983496308326721,0.1946936547756195
1631021349982,0.4356112480163574,0.716748833656311,-0.1241646483540535,0.1963350772857666
1631021350075,0.4857395887374878,0.7368447184562683,-0.1541460007429123,0.3040592968463897
1631021350169,0.5336236953735352,0.7503699660301208,-0.1926418095827102,0.4002029001712799
1631021350278,0.5336236953735352,0.7608317136764526,-0.1926418095827102,0.5069835186004639
1631021350359,0.5336236953735352,0.7679596543312073,-0.1926418095827102,0.5972661972045898
1631021350484,0.5336236953735352,0.7680167555809021,-0.1926418095827102,0.6560431718826294
1631021350578,0.5336236953735352,0.7578932046890259,-0.1926418095827102,0.6862408518791199
1631021350718,0.5336236953735352,0.7402854561805725,-0.1926418095827102,0.7090141177177429
1631021350796,0.5336236953735352,0.7216523289680481,-0.1926418095827102,0.7090141177177429
1631021350859,0.5336236953735352,0.6996615529060364,-0.1926418095827102,0.7090141177177429
1631021350968,0.5336236953735352,0.6550307273864746,-0.1926418095827102,0.7090141177177429
1631021351109,0.5336236953735352,0.5646360516548157,-0.1926418095827102,0.7090141177177429
1631021351171,0.5336236953735352,0.5646360516548157,-0.1926418095827102,0.7090141177177429
1631021351296,0.5336236953735352,0.4573558270931244,-0.1926418095827102,0.7090141177177429
1631021351377,0.5336236953735352,0.3600614070892334,-0.1926418095827102,0.7090141177177429
1631021351475,0.5336236953735352,0.2958715260028839,-0.1926418095827102,0.7090141177177429
1631021351613,0.5336236953735352,0.258269339799881,-0.1926418095827102,0.7211987376213074
1631021351722,0.5336236953735352,0.2377870827913284,-0.1926418095827102,0.7329857349395752
1631021351816,0.5336236953735352,0.223342165350914,-0.1926418095827102,0.7187304496765137
1631021351925,0.5336236953735352,0.2080831527709961,0.2104425579309463,0.7187304496765137
1631021351988,0.5336236953735352,0.1954781264066696,0.1503660082817077,0.7187304496765137
1631021352081,0.5336236953735352,0.1908445805311203,0.1009204387664794,0.7187304496765137
1631021352191,0.5336236953735352,0.1808026134967804,0.065219797194004,0.7187304496765137
1631021352316,0.5336236953735352,0.1281820237636566,0.0466888025403022,0.7187304496765137
1631021352381,0.5336236953735352,0.0429586023092269,0.0452140010893344,0.7187304496765137
1631021352522,0.5336236953735352,-0.0369737446308136,0.0540248900651931,0.7187304496765137
1631021352600,0.5336236953735352,-0.0829536840319633,0.0621130466461181,0.7187304496765137
1631021352725,0.5336236953735352,-0.1147188916802406,0.0609569139778614,0.7187304496765137
1631021352889,0.5336236953735352,-0.1205864176154136,0.0493213795125484,0.7187304496765137
1631021352936,0.5336236953735352,-0.0508221052587032,0.0314932949841022,0.7187304496765137
1631021353029,0.5336236953735352,0.1262628138065338,0.0114251971244812,0.4662913084030151
1631021353092,0.5336236953735352,0.3259354531764984,-0.0481892563402652,0.6302803754806519
1631021353217,0.5336236953735352,0.3259354531764984,-0.1056586503982544,0.6302803754806519
1631021353310,0.5336236953735352,0.3259354531764984,-0.1410128772258758,0.6302803754806519
1631021353422,0.5336236953735352,0.3259354531764984,-0.1490993350744247,0.6302803754806519
1631021353516,0.5336236953735352,0.3259354531764984,-0.1407254934310913,0.6302803754806519
1631021353610,0.5336236953735352,0.3259354531764984,-0.1299725472927093,0.6302803754806519
1631021353781,0.5336236953735352,0.3402355313301086,-0.1259216219186782,0.6302803754806519
1631021353844,0.5336236953735352,0.3670612275600433,-0.1325423866510391,0.6302803754806519
1631021353938,0.5336236953735352,0.4563822448253631,-0.1524853557348251,0.6906241178512573
1631021354031,1.0920037031173706,0.4934379756450653,-0.1784578412771225,0.6906241178512573
1631021354156,1.0676394701004028,0.510387659072876,-0.1944043487310409,0.6906241178512573
1631021354219,1.0878345966339111,0.5238932967185974,-0.1883964389562606,0.6906241178512573
1631021354338,1.1271759271621704,0.5389506816864014,-0.1660805940628051,0.6906241178512573
1631021354456,1.1586320400238037,0.5425311326980591,-0.1402811855077743,0.6906241178512573
1631021354503,1.1683523654937744,0.5000327229499817,-0.1074553206562995,0.6906241178512573
1631021354643,1.1610854864120483,0.3839736580848694,-0.0470819771289825,0.6906241178512573
1631021354753,1.1610854864120483,0.4274686574935913,0.0467749759554863,0.6906241178512573
1631021354846,1.1610854864120483,0.4789550900459289,0.1483352184295654,0.6906241178512573
1631021354956,1.1610854864120483,0.5169692039489746,0.2273296862840652,0.6906241178512573
1631021355018,1.1610854864120483,0.5318806767463684,0.2715641260147095,0.6906241178512573
1631021355143,1.133405327796936,0.5265666842460632,0.2889073193073272,0.87142014503479
1631021355221,1.089647889137268,0.5093657970428467,0.2946286499500274,0.8117769360542297
1631021355341,1.047613501548767,0.4879802465438843,0.2974320352077484,0.7564494013786316
1631021355458,1.021511435508728,0.447835236787796,0.2985615730285644,0.7095229029655457
1631021355569,1.004505634307861,0.4320152997970581,0.2957691550254822,0.6720696687698364
1631021355663,0.9764386415481568,0.4286555647850036,0.2888226211071014,0.6416361331939697
1631021355741,0.9183835983276368,0.4301104843616485,0.279801458120346,0.6151108741760254
1631021355866,0.8265440464019775,0.4403030276298523,0.2709554135799408,0.5913252830505371
1631021355975,0.7115753293037415,0.4623789191246032,0.2646850347518921,0.4650573134422302
1631021356084,0.6064261198043823,0.4915370643138885,0.2585247457027435,0.3855289220809936
1631021356194,0.5332896709442139,0.5101811289787292,0.2404711097478866,0.3568699061870575
1631021356256,0.5528897047042847,0.5047654509544373,0.1945370286703109,0.3718705177307129
1631021356384,0.5650466680526733,0.4743158519268036,0.1118066236376762,0.3718705177307129
1631021356462,0.576453447341919,0.4310641586780548,0.0040321671403944,0.3718705177307129
1631021356571,0.576453447341919,0.3960214853286743,-0.0852666497230529,0.3718705177307129
1631021356680,0.5686110854148865,0.3878290951251983,-0.1007255613803863,0.3417755961418152
1631021356790,0.5780696868896484,0.4189594984054565,0.0072483830153942,0.3324068188667297
1631021356852,0.8883414268493652,0.499716579914093,0.2629579305648803,0.3395226895809173
1631021356977,1.084382176399231,0.6240434646606445,0.2823503315448761,0.3534502685070038
1631021357040,1.2189089059829712,0.7543784976005554,0.3058169782161712,0.3675141334533691
1631021357196,1.3100796937942505,0.8560879826545715,0.3316026926040649,0.3825810849666595
1631021357340,1.3443353176116943,0.9163799285888672,0.3582731187343597,0.4046020805835724
1631021357450,1.367194414138794,0.9384647607803344,0.3875285387039184,0.438848465681076
1631021357496,1.368440866470337,0.9356132745742798,0.4203822016716003,0.438848465681076
1631021357559,1.362347960472107,0.921841323375702,0.4564103186130523,0.438848465681076
1631021357684,1.3550734519958496,0.90604168176651,0.4962927997112274,0.438848465681076
1631021357934,1.3482661247253418,0.8934703469276428,0.4892406761646271,0.438848465681076
1631021358012,1.3424925804138184,0.8861563801765442,0.493495911359787,0.438848465681076
1631021358059,1.3375686407089231,0.8848965167999268,0.5158864855766296,0.438848465681076
1631021358106,1.306490778923035,0.8879101276397705,0.5497849583625793,0.1561989933252334
1631021358168,1.2816730737686155,0.8904968500137329,0.5737917423248291,0.2319598048925399
1631021358293,1.2613756656646729,0.8850629925727844,0.5413711071014404,0.268483817577362
1631021358422,1.1806511878967283,0.8595309257507324,0.271682471036911,0.2736635208129883
1631021358500,1.0622706413269043,0.7960167527198792,0.2491227239370346,0.2672050595283508
1631021358641,0.8938068151473999,0.6805475950241089,0.2229639142751693,0.2776243090629577
1631021358687,0.6599177718162537,0.5135771632194519,0.1997217684984207,0.3099275827407837
1631021358750,0.6485694646835327,0.3264171183109283,0.1810310930013656,0.346800833940506
1631021358875,0.5534036755561829,0.190030038356781,0.1656353771686554,0.3683018982410431
1631021359094,0.540472149848938,0.1498129516839981,0.1506209969520568,0.3722918927669525
1631021359156,0.57242351770401,0.1825203448534011,0.1322217732667923,0.3702124655246734
1631021359219,0.6277613043785095,0.2523228526115417,0.1107036992907524,0.3729500770568847
1631021359331,0.6855996251106262,0.3247961699962616,0.1126521378755569,0.4015248417854309
1631021359394,0.7268418669700623,0.3767502605915069,0.1290771067142486,0.4386453330516815
1631021359566,0.7442030906677246,0.4003228545188904,0.1768584102392196,0.4744928479194641
1631021359660,0.7428182363510132,0.4024809002876282,0.2647090852260589,0.4811039865016937
1631021359722,0.742267906665802,0.3970623910427093,0.371343731880188,0.4836277663707733
1631021359816,0.7338647246360779,0.4007644653320312,0.4678325951099396,0.48884117603302
1631021359901,0.725256621837616,0.4193770289421081,0.5362354516983032,0.5023437142372131
1631021359995,0.7255881428718567,0.4452516436576843,0.5748978853225708,0.522668182849884
1631021360135,0.8491020202636719,0.4671052694320678,0.5917220115661621,0.5379969477653503
1631021360260,0.9240085482597352,0.4804737865924835,0.5983575582504272,0.5394577980041504
1631021360342,0.9538217186927797,0.4861409068107605,0.5994325876235962,0.5291574001312256
1631021360436,0.9573358297348022,0.4864938855171203,0.5985864400863647,0.5249873995780945
1631021360514,0.9495310187339784,0.4781037271022796,0.5973190665245056,0.5436232686042786
1631021360654,0.9290366172790528,0.4529610872268677,0.5962515473365784,0.5821500420570374
1631021360701,0.8910453915596008,0.4076751470565796,0.595413327217102,0.5821500420570374
1631021360842,0.8396508693695068,0.3498170971870422,0.5918142199516296,0.5821500420570374
1631021360935,0.7913005948066711,0.295310378074646,0.5802202820777893,0.5821500420570374
1631021361029,0.7597005367279053,0.2559671700000763,0.5497796535491943,0.5821500420570374
1631021361154,0.7402645349502563,0.2275911420583725,0.4851531386375427,0.4142102599143982
1631021361310,0.7073121666908264,0.200480118393898,0.3742143809795379,0.3835311233997345
1631021361357,0.6792064309120178,0.163368746638298,0.2125725299119949,0.3812928199768066
1631021361435,0.6558078527450562,0.1101334169507026,0.0153250778093934,0.3866108655929565
1631021361529,0.6357876062393188,0.0428763516247272,-0.1726398020982742,0.3829424083232879
1631021361654,0.4593035280704498,-0.0227581318467855,-0.2983996272087097,0.364568680524826
1631021361748,0.2492678463459015,-0.0701150074601173,-0.3728199005126953,0.3384329974651336
1631021361873,0.0778653994202613,-0.0892190039157867,-0.4148859977722168,0.3131021857261657
1631021361920,0.0028393024113029,-0.0748720318078994,-0.4495897889137268,0.2974082827568054
1631021362060,0.003350551938638,-0.0147429658100008,-0.4794325232505798,0.2966969311237335
1631021362154,0.0460867695510387,0.075777344405651,-0.4953273236751556,0.310479462146759
1631021362263,0.0910716205835342,0.1597654223442077,-0.4992559850215912,0.3281347155570984
1631021362359,0.1197950690984726,0.2135394662618637,-0.5010523796081543,0.3250179886817932
1631021362453,0.1293281465768814,0.2357329577207565,-0.5018038749694824,0.317461609840393
1631021362531,0.1291941702365875,0.2386071383953094,-0.4913962781429291,0.3148361444473266
1631021362672,0.1283623725175857,0.2351481765508651,-0.4661695659160614,0.3224402368068695
1631021362766,0.127430185675621,0.2277753800153732,-0.4368769526481628,0.3311097025871277
1631021362859,0.1219490319490432,0.2130326926708221,-0.4166044890880584,0.3293493688106537
1631021362984,0.1169545128941536,0.1944938004016876,-0.4096321761608124,0.3145498037338257
1631021363078,0.1189167201519012,0.1871630996465683,-0.4081952273845672,0.2928088903427124
1631021363141,0.1322938501834869,0.2049581110477447,-0.3961787819862366,0.275834858417511
1631021363281,0.1486268937587738,0.242030069231987,-0.3676923513412475,0.2681583166122436
1631021363362,0.1573659032583236,0.2770480811595917,-0.3343478143215179,0.2651085257530212
1631021363456,0.1513240933418274,0.2899792194366455,-0.3126845061779022,0.2581885159015655
1631021363628,0.1450605690479278,0.2706231772899627,-0.2997875809669494,0.2445442527532577
1631021363674,0.1149278134107589,0.224907636642456,-0.2292613387107849,0.2429379224777221
1631021363784,0.0710764676332473,0.1947489827871322,0.0113388774916529,0.3129229247570038
1631021363878,0.0349800884723663,0.2467527985572815,0.3492025136947632,0.4904773533344269
1631021363971,0.0252923741936683,0.369170606136322,0.6312560439109802,0.6943352818489075
1631021364143,0.0372152216732502,0.487581193447113,0.6588118672370911,0.8517122864723206
1631021364206,0.0583690144121646,0.562341570854187,0.6873451471328735,0.9446290135383606
1631021364268,0.0851731076836586,0.5950329303741455,0.7179820537567139,0.9852499961853028
1631021364366,0.1152941584587097,0.6037872433662415,0.752091109752655,0.9956095814704896
1631021364523,0.1323959976434707,0.6044734716415405,0.7904282212257385,0.9967041015625
1631021364632,0.1160651519894599,0.6004548668861389,0.8328415751457214,0.9975339770317078
1631021364726,0.1160651519894599,0.5896022915840149,0.8790199756622314,0.9989721179008484
1631021364788,0.1160651519894599,0.5730205774307251,0.8754299283027649,0.9997849464416504
1631021364866,0.1160651519894599,0.5563205480575562,0.8724740743637085,0.99976646900177
1631021364976,0.1160651519894599,0.5450068116188049,0.8718087077140808,0.9989977478981018
1631021365132,0.1790287494659423,0.5390536189079285,0.8721393346786499,0.9969983100891112
1631021365272,0.1300610899925232,0.532462477684021,0.863950252532959,0.9901309609413148
1631021365354,0.0781245529651641,0.5110546350479126,0.8147341012954712,0.9678103923797609
1631021365401,0.03417394682765,0.4509125351905823,0.634841799736023,0.9081171154975892
1631021365495,0.0169234704226255,0.3292881548404693,-0.2763555943965912,0.7877840995788574
1631021365588,0.038395956158638,0.1364690214395523,-0.2821733653545379,0.5905013084411621
1631021365760,0.0816310346126556,-0.0994659811258316,-0.3008622825145721,0.3253954648971557
1631021365823,0.1242046132683754,-0.2759435772895813,-0.3245640695095062,0.0670489519834518
1631021365916,0.156144306063652,-0.3147079050540924,-0.3480838537216186,-0.0642599835991859
1631021365995,0.1757315546274185,-0.2854200005531311,-0.3715447187423706,-0.0945139229297638
1631021366119,0.1874484419822693,-0.2446912378072738,-0.396069198846817,-0.102191038429737
1631021366229,0.1947230994701385,-0.2075973451137542,-0.4210187792778015,-0.1080071032047271
1631021366330,0.1982146799564361,-0.1793968677520752,-0.4492181539535522,-0.1052345186471939
1631021366437,0.2061257660388946,-0.1632469147443771,-0.4845836758613586,-0.0911597162485122
1631021366531,0.2283101677894592,-0.1558920443058014,-0.5230568051338196,-0.0700239539146423
1631021366594,0.2615240812301636,-0.1523482203483581,-0.5507656335830688,-0.0488371551036834
1631021366703,0.2970397174358368,-0.1492170542478561,-0.5591990947723389,-0.0322610884904861
1631021366812,0.3205747902393341,-0.1381191313266754,-0.5445463061332703,-0.0201019160449504
1631021366937,0.3469291925430298,-0.069790668785572,-0.4062215089797973,-0.0135983610525727
1631021367031,0.3703510165214538,0.1271451115608215,-0.0680645927786827,-0.0124606722965836
1631021367109,0.3841328024864197,0.3888844549655914,0.2902695834636688,-0.0117659913375973
1631021367250,0.3874522149562835,0.6086841225624084,0.556251049041748,-0.0113391913473606
1631021367343,0.3848011195659637,0.7529110908508301,0.7235645055770874,-0.0158720966428518
1631021367453,0.3820039927959442,0.8282102346420288,0.8111589550971985,-0.0262802317738533
1631021367562,0.3850322365760803,0.8534882664680481,0.845801830291748,-0.0331585109233856
1631021367624,0.3954712748527527,0.8800885677337646,0.8546833395957947,-0.0259829815477132
1631021367718,0.4144752919673919,0.9091474413871764,0.857462465763092,0.0429481752216815
1631021367874,0.441982090473175,0.9419032335281372,0.8601423501968384,0.0446311198174953
1631021367999,0.3812587857246399,0.9400648474693298,0.8636457324028015,0.0078462688252329
1631021368062,0.2563804090023041,0.9405518174171448,0.8673735857009888,-0.0328202135860919
1631021368156,0.0260390359908342,0.9426363110542296,0.8707759976387024,-0.0458851158618927
1631021368249,-0.4561160206794739,0.9452038407325744,0.8732329607009888,-0.0324747897684574
1631021368345,-0.4609167277812958,0.947229266166687,0.873772919178009,-0.0211737845093011
1631021368470,-0.440832108259201,0.9429566860198976,0.8671952486038208,-0.0170883722603321
1631021368533,-0.4132478237152099,0.9138342142105104,0.8380206823348999,-0.0059918886981904
1631021368658,-0.3988948762416839,0.8314323425292969,0.7618736624717712,0.0168904084712266
1631021368767,-0.4004280567169189,0.6684088706970215,0.6158228516578674,0.0430567264556884
1631021368861,-0.4063338935375213,0.4036307334899902,0.3874798119068146,0.0597769170999527
1631021368923,-0.4118568003177643,0.0438743457198143,0.1020601689815521,0.0626429468393325
1631021369079,-0.4134886562824249,0.0477650612592697,-0.131579115986824,0.0535471215844154
1631021369173,-0.3955719769001007,0.0500714220106601,-0.2167640924453735,0.0387142933905124
1631021369236,-0.3509473502635956,0.0487916842103004,-0.2425006330013275,0.0082808844745159
1631021369376,-0.2930390238761902,0.0429873317480087,-0.2718214094638824,0.0101050352677702
1631021369485,-0.2519358694553375,0.0487619414925575,-0.3164829313755035,0.0318642631173133
1631021369564,-0.2119806110858917,0.0427017286419868,-0.3699268698692322,0.0515607222914695
1631021369657,-0.1905773729085922,0.0291515681892633,-0.4251898825168609,0.0556929074227809
1631021369751,-0.1692964732646942,0.0138408802449703,-0.4710812270641327,0.047189112752676
1631021369845,-0.152527704834938,-0.0034555501770228,-0.4958885014057159,0.0360972695052623
1631021369985,-0.1393817663192749,-0.0248469151556491,-0.496341347694397,0.0317276641726493
1631021370079,-0.1288046538829803,-0.0446613729000091,-0.479458600282669,0.0432466752827167
1631021370204,-0.1142464056611061,-0.0487083606421947,-0.4547141492366791,0.0737425908446312
1631021370298,0.0432180650532245,-0.0338702015578746,-0.4261364042758941,0.1169062331318855
1631021370363,0.1617639809846878,-0.0142203560099005,-0.399096667766571,0.1592126339673996
1631021370472,0.2468066811561584,-0.0049910056404769,-0.3666073679924011,0.1634166240692138
1631021370597,0.2833657562732696,0.0043535619042813,-0.3581051826477051,0.1777808219194412
1631021370691,0.3192447125911712,0.0648127719759941,-0.3475301861763,0.1999045312404632
1631021370784,0.3500766456127167,0.2086425721645355,-0.3302542865276336,0.2241044640541076
1631021370847,0.3764090836048126,0.374763011932373,-0.3062011897563934,0.2434473782777786
1631021370972,0.4079850912094116,0.504228949546814,-0.2807650566101074,0.2568682134151459
1631021371050,0.4645815193653106,0.5801265835762024,-0.2586643099784851,0.2721760869026184
1631021371207,0.4645815193653106,0.6134155988693237,-0.242334559559822,0.2986531555652618
1631021371316,0.4645815193653106,0.6240035891532898,-0.2310991138219833,0.3399045765399933
1631021371381,0.4645815193653106,0.6280108690261841,-0.2202791422605514,0.3960651159286499
1631021371474,0.4645815193653106,0.6291815638542175,-0.2059907168149948,0.4618324041366577
1631021371568,0.4645815193653106,0.6269927024841309,-0.1905204802751541,0.4618324041366577
1631021371678,0.4645815193653106,0.619988739490509,-0.2220841497182846,0.4618324041366577
1631021371881,0.4645815193653106,0.6112092137336731,-0.2307605743408203,0.4618324041366577
1631021371927,0.4645815193653106,0.6070808172225952,-0.228046178817749,0.4618324041366577
1631021372021,0.4645815193653106,0.6107054352760315,-0.2563998103141784,0.1440187692642212
1631021372100,0.2269715964794159,0.6147714257240295,-0.253677636384964,0.0970730707049369
1631021372193,0.2021087557077407,0.601294994354248,-0.2459065318107605,0.0661452561616897
1631021372352,0.1939342767000198,0.5479968786239624,-0.2277591079473495,0.0794972106814384
1631021372445,0.2356058955192566,0.4429806768894195,-0.1782114654779434,0.1321817934513092
1631021372555,0.3313245773315429,0.2931978404521942,-0.0819675624370575,0.2098871916532516
1631021372602,0.3313245773315429,0.140635535120964,0.0452740080654621,0.2098871916532516
1631021372742,0.3313245773315429,0.0454323329031467,0.170813113451004,0.2098871916532516
1631021372820,0.3313245773315429,0.0169550850987434,0.2834877371788025,0.2098871916532516
1631021372930,0.3313245773315429,0.0123359886929392,0.3770120441913605,0.2098871916532516
1631021373055,0.3313245773315429,0.013137568719685,0.4450373351573944,0.2098871916532516
1631021373133,0.3313245773315429,0.0128111997619271,0.4838956296443939,0.2098871916532516
1631021373227,0.3313245773315429,0.0142359184101223,0.5196655988693237,0.2213000208139419
1631021373319,0.347090482711792,0.0164590291678905,0.5336341261863708,0.2222603112459182
1631021373449,0.3599293828010559,0.0095017962157726,0.5369638800621033,0.2265381515026092
1631021373499,0.3775430619716644,-0.0148309310898184,0.5376185774803162,0.2562187910079956
1631021373635,0.4153978824615478,-0.0511952601373195,0.538172721862793,0.3191140294075012
1631021373775,0.4153978824615478,-0.0851608514785766,0.5383869409561157,0.3191140294075012
1631021373832,0.4153978824615478,-0.1105584427714347,0.5368182063102722,0.3191140294075012
1631021373951,0.4153978824615478,-0.1349490135908126,0.5302816033363342,0.3191140294075012
1631021374031,0.4153978824615478,-0.1656669080257415,0.5141801834106445,0.3191140294075012
1631021374124,-0.3478013575077057,-0.2011557072401046,0.4834065735340118,0.2304751873016357
1631021374249,-0.4055828154087066,-0.2358277291059494,0.4343665838241577,0.1890950053930282
1631021374347,-0.4581069052219391,-0.2667770683765411,0.360686719417572,0.1599518954753875
1631021374447,-0.489109992980957,-0.2892720401287079,0.255005419254303,0.1564738154411316
1631021374595,-0.468910813331604,-0.2909375727176666,0.1144513115286827,0.1708323210477829
1631021374670,-0.3668138980865478,-0.2593420743942261,-0.0485302694141864,0.1928288489580154
1631021374717,-0.2193409502506256,-0.2049854695796966,-0.1925460249185562,0.2178291529417038
1631021374857,-0.0905985832214355,-0.1603302210569381,-0.2771865129470825,0.2425475865602493
1631021374949,-0.0020090455655008,-0.1449766755104065,-0.3093482851982116,0.2710034251213074
1631021375058,0.0565460920333862,-0.1563944369554519,-0.3266079127788543,0.3094823062419891
1631021375199,0.0986277088522911,-0.1768112331628799,-0.3493140339851379,0.3545940518379211
1631021375261,0.1326438933610916,-0.190000370144844,-0.3783838748931885,0.3933010101318359
1631021375308,0.1684646904468536,-0.1929167211055755,-0.3995634317398071,0.421461820602417
1631021375451,0.1901733875274658,-0.1903446018695831,-0.3987984657287597,0.431378573179245
1631021375588,0.2026383280754089,-0.1834157109260559,-0.3802666962146759,0.4348843097686767
1631021375682,0.2163367867469787,-0.1712533980607986,-0.3610794246196747,0.4449530839920044
1631021375816,0.2372440248727798,-0.1555234789848327,-0.3540416061878204,0.4634253084659576
1631021375868,0.2639314532279968,-0.1405411809682846,-0.3633994162082672,0.4816865622997284
1631021375985,0.2894916236400604,-0.1310935914516449,-0.3883520364761352,0.4899596571922302
1631021376113,0.3086348176002502,-0.1349904835224151,-0.4246407449245453,0.4858117699623108
1631021376176,0.3149714767932892,-0.1619282811880111,-0.4637131690979004,0.4721039235591888
1631021376301,0.3043442368507385,-0.2173161059617996,-0.4930952489376068,0.4553535878658294
1631021376401,0.2780724763870239,-0.2892053127288818,-0.50091552734375,0.4415653049945831
1631021376510,0.2444981336593628,-0.3430616557598114,-0.4826866388320923,0.4312000274658203
1631021376588,0.2085401266813278,-0.3437638282775879,-0.4469517171382904,0.4166197478771209
1631021376713,0.1710731238126754,-0.2994509041309356,-0.4076835811138153,0.392692506313324
1631021376776,0.1296238005161285,-0.2456015348434448,-0.3747692108154297,0.3665096461772918
1631021376883,0.099628061056137,-0.2036878168582916,-0.3350663781166076,0.3605737388134002
1631021376982,0.141750693321228,-0.1495258659124374,-0.1767112463712692,0.4033637046813965
1631021377060,0.331367552280426,-0.023693149909377,0.1565521508455276,0.5260854363441467
1631021377185,0.3478259444236755,0.1778928786516189,0.5021692514419556,0.7055531144142151
1631021377310,0.3602565228939056,0.3735798001289367,0.5281638503074646,0.8737280964851379
1631021377423,0.3684863150119781,0.5119268894195557,0.5580984354019165,0.9914295077323914
1631021377501,0.3766242265701294,0.5869824886322021,0.5917096734046936,1.0552774667739868
1631021377579,0.5009222030639648,0.6155970692634583,0.6287029981613159,1.079440355300903
1631021377673,0.512019693851471,0.621021032333374,0.6691272854804993,1.1075950860977173
1631021377804,0.535835862159729,0.6208574771881104,0.7129682302474976,1.1378391981124878
1631021377913,0.5248677134513855,0.6195544600486755,0.7602283358573914,1.169237494468689
1631021378038,0.5190963745117188,0.6168420910835266,0.7549102306365967,1.166694164276123
1631021378085,0.5180888772010803,0.6117544174194336,0.748596727848053,1.1628741025924685
1631021378194,0.5195932388305664,0.6050432920455933,0.7426753640174866,1.1587218046188354
1631021378303,0.5214523673057556,0.5993254780769348,0.7376987338066101,1.1543190479278564
1631021378386,0.5167063474655151,0.5973218083381653,0.7305846810340881,1.1472631692886353
1631021378542,0.474082350730896,0.5943633913993835,0.695982038974762,1.132158875465393
1631021378604,0.2478898465633392,0.5732280015945435,0.5420125126838684,1.092850685119629
1631021378698,0.2157888710498809,0.5066956877708435,-0.7426409721374512,1.0042414665222168
1631021378823,0.2050128132104873,0.3732017874717712,-0.6823599338531494,0.8452485799789429
1631021378885,0.2050128132104873,0.1710313856601715,-0.6146733164787292,0.6171145439147949
1631021378995,0.2050128132104873,-0.0517126470804214,-0.53669673204422,0.3876401484012604
1631021379135,-0.0969538688659668,-0.1887928545475006,-0.438398540019989,0.2179898768663406
1631021379229,-0.2007806301116943,-0.2084962427616119,-0.317063957452774,0.2179898768663406
1631021379307,-0.2007806301116943,-0.1896120905876159,-0.1990658640861511,0.2179898768663406
1631021379432,-0.1735566854476928,-0.1628389507532119,-0.1124531626701355,0.2179898768663406
1631021379526,-0.1565868109464645,-0.1293590664863586,-0.0426868759095668,0.2308367043733596
1631021379649,-0.156266987323761,-0.0840865895152092,-0.009642825461924,0.243868350982666
1631021379742,-0.1747215390205383,-0.029381763190031,0.0044320351444184,0.2545382082462311
1631021379805,-0.2066762298345565,0.0200794693082571,0.0143235567957162,0.2641952633857727
1631021379930,-0.2265346497297287,0.0503843910992145,0.0231475476175546,0.288582444190979
1631021380008,-0.2265346497297287,0.0579497441649436,0.0313359834253788,0.3428590893745422
1631021380117,-0.2265346497297287,0.0523475892841815,0.0386231392621994,0.3663910329341888
1631021380242,-0.2265346497297287,0.045996781438589,0.0434658527374267,0.3854259252548218
1631021380359,-0.2265346497297287,0.0423529408872127,0.0438714101910591,0.3658560812473297
1631021380484,-0.120956115424633,0.0375819727778434,0.0467198826372623,0.2752587497234344
1631021380530,-0.120956115424633,0.039741862565279,0.0828644484281539,0.1114871874451637
1631021380624,-0.120956115424633,0.0987396389245987,0.0837310925126075,0.1114871874451637
1631021380765,-0.120956115424633,0.1089699789881706,0.0646181553602218,0.1114871874451637
1631021380812,-0.120956115424633,0.1216865330934524,0.0176432207226753,0.1114871874451637
1631021380952,-0.120956115424633,0.1345734447240829,-0.0514163374900817,0.1114871874451637
1631021381046,-0.120956115424633,0.1437528580427169,-0.1165087446570396,0.1114871874451637
1631021381124,-0.120956115424633,0.1424045711755752,-0.1465874016284942,0.1114871874451637
1631021381234,-0.120956115424633,0.1232308968901634,-0.1425772607326507,0.1114871874451637
1631021381327,-0.120956115424633,0.0877377837896347,-0.1253438144922256,0.1114871874451637
1631021381408,-0.120956115424633,0.0490078553557395,-0.098732553422451,0.1114871874451637
1631021381580,-0.120956115424633,0.031925905495882,-0.0635883063077926,0.3017755448818207
1631021381658,-0.120956115424633,0.0466109327971935,-0.0194194056093692,0.4231719970703125
1631021381752,-0.120956115424633,0.0975151285529136,0.0017862985841929,0.4970802962779999
1631021381869,-0.120956115424633,0.1471332311630249,0.0132719734683632,0.5523330569267273
1631021381931,-0.120956115424633,0.1835149824619293,-0.0164305120706558,0.5842953324317932
1631021382025,0.535118818283081,0.2039709389209747,-0.2978808879852295,0.5751004219055176
1631021382150,0.4927308857440948,0.1316607594490051,-0.2654203772544861,0.5298482179641724
1631021382259,0.462438702583313,0.1662588417530059,-0.1545962840318679,0.4972059726715088
1631021382356,0.462438702583313,0.1829234659671783,-0.0082638878375291,0.4753296077251434
1631021382450,0.462438702583313,0.1791640967130661,0.1216641366481781,0.4717185497283935
1631021382544,0.462438702583313,0.1624091416597366,0.2150079011917114,0.5044960379600525
1631021382653,0.462438702583313,0.1449534595012664,0.2800297439098358,0.5044960379600525
1631021382763,0.462438702583313,0.1323850750923156,0.3285351693630218,0.6480397582054138
1631021382887,0.462438702583313,0.1233588904142379,0.3634439706802368,0.7585353851318359
1631021382965,0.462438702583313,0.113798402249813,0.3804295361042022,0.7585353851318359
1631021383090,0.462438702583313,0.1002262681722641,0.3770703375339508,0.7596556544303894
1631021383184,0.462438702583313,0.0857329294085502,0.3587080538272857,0.7661447525024414
1631021383263,0.4250513315200805,0.0600583590567112,0.3535755276679992,0.7793074250221252
1631021383389,0.3711727261543274,0.0341826379299163,0.3487070202827453,0.7980655431747437
1631021383514,0.3711727261543274,0.0140247633680701,0.3470895290374756,0.8268137574195862
1631021383592,0.3711727261543274,-0.0093456087633967,0.3487251400947571,0.8709043264389038
1631021383670,0.3711727261543274,-0.0489065907895565,0.3509766757488251,0.8809977173805237
1631021383779,0.3711727261543274,-0.1049293056130409,0.3474975526332855,0.895704984664917
1631021383873,0.3711727261543274,-0.1549518406391143,0.3294225037097931,0.910505712032318
1631021383982,0.1093943044543266,-0.1691411435604095,0.2911085784435272,0.913879692554474
1631021384107,0.1093943044543266,-0.1219313740730285,0.2500591278076172,0.8956824541091919
1631021384201,0.1093943044543266,0.0054463762789964,0.3036247491836548,0.8829586505889893
1631021384311,0.1093943044543266,0.190652996301651,0.265446126461029,0.8682668805122375
1631021384392,0.1093943044543266,0.3746272325515747,0.2190282642841339,0.9514763355255128
1631021384485,0.1093943044543266,0.5151153206825256,0.176573634147644,1.1246761083602903
1631021384626,0.1093943044543266,0.6013627648353577,0.1593980640172958,1.1246761083602903
1631021384704,0.1093943044543266,0.643103837966919,0.1753594726324081,1.1246761083602903
1631021384797,0.1093943044543266,0.6577688455581665,0.212626963853836,1.1246761083602903
1631021384907,0.1093943044543266,0.661090075969696,0.2587544918060303,1.1246761083602903
1631021385000,0.1093943044543266,0.6610803008079529,0.3085813224315643,1.1246761083602903
1631021385094,0.1093943044543266,0.6605930924415588,0.3597959280014038,1.1246761083602903
1631021385219,0.0642207115888595,0.6611076593399048,0.4104615151882171,1.1265251636505127
1631021385344,0.0314472019672393,0.6629320979118347,0.3848650157451629,1.1305748224258425
1631021385395,0.1002258509397506,0.664783239364624,0.35221728682518,1.1349401473999023
1631021385520,0.259220689535141,0.6641542315483093,0.3258068859577179,1.1379519701004028
1631021385582,0.3438295125961303,0.6563825011253357,0.2714126706123352,1.135952353477478
1631021385723,0.372340977191925,0.6300072073936462,-0.4514468014240265,1.1199713945388794
1631021385801,0.372340977191925,0.5685991048812866,-0.4272557199001312,1.1074395179748535
1631021385942,0.372340977191925,0.4666061103343963,-0.1347474753856659,0.992396891117096
1631021386035,0.372340977191925,0.3783874809741974,-0.1347474753856659,0.5314913988113403
1631021386098,0.372340977191925,0.4356084764003753,-0.1347474753856659,0.5314913988113403
1631021386223,0.372340977191925,0.613571286201477,-0.1347474753856659,0.5314913988113403
1631021386301,0.372340977191925,0.7761991620063782,-0.1347474753856659,0.5314913988113403
1631021386461,0.372340977191925,0.8751655220985413,-0.1347474753856659,0.5314913988113403
1631021386523,0.372340977191925,0.9190711975097656,-0.1347474753856659,0.5314913988113403
1631021386633,0.372340977191925,0.93132084608078,-0.1347474753856659,0.5314913988113403
1631021386758,0.4170975089073181,0.9322960376739502,-0.1347474753856659,0.5443381071090698
1631021386851,0.4802709221839905,0.9306783080101012,-0.110854223370552,0.5160109996795654
1631021386934,0.4802709221839905,0.930397093296051,-0.0733831003308296,0.5160109996795654
1631021387059,0.4802709221839905,0.9331068992614746,-0.0694990381598472,0.5160109996795654
1631021387137,0.4802709221839905,0.9382524490356444,-0.0523468479514122,0.5160109996795654
1631021387262,0.4802709221839905,0.9434325695037842,-0.0342283882200717,0.5160109996795654
1631021387340,0.4802709221839905,0.9462551474571228,-0.0522004030644893,0.0307136103510856
1631021387449,0.4802709221839905,0.9427016973495485,-0.4506369531154632,0.0574842095375061
1631021387512,0.0319154970347881,0.9213891625404358,-0.4636918008327484,0.0741195380687713
1631021387653,-0.017126565799117,0.8599852323532104,-0.4513882398605346,0.0818249210715293
1631021387746,-0.0527447536587715,0.735159695148468,-0.4339329302310943,0.0773951709270477
1631021387856,-0.0824122875928878,0.5319238901138306,-0.4296546578407287,0.0630127117037773
1631021387965,-0.0917064920067787,0.2618342339992523,-0.4426299929618835,0.0507526509463787
1631021388027,-0.0622039102017879,0.0051290025003254,-0.4623352885246277,0.0524051301181316
1631021388106,-0.0031879423186182,-0.1217887252569198,-0.4706226289272308,0.067893162369728
1631021388262,0.0544937886297702,-0.151711031794548,-0.4617579281330108,0.0852709934115409
1631021388390,0.0901706963777542,-0.158682495355606,-0.4437713921070099,0.1010741665959358
1631021388452,0.1002139151096344,-0.1857656687498092,-0.4254280626773834,0.1120925173163414
1631021388530,0.0964699760079383,-0.2545428872108459,-0.4030973017215729,0.1316119134426117
1631021388671,0.0926562771201133,-0.3699684143066406,-0.373758316040039,0.1388890445232391
1631021388749,0.0816598609089851,-0.492866963148117,-0.3338189721107483,0.1345992237329483
1631021388890,0.0939799547195434,-0.5403130650520325,-0.2945354282855987,0.1259796917438507
1631021388983,0.1280167549848556,-0.488560289144516,-0.2648379206657409,0.1257368624210357
1631021389077,0.1482008546590805,-0.4085746705532074,-0.2433930337429046,0.1240341588854789
1631021389171,0.1691799163818359,-0.3496828079223633,-0.2240737378597259,0.1239297240972518
1631021389249,0.1923113614320755,-0.3141422569751739,-0.193231388926506,0.1298992037773132
1631021389393,0.2188862264156341,-0.2922280430793762,-0.1295159012079239,0.144406720995903
1631021389472,0.2435750365257263,-0.277208924293518,-0.0333555974066257,0.1615103036165237
1631021389612,0.2552671432495117,-0.2641409337520599,0.062525063753128,0.5419670343399048
1631021389659,0.2452637106180191,-0.2490175813436508,0.1282554566860199,0.6837393045425415
1631021389784,0.2166642099618911,-0.2236799448728561,0.1577309221029281,0.7308258414268494
1631021389862,0.3289387226104736,-0.1806203871965408,0.1629590541124344,0.7391135692596436
1631021389971,0.3608108758926391,-0.1213512048125267,0.1582696884870529,0.7398148775100708
1631021390096,0.4106000363826751,-0.0583655759692192,0.1490414142608642,0.7454257607460022
1631021390175,0.4672165811061859,-0.0043292087502777,0.1366644650697708,0.7575811743736267
1631021390300,0.5166593790054321,0.0350528880953788,0.1254362910985946,0.7744238972663879
1631021390364,0.5649971961975098,0.0672927275300026,0.1275766491889953,0.7925862669944763
1631021390504,0.6282137632369995,0.1031146347522735,0.17454594373703,0.8121077418327332
1631021390551,0.7317448854446411,0.147488072514534,0.190653994679451,0.8190710544586182
1631021390676,0.903989315032959,0.2062947303056717,0.2064848244190216,0.8727447390556335
1631021390770,0.903989315032959,0.2745013535022735,0.2171512693166732,0.9629417657852172
1631021390910,0.903989315032959,0.3422314524650574,0.2106058001518249,0.9629417657852172
1631021391020,0.903989315032959,0.3954389989376068,0.1715339124202728,0.9629417657852172
1631021391067,0.903989315032959,0.4274059534072876,0.0960198789834976,0.911467432975769
1631021391160,0.903989315032959,0.4485141038894653,0.0069854008033871,0.8766596913337708
1631021391332,0.903989315032959,0.4911936223506927,-0.0467675812542438,0.8778661489486694
1631021391397,0.9194037914276124,0.510793924331665,-0.0398166440427303,0.906700074672699
1631021391506,0.9590953588485718,0.5266622304916382,0.0099566187709569,0.9467217326164246
1631021391600,1.004666090011597,0.5399835109710693,0.0867699235677719,0.9903956651687622
1631021391725,1.0573184490203855,0.554179310798645,0.0867699235677719,1.0384786128997805
1631021391787,1.123689889907837,0.5721144080162048,0.0867699235677719,1.0951811075210571
1631021391913,1.123689889907837,0.5918458700180054,0.0867699235677719,1.1668940782546997
1631021392022,1.123689889907837,0.6094738841056824,0.0867699235677719,1.1668940782546997
1631021392084,1.123689889907837,0.6231368780136108,0.0867699235677719,1.1668940782546997
1631021392209,1.123689889907837,0.568877100944519,0.0867699235677719,1.1668940782546997
1631021392338,1.123689889907837,0.4966336190700531,0.0867699235677719,1.1668940782546997
1631021392416,1.123689889907837,0.4171660542488098,0.0867699235677719,1.1668940782546997
1631021392510,1.123689889907837,0.3743062317371368,0.0867699235677719,1.1668940782546997
1631021392619,0.1815214902162552,0.3975335359573364,-0.4565826058387756,-0.0228188056498765
1631021392728,0.1786858439445495,0.4373712539672851,-0.489109605550766,0.0235766135156154
1631021392853,0.1963254064321518,0.3855635821819305,-0.522989809513092,0.043586254119873
1631021392947,0.2067121118307113,0.36161008477211,-0.543708324432373,0.0562409870326519
1631021393056,0.2067121118307113,0.3270055651664734,-0.4423088133335113,0.0562409870326519
1631021393134,0.2067121118307113,0.2995496690273285,-0.4423088133335113,0.0562409870326519
1631021393259,0.2067121118307113,0.284001737833023,-0.4423088133335113,0.0562409870326519
1631021393369,0.2067121118307113,0.2765601277351379,-0.4423088133335113,0.0562409870326519
1631021393431,0.2067121118307113,0.2684884369373321,-0.4423088133335113,0.0562409870326519
1631021393556,0.2067121118307113,0.2536066770553589,-0.4423088133335113,0.0562409870326519
1631021393603,0.2067121118307113,0.2328681051731109,-0.4423088133335113,0.0562409870326519
1631021393728,0.2067121118307113,0.2309620827436447,-0.4423088133335113,0.0562409870326519
1631021393853,0.1844231188297271,0.2253894060850143,-0.4500470459461212,0.0875644385814666
1631021393978,0.1757043600082397,0.2061192244291305,-0.4558244347572326,0.1221387907862663
1631021394056,0.1964497566223144,0.1573724299669265,-0.4513262510299682,0.1427678763866424
1631021394150,0.1964497566223144,0.0745023936033248,-0.4284892380237579,0.1427678763866424
1631021394243,0.1964497566223144,-0.0263238623738288,-0.3220516741275787,0.1427678763866424
1631021394368,0.1964497566223144,-0.1057247817516326,-0.2106001228094101,0.1427678763866424
1631021394462,0.1964497566223144,-0.1391550600528717,-0.1123621091246604,0.1427678763866424
1631021394556,-0.253686249256134,-0.1487456560134887,-0.121019959449768,-0.0532724112272262
1631021394650,-0.1675735861063003,-0.1660003811120987,-0.1216483637690544,-0.0931570902466774
1631021394743,-0.0750510394573211,-0.2039670646190643,-0.1324662864208221,-0.1360284686088562
1631021394837,-0.0124578727409243,-0.2593194842338562,-0.1442383825778961,-0.1734349429607391
1631021394978,0.0154985645785927,-0.3101851642131805,-0.1527224630117416,-0.1988664865493774
1631021395071,0.0149396555498242,-0.330874353647232,-0.1576180309057235,-0.212227389216423
1631021395181,-0.0031878415029495,-0.324158638715744,-0.1617122590541839,-0.2191932052373886
1631021395259,-0.0270822905004024,-0.3143945634365082,-0.166805163025856,-0.2249403595924377
1631021395355,-0.0424185059964656,-0.3173180222511291,-0.1738897114992141,-0.2364725470542907
1631021395433,-0.0434564501047134,-0.3323282599449157,-0.1835837662220001,-0.2542426586151123
1631021395574,-0.0390569791197776,-0.3527527451515198,-0.1958023309707641,-0.2734271287918091
1631021395683,-0.038056556135416,-0.3762960135936737,-0.2085680514574051,-0.2835004925727844
1631021395761,-0.0338690318167209,-0.3999110758304596,-0.2198105901479721,-0.3099833130836487
1631021395871,-0.0242543723434209,-0.4217869639396667,-0.2299618273973465,-0.3096018433570862
1631021395949,-0.010360631160438,-0.4342629313468933,-0.238341823220253,-0.2763042151927948
1631021396027,0.0082609085366129,-0.4231989979743957,-0.2455041110515594,-0.2095933556556701
1631021396183,0.0356006845831871,-0.3811730444431305,-0.2540186643600464,-0.1327098608016967
1631021396277,0.0697877258062362,-0.3223033845424652,-0.2637347877025604,-0.0691342502832412
1631021396373,0.1052361875772476,-0.270055890083313,-0.2745681703090668,-0.029138758778572
1631021396467,0.1310604214668274,-0.2404226660728454,-0.2853307425975799,-0.0078465277329087
1631021396545,0.1487078964710235,-0.2353321462869644,-0.2980290055274963,0.0021839027758687
1631021396639,0.1659061759710312,-0.2396673262119293,-0.3148813545703888,0.0152534078806638
1631021396842,0.1893630176782608,-0.2330559194087982,-0.3353594541549682,0.0702918842434883
1631021396904,0.2121154516935348,-0.2064800262451172,-0.3525760769844055,0.1817259937524795
1631021396998,0.2299364954233169,-0.1689853370189666,-0.3503898382186889,0.3159014880657196
1631021397123,0.2466019093990326,-0.1327415108680725,-0.3007650077342987,0.4504891633987427
1631021397170,0.2684372067451477,-0.1036911830306053,-0.200317308306694,0.5883389711380005
1631021397326,0.2987897098064422,-0.0802305787801742,-0.0891032740473747,0.7218106389045715
1631021397453,0.3360017538070678,-0.0535891838371753,-0.0065881665796041,0.8287743330001831
1631021397500,0.3760770261287689,-0.0122469924390316,0.0349398106336593,0.852599561214447
1631021397594,0.4123495817184448,0.0409060306847095,0.0460282228887081,0.8760069608688354
1631021397688,0.4297257363796234,0.0872306451201438,0.0464503914117813,0.9004725813865662
1631021397813,0.4297257363796234,0.1112390160560607,0.0499078296124935,0.928625226020813
1631021397859,0.4297257363796234,0.1124572530388832,0.0561416633427143,0.9627786874771118
1631021398016,0.4297257363796234,0.1027739644050598,0.0608080960810184,0.9645031094551086
1631021398109,0.4297257363796234,0.0953097194433212,0.0627202615141868,0.9702149629592896
1631021398203,0.4297257363796234,0.0914085432887077,0.0638778582215309,0.9774042963981628
1631021398312,0.4297257363796234,0.0857390761375427,0.065336212515831,0.9774511456489564
1631021398406,0.0501683950424194,0.0728254094719886,0.065199926495552,0.9623581767082214
1631021398484,0.0016184116248041,0.0533123239874839,0.0579920262098312,0.9293175339698792
1631021398605,0.0016184116248041,0.0314313918352127,0.056135706603527,0.8770177960395813
1631021398730,0.0016184116248041,0.0170349180698394,0.0201895777136087,0.8179211616516113
1631021398823,0.0016184116248041,0.0245360638946294,-0.0597336180508136,0.6726046800613403
1631021398917,0.0016184116248041,0.0679508820176124,-0.1736517548561096,0.3196415901184082
1631021398980,0.0016184116248041,0.1323354244232177,-0.2811924815177917,0.3196415901184082
1631021399152,0.0016184116248041,0.1870948821306228,-0.338462233543396,0.3196415901184082
1631021399245,0.0016184116248041,0.2163390070199966,-0.3557697832584381,0.3196415901184082
1631021399323,0.0016184116248041,0.2241081893444061,-0.3776935338973999,0.3196415901184082
1631021399451,0.0016184116248041,0.2230054587125778,-0.4178295135498047,0.3196415901184082
1631021399513,0.0016184116248041,0.2228081971406936,-0.4693130254745483,0.3416804075241089
1631021399647,-0.0206769723445177,0.2216011434793472,-0.5184539556503296,0.3484279215335846
1631021399719,-0.0206769723445177,0.2176961302757263,-0.5184539556503296,0.3333566784858703
1631021399843,-0.0206769723445177,0.2121747881174087,-0.5184539556503296,0.233811616897583
1631021399947,-0.0206769723445177,0.2086172401905059,-0.5184539556503296,0.1260588616132736
1631021400019,-0.0206769723445177,0.2100326418876648,-0.5184539556503296,0.0373992808163166
1631021400155,-0.1577254384756088,0.217266097664833,-0.7211111187934875,-0.0729922503232956
1631021400217,-0.1058903113007545,0.2254256606101989,-0.7140891551971436,-0.0627857446670532
1631021400310,-0.0642982944846153,0.2233316004276275,-0.6712326407432556,-0.0521366372704505
1631021400445,-0.0459946617484092,0.1916766911745071,-0.6159268617630005,-0.0368581414222717
1631021400561,-0.0478520058095455,0.1149482801556587,-0.5736485719680786,-0.0234285350888967
1631021400667,-0.0606089755892753,-0.0075094420462846,-0.5471442937850952,-0.0084088165313005
1631021400792,-0.0780941322445869,-0.1519356071949005,-0.5237767696380615,0.0151869794353842
1631021400839,-0.0896099656820297,-0.269915223121643,-0.4923054873943329,0.0474957637488842
1631021400933,-0.0905521064996719,-0.329459011554718,-0.4574658572673797,0.0748220607638359
1631021401070,-0.0823690444231033,-0.3530082106590271,-0.4298395812511444,0.0847064778208732
1631021401183,-0.0706671103835105,-0.3600243926048279,-0.4156418740749359,0.0807045474648475
1631021401295,-0.0586539953947067,-0.3562105894088745,-0.4137655794620514,0.0757464170455932
1631021401380,-0.0471756011247634,-0.3415039181709289,-0.4090489447116852,0.0847634598612785
1631021401469,-0.0223079044371843,-0.3202968835830688,-0.4084281027317047,0.0968423262238502
1631021401532,0.0009712770115584,-0.3038485646247864,-0.4065673947334289,0.1089008823037147
1631021401688,0.0112747102975845,-0.3023658096790313,-0.3966114819049835,0.1251851320266723
1631021401782,0.0088612809777259,-0.3126009404659271,-0.3782605230808258,0.1566818505525589
1631021401907,0.0091081149876117,-0.3189392983913421,-0.3580012023448944,0.2026468962430954
1631021401969,0.0300676599144935,-0.3070927858352661,-0.340643048286438,0.2461016178131103
1631021402079,0.0830012038350105,-0.2766630053520202,-0.3247855901718139,0.277561753988266
1631021402141,0.1637187451124191,-0.2368737161159515,-0.3006740510463714,0.2988226413726806
1631021402282,0.2647677063941955,-0.1972769051790237,-0.2626261413097381,0.3161506652832031
1631021402388,0.28526571393013,-0.166469931602478,-0.2125141769647598,0.3184737861156463
1631021402471,0.3045147061347961,-0.1484511941671371,-0.158376932144165,0.3200277984142303
1631021402581,0.3221663534641266,-0.1390340477228164,-0.0988832116127014,0.3293815553188324
1631021402674,0.339783638715744,-0.1320572048425674,-0.0351086892187595,0.3488311469554901
1631021402752,0.358810693025589,-0.1241579502820968,0.0283628068864345,0.3721858561038971
1631021402955,0.3801814317703247,-0.1174013093113899,0.0816758051514625,0.6603036522865295
1631021403033,0.4039963483810425,-0.1122847646474838,0.1177258118987083,0.7898675203323364
1631021403065,0.4327294826507568,-0.1083869785070419,0.1362034678459167,0.8401935696601868
1631021403158,0.4716501832008362,-0.1056885719299316,0.1407909393310547,0.8518374562263489
1631021403315,0.5243622064590454,-0.1091517284512519,0.1373874992132187,0.8470182418823242
1631021403385,0.5871161222457886,-0.120822824537754,0.1312380582094192,0.83419269323349
1631021403536,0.5593904256820679,-0.1353846192359924,0.1244438961148262,0.8210188150405884
1631021403599,0.5043157935142517,-0.1436114311218261,0.116683542728424,0.8127250671386719
1631021403677,0.3834197521209717,-0.1421909034252166,0.1046897321939468,0.8088675141334534
1631021403770,0.0444588549435138,-0.1373277902603149,0.0845768004655838,0.8039658069610596
1631021403864,0.0444588549435138,-0.1361324936151504,0.0577076040208339,0.7737430334091187
1631021403973,0.0444588549435138,-0.138799175620079,0.0569010712206363,0.7457349896430969
1631021404133,0.0444588549435138,-0.1418278813362121,0.0277577582746744,0.7247903943061829
1631021404187,0.0444588549435138,-0.1313233971595764,-0.0173836201429367,0.717943012714386
1631021404281,0.0444588549435138,-0.0960604101419448,-0.0833814218640327,0.717943012714386
1631021404375,0.0444588549435138,-0.0453151613473892,-0.1648909449577331,0.5825057029724121
1631021404484,0.0444588549435138,-0.0011985504534095,-0.2402339726686477,0.4324090778827667
1631021404594,0.0444588549435138,0.022612027823925,-0.2828721106052398,0.3306507468223572
1631021404718,0.0444588549435138,0.0283368062227964,-0.28199303150177,0.3022741377353668
1631021404843,0.0444588549435138,0.0282551310956478,-0.2567300498485565,0.3103606402873993
1631021404906,0.0444588549435138,0.0296436082571744,-0.2276696115732193,0.3283922374248504
1631021405015,0.0444588549435138,0.0298677142709493,-0.1961394846439361,0.3527113497257232
1631021405093,0.0444588549435138,0.0247701872140169,-0.1214768663048744,0.3699254393577575
1631021405171,0.0444588549435138,0.0136018702760338,-0.0426249951124191,0.3760343194007873
1631021405327,0.0444588549435138,0.0003221227379981,0.0323203615844249,0.3795455992221832
1631021405424,0.0427067652344703,-0.0100122764706611,0.0824263542890548,0.3925711214542389
1631021405517,0.0627082660794258,-0.0159834958612918,0.015219297260046,0.4115121364593506
1631021405650,0.0766456574201583,-0.0205467045307159,-0.009564196690917,0.4123918414115906
1631021405744,0.0740323886275291,-0.0348698198795318,-0.0471585430204868,0.3620207905769348
1631021405791,0.0651693791151046,-0.0717708393931388,-0.0858795866370201,0.3513684272766113
1631021405915,0.0600170008838176,-0.1327876299619674,-0.1197355017066001,0.3445928692817688
1631021406056,0.0624502822756767,-0.2028232514858245,-0.1463957130908966,0.3376267552375793
1631021406134,0.0654759779572486,-0.2556397318840027,-0.1643407344818115,0.325517475605011
1631021406228,0.0664703622460365,-0.2798711955547333,-0.1736495941877365,0.3078659772872925
1631021406290,0.0662141665816307,-0.2934609055519104,-0.179028183221817,0.2876468300819397
1631021406415,0.0649920329451561,-0.3175876140594482,-0.1845622807741165,0.2721284627914428
1631021406525,0.0606025531888008,-0.3581438660621643,-0.1905116736888885,0.2538888156414032
1631021406634,0.0376260466873645,-0.4123323857784271,-0.210290253162384,0.2395025640726089
1631021406759,0.0372417084872722,-0.4724530875682831,-0.2377544790506363,0.2264318764209747
1631021406837,0.0462050512433052,-0.5207762718200684,-0.2761041820049286,0.2090836614370346
1631021406900,0.0530965849757194,-0.5161339044570923,-0.3248056769371032,0.187004268169403
1631021407009,0.0564684942364692,-0.4322121739387512,-0.374127596616745,0.1755195260047912
1631021407150,0.061808992177248,-0.3126405477523803,-0.4082185328006744,0.1927555501461029
1631021407275,0.0776861384510994,-0.2149446606636047,-0.4192765653133392,0.2329059690237045
1631021407353,0.0974359735846519,-0.1613294631242752,-0.4179332256317138,0.2675769031047821
1631021407465,0.1119328141212463,-0.1475007236003875,-0.4145710170269012,0.2796325385570526
1631021407528,0.1152046397328376,-0.157016709446907,-0.4131983816623688,0.2729465067386627
1631021407653,0.1114690452814102,-0.1734319627285003,-0.4137285649776459,0.26263228058815
1631021407778,0.1024818792939186,-0.1875839829444885,-0.4171195328235626,0.2568362057209015
1631021407856,0.0905523970723152,-0.1953430026769638,-0.4230484664440155,0.2547064423561096
1631021407934,0.0762699097394943,-0.196527287364006,-0.43445685505867,0.2492931932210922
1631021408059,0.0675994828343391,-0.1915562748908996,-0.4552536606788635,0.2391458004713058
1631021408137,0.0691006854176521,-0.177591323852539,-0.4863410592079162,0.2308511435985565
1631021408265,0.0793661996722221,-0.1551816612482071,-0.5212854743003845,0.2315890043973922
1631021408379,0.088051401078701,-0.1362889558076858,-0.5470545291900635,0.2393438816070556
1631021408473,0.0861789882183075,-0.1416112184524536,-0.5518728494644165,0.2425190359354019
1631021408551,0.0691719278693199,-0.1901830285787582,-0.534072995185852,0.2241571098566055
1631021408645,0.0410994812846183,-0.2872931957244873,-0.5045539140701294,0.1738502234220504
1631021408754,0.0035999831743538,-0.4149468243122101,-0.4778853952884674,0.0940538197755813
1631021408848,-0.0366748683154583,-0.5203666090965271,-0.4610228836536407,0.0083668688312172
1631021408973,-0.0681728646159172,-0.5376525521278381,-0.4555061161518097,-0.0494214817881584
1631021409067,-0.0722146183252334,-0.4717864692211151,-0.4617296159267425,-0.0676446259021759
1631021409162,-0.0459417030215263,-0.3839994966983795,-0.4807380735874176,-0.0677454844117164
1631021409272,-0.0047528007999062,-0.3137131333351135,-0.5088808536529541,-0.0666675120592117
1631021409365,0.0265648197382688,-0.2719379663467407,-0.5371152758598328,-0.0696202218532562
1631021409521,0.0474762171506881,-0.2517573535442352,-0.540075957775116,-0.0661706030368805
1631021409631,0.0946542769670486,-0.2401436567306518,-0.404092788696289,-0.0062348502688109
1631021409678,0.2365791946649551,-0.2223815768957138,-0.0600571855902671,0.1680774241685867
1631021409787,0.2443109154701233,-0.1747894138097763,-0.0333191938698291,0.4128596484661102
1631021409850,0.2501924932003021,-0.0925130546092987,-0.0053125964477658,0.6274816989898682
1631021409990,0.2612352669239044,-0.0046876678243279,0.0217813365161418,0.6489639282226562
1631021410084,0.2830056846141815,0.0597113817930221,0.0462655238807201,0.7584826350212097
1631021410193,0.3141599595546722,0.091981716454029,0.0687645003199577,0.8015543222427368
1631021410287,0.3509160876274109,0.1030488759279251,0.0932365655899047,0.8127597570419312
1631021410383,0.3914157450199127,0.1118833795189857,0.1244641467928886,0.8144544363021851
1631021410477,0.4334363937377929,0.1301166415214538,0.1174157932400703,0.814180850982666
1631021410586,0.4710394442081451,0.1571675688028335,0.115757830440998,0.8136121034622192
1631021410680,0.4648855328559875,0.1833653599023819,0.123236060142517,0.8132546544075012
1631021410805,0.4520184099674225,0.2007147073745727,0.1367166191339492,0.8134902119636536
1631021410883,0.447964459657669,0.2089285403490066,0.1509616523981094,0.8149048089981079
1631021410977,0.45733642578125,0.2138257771730423,0.159303680062294,0.8159849643707275
1631021411102,0.4358359575271606,0.2195821404457092,0.1122512519359588,0.8073916435241699
1631021411211,0.2177859991788864,0.2228919267654419,-0.3131515681743622,0.7680068016052246
1631021411305,0.2159217149019241,0.213753804564476,-0.2710275948047638,0.6618207097053528
1631021411402,0.2108127474784851,0.1851106435060501,-0.2410452365875244,0.4377159178256988
1631021411511,0.2029422670602798,0.1430121809244156,-0.2248273491859436,0.4173473715782165
1631021411605,0.1898251622915268,0.1050397530198097,-0.21968375146389,0.1662901043891906
1631021411761,0.1796846240758896,0.0864958837628364,-0.2238452285528183,0.0154645405709743
1631021411839,0.1795014441013336,0.083740010857582,-0.2348432093858719,0.0337052755057811
1631021411917,0.183365523815155,0.0771455317735672,-0.2462920397520065,0.1122879236936569
1631021412027,0.1846641302108764,0.0515825822949409,-0.2311476022005081,0.1896625161170959
1631021412152,0.1839368045330047,0.0054394747130572,-0.202875018119812,0.2591885328292846
1631021412214,0.1885147988796234,-0.0448424406349659,-0.1715932488441467,0.3225498497486114
1631021412292,0.2040022015571594,-0.0769015327095985,-0.1482201516628265,0.3745885789394378
1631021412389,0.2292668968439102,-0.0844998061656951,-0.1363697052001953,0.4098827838897705
1631021412483,0.2555433213710785,-0.0821128711104393,-0.1332915723323822,0.4357554018497467
1631021412623,0.2843536734580993,-0.0771513432264328,-0.1295555531978607,0.4734775424003601
1631021412764,0.3414773046970367,-0.0507075376808643,-0.0732056349515914,0.5441067218780518
1631021412889,0.4686763882637024,0.0464233644306659,0.1210716962814331,0.6711843609809875
1631021412951,0.4837214350700378,0.2309045940637588,0.4050593972206116,0.8434273600578308
1631021413014,0.5018063187599182,0.4285560846328735,0.4256446063518524,0.8698183298110962
1631021413123,0.5246126651763916,0.5777800679206848,0.4498270153999328,0.8962755799293518
1631021413264,0.549726128578186,0.6645263433456421,0.478279560804367,0.9212624430656432
1631021413358,0.5740319490432739,0.7018473148345947,0.5915128588676453,0.9441732168197632
1631021413438,0.5997931957244873,0.712889552116394,0.6259974241256714,0.966444492340088
1631021413532,0.6312319040298462,0.7157943248748779,0.6626191139221191,0.990530490875244
1631021413626,0.6698718070983887,0.7160393595695496,0.7007237076759338,1.017608642578125
1631021413704,0.711394727230072,0.7137753367424011,0.6965155601501465,1.004861831665039
1631021413860,0.7026969194412231,0.7106402516365051,0.6940394639968872,0.9944977164268494
1631021414001,0.6805961728096008,0.7096027135848999,0.6949114203453064,0.9893227219581604
1631021414063,0.648840069770813,0.7117165327072144,0.6980931758880615,0.9862712025642396
1631021414142,0.6073731780052185,0.7140796780586243,0.6995474100112915,0.9737192988395692
1631021414236,0.519759476184845,0.7102953195571899,0.6834383010864258,0.9337382912635804
1631021414344,0.1515722274780273,0.6880748271942139,0.6006568074226379,0.8113386631011963
1631021414442,0.154075339436531,0.6263050436973572,0.2799893915653229,0.3514971733093261
1631021414583,0.1517876982688903,0.5038920044898987,0.2468872517347335,0.3130984306335449
1631021414677,0.1441061645746231,0.3105107843875885,0.2177208960056305,0.2735851109027862
1631021414739,0.1321678757667541,0.0701435431838035,0.1900017112493515,0.2356563955545425
1631021414864,0.1214656829833984,-0.1309400349855423,-0.1876147389411926,0.2022378742694854
1631021414958,0.1175109073519706,-0.2219353467226028,-0.2055227309465408,0.1758529841899871
1631021415067,0.1249124258756637,-0.2532202005386352,-0.2206344157457351,0.1568961888551712
1631021415161,0.1412862539291381,-0.2699762880802154,-0.2332037836313247,0.1425866484642028
1631021415239,0.1578444838523864,-0.2797787487506866,-0.2441039532423019,0.1012477725744247
1631021415398,0.1577104032039642,-0.2875012457370758,-0.2570926547050476,0.0443625338375568
1631021415461,0.1554909497499466,-0.2986272871494293,-0.2663978040218353,-0.0269998591393232
1631021415555,0.1502588987350464,-0.2963467538356781,-0.2697449028491974,-0.1027208492159843
1631021415696,0.1413835734128952,-0.2491495162248611,-0.2707404792308807,-0.1577236652374267
1631021415789,0.1293864548206329,-0.162489652633667,-0.2739718854427337,-0.1613404005765915
1631021415868,0.1175600364804267,-0.0785947814583778,-0.2828491330146789,-0.1153328120708465
1631021415961,0.1067173704504966,-0.0258527379482984,-0.2979051768779754,-0.0547334291040897
1631021416070,0.0977865383028984,-0.0051760356873273,-0.3157517611980438,-0.0112820090726017
1631021416180,0.0875422731041908,0.0005360661889426,-0.3283361792564392,0.0113201402127742
1631021416289,0.0771075710654258,0.0054666716605424,-0.3278999030590057,0.0245525520294904
1631021416401,0.0635442733764648,0.0120282061398029,-0.3166971802711487,0.0342156291007995
1631021416479,0.0422499403357505,0.0171719044446945,-0.3036108016967773,0.0402264036238193
1631021416573,0.0071602673269808,0.0186084117740392,-0.2955311238765716,0.0429328680038452
1631021416666,-0.0438007973134517,0.0159628745168447,-0.292183369398117,0.0511538833379745
1631021416760,-0.1017188727855682,0.0103908572345972,-0.2924195826053619,0.0724460557103157
1631021416885,-0.1377512663602829,0.0014154888922348,-0.3017593026161194,0.1064548790454864
1631021416995,-0.1278056204319,-0.0134898172691464,-0.3277774751186371,0.147053837776184
1631021417120,-0.0700805038213729,-0.0440144538879394,-0.3674372136592865,0.1872525960206985
1631021417182,0.0029501786921173,-0.1066271141171455,-0.4044840037822723,0.218205913901329
1631021417292,0.0592739358544349,-0.2098558247089386,-0.4223587214946747,0.2280222773551941
1631021417403,0.0896496623754501,-0.3350968956947326,-0.4208236932754516,0.2124715596437454
1631021417528,0.1056459471583366,-0.430347591638565,-0.4106582701206207,0.1838797032833099
1631021417621,0.1177150905132293,-0.4603580236434936,-0.4011705815792084,0.1624521166086197
1631021417731,0.1282707154750824,-0.4576697051525116,-0.3987791538238525,0.1594944894313812
1631021417793,0.1362033933401107,-0.4584307074546814,-0.4107554256916046,0.1673137545585632
1631021417871,0.1420993059873581,-0.4651918113231659,-0.4383056461811065,0.1770713031291961
1631021418012,0.1488362401723861,-0.468678742647171,-0.4722101986408233,0.1869458109140396
1631021418090,0.1572426557540893,-0.4597558379173279,-0.5010203719139099,0.2039083689451217
1631021418231,0.1667576134204864,-0.4322868585586548,-0.5214714407920837,0.2288781702518463
1631021418356,0.173923835158348,-0.3920135796070099,-0.5401694774627686,0.2513781189918518
1631021418391,0.1767820119857788,-0.3548983633518219,-0.5606414079666138,0.2668564021587372
1631021418501,0.1696081310510635,-0.3317383527755737,-0.5796992182731628,0.2762348353862762
1631021418594,0.1494610756635666,-0.3192774057388305,-0.5967594385147095,0.2821944653987884
1631021418766,0.1200904101133346,-0.300043910741806,-0.6118678450584412,0.2867776155471802
1631021418829,0.0920615792274475,-0.2570011615753174,-0.6195961833000183,0.2916902601718902
1631021418922,0.0722561627626419,-0.1942736357450485,-0.609475314617157,0.2980404794216156
1631021419063,0.0581888519227504,-0.133546307682991,-0.5863189697265625,0.3049812018871307
1631021419125,0.0484893210232257,-0.0909413173794746,-0.5654833912849426,0.30911785364151
1631021419203,0.047496061772108,-0.0690113306045532,-0.5540839433670044,0.3092250227928161
1631021419360,0.0569560639560222,-0.0619690082967281,-0.5399527549743652,0.309470534324646
1631021419441,0.0834222808480262,-0.0620113760232925,-0.5275179743766785,0.3154194355010986
1631021419535,0.0969935804605484,-0.0485311336815357,-0.5079502463340759,0.3530012965202331
1631021419613,0.1105894818902015,0.0230610091239213,-0.4885352253913879,0.3615822494029999
1631021419738,0.1230548471212387,0.1613930463790893,-0.4719099700450897,0.359043151140213
1631021419816,0.1366025805473327,0.3121736347675323,-0.4549811482429504,0.3492504954338074
1631021419956,0.1465007066726684,0.4266703426837921,-0.4320979118347168,0.3367510735988617
1631021420050,0.1498618125915527,0.492341011762619,-0.4015510380268097,0.3228719830513
1631021420128,0.1441292017698288,0.5195729732513428,-0.3665851056575775,0.303943932056427
1631021420222,0.1318278610706329,0.5251510143280029,-0.335533082485199,0.2760626673698425
1631021420331,0.1197345703840255,0.5203473567962646,-0.3168693482875824,0.2441946864128112
1631021420428,0.1187651455402374,0.50859135389328,-0.3185994923114776,0.2535339891910553
1631021420553,0.1347488313913345,0.4933495819568634,-0.2254554033279419,0.2699765563011169
1631021420646,0.1603604108095169,0.4800280928611755,-0.1820632368326187,0.2841578722000122
1631021420740,0.2013807892799377,0.4721511006355285,-0.1617981493473053,0.2990853488445282
1631021420865,0.2257382273674011,0.4688819944858551,-0.1603049039840698,0.309970885515213
1631021420944,0.2016797661781311,0.467188149690628,-0.2070337980985641,0.3065528869628906
1631021421037,0.187055617570877,0.4605690836906433,-0.2439735680818557,0.2118314802646637
1631021421162,0.1764452010393142,0.4322141110897064,-0.2748394012451172,0.1849029213190078
1631021421240,0.1650238037109375,0.3578017055988312,-0.3023329973220825,0.1564823985099792
1631021421349,0.1551070064306259,0.2157730311155319,-0.3107397854328155,0.1347556859254837
1631021421490,0.1551070064306259,0.0041205291636288,-0.2461950182914734,0.1336783617734909
1631021421568,0.1551070064306259,-0.2185897380113601,-0.2461950182914734,0.1934811621904373
1631021421631,0.1551070064306259,-0.2844063639640808,-0.2461950182914734,0.3419373333454132
1631021421771,0.1551070064306259,-0.1651957780122757,-0.2461950182914734,0.3419373333454132
1631021421896,0.1551070064306259,-0.0165119171142578,-0.2461950182914734,0.3419373333454132
1631021421974,0.1551070064306259,0.0929013937711715,-0.2461950182914734,0.3368999660015106
1631021422084,0.1551070064306259,0.1562257409095764,-0.285616934299469,0.3385567665100097
1631021422162,0.1534532755613327,0.1860512644052505,-0.3131681680679321,0.3510007262229919
1631021422255,0.135201096534729,0.2080563157796859,-0.3232170939445495,0.3692075610160827
1631021422384,0.1142361238598823,0.2431061416864395,-0.3146290779113769,0.3906799256801605
1631021422479,0.1029332354664802,0.2905241549015045,-0.2892406582832336,0.4175679385662079
1631021422573,0.1029332354664802,0.3361751735210418,-0.0492401756346225,0.4565534591674804
1631021422666,0.1029332354664802,0.3689571619033813,0.0667241364717483,0.5138058662414551
1631021422823,0.1029332354664802,0.3883986175060272,0.1147763803601265,0.592843770980835
1631021422901,0.1029332354664802,0.4000472724437713,0.1258437782526016,0.592843770980835
1631021422995,0.1029332354664802,0.4051243662834167,0.0844055861234664,0.592843770980835
1631021423119,0.3665967881679535,0.4013679921627044,0.0712762996554374,0.592843770980835
1631021423198,0.3493750691413879,0.3815530240535736,0.079539343714714,0.592843770980835
1631021423291,0.3306972980499267,0.3395039141178131,0.0945657640695571,0.592843770980835
1631021423388,0.3313955962657928,0.2773787379264831,0.1453652679920196,0.592843770980835
1631021423466,0.423890471458435,0.2154004424810409,0.1453652679920196,0.592843770980835
1631021423606,0.6576766967773438,0.1972391307353973,0.1453652679920196,0.9569306373596193
1631021423716,0.6576766967773438,0.2409915179014206,0.1453652679920196,0.9569306373596193
1631021423794,0.6576766967773438,0.3077283203601837,0.1453652679920196,0.9569306373596193
1631021423888,0.6576766967773438,0.3048091530799866,0.1453652679920196,0.9569306373596193
1631021423981,0.6576766967773438,0.285800963640213,0.1453652679920196,0.9569306373596193
1631021424075,0.6576766967773438,0.2594321072101593,0.1125017777085304,0.9569306373596193
1631021424200,0.6576766967773438,0.2425457835197448,0.0945648998022079,0.9569306373596193
1631021424341,0.6569960713386536,0.2447563856840133,0.1111667826771736,0.9569306373596193
1631021424437,0.6942772269248962,0.2607775628566742,0.1565313935279846,0.9569306373596193
1631021424530,0.7444583773612976,0.2869740724563598,0.2112057954072952,0.9569306373596193
1631021424608,0.8009194731712341,0.3244660198688507,0.2112057954072952,0.9569306373596193
1631021424702,0.8712947964668274,0.3745960593223572,0.2112057954072952,0.9569306373596193
1631021424827,0.8712947964668274,0.4389404654502868,0.2112057954072952,0.9569306373596193
1631021424921,0.8712947964668274,0.5201112627983093,0.2112057954072952,0.9569306373596193
1631021425030,0.8712947964668274,0.5201112627983093,0.2112057954072952,0.9569306373596193
1631021425093,0.8712947964668274,0.5201112627983093,0.2112057954072952,0.9569306373596193
1631021425218,0.8712947964668274,0.5201112627983093,0.2112057954072952,0.9569306373596193
1631021425280,0.8712947964668274,0.5201112627983093,0.2112057954072952,0.9569306373596193
1631021425421,0.8712947964668274,0.5201112627983093,0.2112057954072952,0.9569306373596193
1631021425562,0.8712947964668274,0.5201112627983093,0.2112057954072952,0.9569306373596193
1631021425640,0.8712947964668274,0.5201112627983093,0.2112057954072952,0.9569306373596193
1631021425702,0.8712947964668274,0.5201112627983093,0.2112057954072952,0.9569306373596193
1631021425796,0.8712947964668274,0.5201112627983093,0.2112057954072952,0.9569306373596193
1631021425936,0.8712947964668274,0.5201112627983093,0.2112057954072952,0.9569306373596193
1631021426046,0.8712947964668274,0.5201112627983093,0.2112057954072952,0.9569306373596193
1631021426124,0.8712947964668274,0.5201112627983093,0.2112057954072952,0.9569306373596193
1631021426233,0.8712947964668274,0.5201112627983093,0.2112057954072952,0.9569306373596193
1631021426342,0.8712947964668274,0.5201112627983093,0.2112057954072952,0.9569306373596193
1631021426422,0.8712947964668274,0.5201112627983093,0.2112057954072952,0.9569306373596193
1631021426532,0.8712947964668274,0.5201112627983093,-0.3939705193042755,0.9569306373596193
1631021426672,0.8712947964668274,0.5201112627983093,-0.4203784167766571,0.9569306373596193
1631021426735,0.8712947964668274,-0.4083882570266723,-0.4473798274993896,0.9569306373596193
1631021426844,0.2983927130699157,-0.378637820482254,-0.4719186723232269,0.9569306373596193
1631021426938,0.2816758453845978,-0.3515260219573974,-0.4828158318996429,0.9569306373596193
1631021427016,0.2592518031597137,-0.337820827960968,-0.4880179762840271,0.9569306373596193
1631021427141,0.2483316659927368,-0.333802580833435,-0.494820237159729,0.0225506592541933
1631021427266,0.246181458234787,-0.3278815150260925,-0.4942800104618072,0.0276054795831441
1631021427360,0.2512935698032379,-0.3162472248077392,-0.4762563407421112,0.0782438144087791
1631021427454,0.2842393815517425,-0.2984864115715027,-0.445640355348587,0.1906531006097793
1631021427532,0.3744582235813141,-0.2747690975666046,-0.4181913137435913,0.3517758250236511
1631021427643,0.5001885890960693,-0.2433728128671646,-0.4029889702796936,0.5101861357688904
1631021427759,0.6124466061592102,-0.2076725214719772,-0.402105301618576,0.6283097863197327
1631021427905,0.6827128529548645,-0.1693208813667297,-0.4100918769836426,0.6948032379150391
1631021427996,0.7088379263877869,-0.1220964714884758,-0.4224647283554077,0.7449804544448853
1631021428063,0.7254562377929688,-0.0800279900431633,-0.436271995306015,0.7666337490081787
1631021428160,0.7243560552597046,-0.0512219965457916,-0.4354147613048553,0.7742419242858887
1631021428281,0.7184134721755981,-0.0403849147260189,-0.4121293425559997,0.7434785962104797
1631021428333,0.736647367477417,-0.0458952561020851,-0.3724881112575531,0.7149257063865662
1631021428482,0.7595604658126831,-0.0524900257587432,-0.3014920651912689,0.6941159963607788
1631021428591,0.7864925861358643,-0.0184977874159812,-0.2891351580619812,0.6998185515403748
1631021428663,0.8153085708618164,0.1224499717354774,-0.2741659283638,0.7864949107170105
1631021428773,0.8462997078895569,0.3256962895393371,-0.2602457702159881,0.8111479878425598
1631021428892,0.8798181414604187,0.5013986825942993,-0.2545712888240814,0.8343448638916016
1631021428993,0.910184919834137,0.6150401830673218,-0.2600919902324676,0.850753128528595
1631021429092,0.9201462268829346,0.6710094213485718,-0.2701269388198852,0.8505672812461853
1631021429200,0.8877283334732056,0.6896390318870544,-0.2737120985984802,0.8249263763427734
1631021429278,0.7929101586341858,0.6923912167549133,-0.2593854665756225,0.7738410830497742
1631021429436,0.624992311000824,0.6921281218528748,-0.2244064062833786,0.8820573687553406
1631021429546,0.624992311000824,0.7049275636672974,-0.1711834669113159,0.9566953778266908
1631021429577,0.624992311000824,0.7261388301849365,-0.1047305390238761,1.095088243484497
1631021429702,0.624992311000824,0.7512766122817993,-0.1047305390238761,1.28903067111969
1631021429843,0.624992311000824,0.7815497517585754,-0.1047305390238761,1.4615299701690674
1631021429931,0.624992311000824,0.8171988129615784,-0.1047305390238761,1.5774000883102417
1631021430017,0.624992311000824,0.8563216328620911,-0.1047305390238761,1.645898461341858
1631021430091,0.624992311000824,0.892128050327301,-0.1047305390238761,1.682692050933838
1631021430199,0.624992311000824,0.9044495224952698,-0.1047305390238761,1.6953588724136353
1631021430306,0.624992311000824,0.86933434009552,-0.1047305390238761,1.6953588724136353
1631021430400,0.624992311000824,0.7706143260002136,-0.1047305390238761,1.6953588724136353
1631021430494,0.624992311000824,0.6115743517875671,-0.1047305390238761,1.6953588724136353
1631021430572,0.624992311000824,0.3810573518276214,-0.1047305390238761,1.6953588724136353
1631021430703,0.624992311000824,0.2484219521284103,-0.1047305390238761,1.6953588724136353
1631021430750,0.624992311000824,0.2145525962114334,-0.1047305390238761,1.6953588724136353
1631021430922,0.522404134273529,0.2189850062131881,-0.4592420160770416,1.669589281082153
1631021431008,0.5637657642364502,0.1334919035434723,-0.3693413734436035,1.64971923828125
1631021431102,0.646693229675293,0.2099193930625915,-0.1491570472717285,1.61458158493042
1631021431226,0.7256081700325012,0.2519553899765014,0.0870850533246994,1.537714958190918
1631021431285,0.7748461365699768,0.2560756504535675,0.2595837712287903,1.4057185649871826
1631021431413,0.7897003293037415,0.2345938235521316,0.3578837513923645,1.2293691635131836
1631021431526,0.7806219458580017,0.2044397145509719,0.3945313990116119,1.025997757911682
1631021431642,0.7604971528053284,0.1783439069986343,0.3918768167495727,0.7964065074920654
1631021431726,0.737471342086792,0.1595843434333801,0.3719198405742645,0.485226571559906
1631021431815,0.7162303328514099,0.1456393599510193,0.3513752818107605,0.4570312201976776
1631021431910,0.7075410485267639,0.1334164142608642,0.3513752818107605,0.4360679686069488
1631021432003,0.73516845703125,0.1370035856962204,0.3513752818107605,0.4506798982620239
1631021432179,0.8329862356185913,0.199148878455162,0.3786682188510895,0.538695216178894
1631021432252,0.9646558165550232,0.3111406564712524,0.4113694429397583,0.538695216178894
1631021432339,0.9855834245681764,0.3258781135082245,0.4487425684928894,0.538695216178894
1631021432406,1.0084375143051147,0.3352419137954712,0.4899008870124817,0.559694230556488
1631021432510,1.0265233516693115,0.332429826259613,0.529230535030365,0.5756268501281738
1631021432645,1.035143494606018,0.3178677260875702,0.551794171333313,0.5776919722557068
1631021432783,1.0360502004623413,0.3030798435211181,0.5365881323814392,0.5623443722724915
1631021432909,1.0380148887634275,0.3051625192165375,0.46692755818367,0.5403690338134766
1631021432938,1.0531448125839231,0.3312255144119262,0.3363645076751709,0.5278518795967102
1631021433063,1.0870040655136108,0.3746689558029175,0.3363645076751709,0.5393334627151489
1631021433110,1.1382932662963867,0.42631995677948,0.3363645076751709,0.5768568515777588
1631021433219,1.2057836055755615,0.4848709404468536,0.3363645076751709,0.6392855048179626
1631021433376,1.2913341522216797,0.5568817257881165,0.3363645076751709,0.6392855048179626
1631021433463,1.2913341522216797,0.5568817257881165,0.3363645076751709,0.6392855048179626
1631021433541,1.2913341522216797,0.5568817257881165,0.3363645076751709,0.6392855048179626
1631021433639,1.2913341522216797,0.5568817257881165,0.3363645076751709,0.6392855048179626
1631021433719,1.2913341522216797,0.5568817257881165,0.3363645076751709,0.6392855048179626
1631021433833,0.2706242799758911,-0.2176329493522644,-0.1320953220129013,0.6392855048179626
1631021433943,0.2863789796829223,-0.2498501241207122,-0.1351343393325805,0.4538986682891845
1631021434053,0.287079781293869,-0.2730711996555328,-0.1392236799001693,0.4016047716140747
1631021434194,0.2723202109336853,-0.2906930446624756,-0.1428003162145614,0.3533855378627777
1631021434256,0.2561810314655304,-0.3044497072696686,-0.137880340218544,0.3206076622009277
1631021434350,0.2633096575736999,-0.3032419383525848,-0.1070021912455558,0.3258469104766845
1631021434444,0.3211522996425628,-0.2767568528652191,-0.0264346916228532,0.3924119770526886
1631021434585,0.4156678020954132,-0.2318205684423446,0.0911394134163856,0.3924119770526886
1631021434678,0.4156678020954132,-0.1858293563127517,0.2039227038621902,0.3924119770526886
1631021434756,0.4156678020954132,-0.1365088671445846,0.2816106677055359,0.3924119770526886
1631021434866,0.4156678020954132,-0.0436331555247306,0.2816106677055359,0.3924119770526886
1631021434975,0.4156678020954132,-0.0436331555247306,0.2816106677055359,0.3924119770526886
1631021435069,0.4354859888553619,-0.0417276993393898,0.3023376762866974,0.3924119770526886
1631021435225,0.4504429399967193,-0.0327484756708145,0.3268207609653473,0.3781737983226776
1631021435287,0.4652751684188843,-0.0145762450993061,0.3547106385231018,0.3485882580280304
1631021435387,0.4809654355049133,0.0102309333160519,0.3864406645298004,0.3269380331039428
1631021435450,0.5000876188278198,0.0391543172299861,0.4232466518878937,0.3360683917999267
1631021435575,0.5321197509765625,0.0729066655039787,0.4668387174606323,0.3806403875350952
1631021435700,0.5894283652305603,0.1128671690821647,0.5190525054931641,0.3806403875350952
1631021435793,0.5894283652305603,0.1610262393951416,0.5806783437728882,0.3806403875350952
1631021435871,0.5894283652305603,0.2140298038721084,0.6490526795387268,0.3806403875350952
1631021435968,0.5894283652305603,0.1999280005693435,0.6490526795387268,0.3806403875350952
1631021436093,0.5894283652305603,0.1741687655448913,0.6490526795387268,0.3806403875350952
1631021436181,0.5894283652305603,0.1380097568035125,0.6490526795387268,0.3806403875350952
1631021436295,0.5894283652305603,0.0737171471118927,0.6490526795387268,0.3806403875350952
1631021436402,-0.1580361276865005,-0.168251559138298,0.0301577411592006,0.4058071374893188
1631021436491,-0.0837231054902076,-0.1786724030971527,0.0364401452243328,0.4395619928836822
1631021436601,-0.0579478815197944,-0.1847324222326278,0.0171715058386325,0.4608728289604187
1631021436729,-0.0333416014909744,-0.1849417686462402,-0.0178862810134887,0.4789645671844482
1631021436809,0.0132688423618674,-0.1828390508890152,-0.0581118501722812,0.4990227222442627
1631021436917,0.0744117349386215,-0.1798461377620697,-0.0948241800069809,0.5209947228431702
1631021437009,0.1441766768693924,-0.1752161681652069,-0.1216039881110191,0.540157675743103
1631021437124,0.2169172912836074,-0.1702331602573394,-0.138170525431633,0.5516674518585205
1631021437214,0.2952975928783417,-0.1554140150547027,-0.1313468664884567,0.5575112104415894
1631021437362,0.4062958657741546,-0.0912545844912529,-0.0391086153686046,0.5817207098007202
1631021437428,0.5715593099594116,0.0668012946844101,0.1773769855499267,0.6587358117103577
1631021437486,0.5715593099594116,0.2800557017326355,0.4119697511196136,0.7797632813453674
1631021437629,0.6006175875663757,0.4564271867275238,0.6076825857162476,0.9146738052368164
1631021437710,0.6320595145225525,0.5697987675666809,0.7276694178581238,0.9362921714782716
1631021437798,0.6632548570632935,0.6273511052131653,0.7854104042053223,0.9953392148017884
1631021437923,0.6939217448234558,0.6494519114494324,0.8043267130851746,1.017338514328003
1631021438026,0.7277103066444397,0.656997799873352,0.8074714541435242,1.0124781131744385
1631021438081,0.768559455871582,0.6612757444381714,0.8092385530471802,1.0354549884796145
1631021438250,0.8150017261505127,0.6687681078910828,0.8185431957244873,1.0605510473251345
1631021438313,0.8648455142974854,0.6927458047866821,0.8506509065628052,1.0874450206756592
1631021438402,0.9192872047424316,0.7488059401512146,0.9239277839660645,1.1164469718933103
1631021438499,0.9807393550872804,0.8278214931488037,0.9527748227119446,1.1494512557983398
1631021438604,0.9807393550872804,0.9022232294082642,0.9834191203117372,1.1897988319396973
1631021438745,0.9807393550872804,0.95111745595932,1.0151660442352295,1.2398256063461304
1631021438823,0.9807393550872804,0.9690195322036744,1.0422970056533811,1.2919268608093262
1631021438955,0.9807393550872804,0.9576305747032166,1.0494911670684814,1.3208742141723633
1631021439031,0.9807393550872804,0.920941948890686,1.0207364559173584,1.3208742141723633
1631021439131,0.9807393550872804,0.8670060634613037,0.9523807168006896,1.3208742141723633
1631021439221,0.9807393550872804,0.8123192191123962,0.8655242919921875,1.3208742141723633
1631021439320,0.9807393550872804,0.774843692779541,0.7468897104263306,1.3208742141723633
1631021439451,0.9807393550872804,0.7584312558174133,0.686760425567627,1.3208742141723633
1631021439590,0.9807393550872804,0.7531039714813232,0.6675485968589783,1.3208742141723633
1631021439685,0.2750926613807678,0.7503524422645569,0.657168447971344,1.3208742141723633
1631021439736,0.2750926613807678,0.7454279065132141,0.6340298652648926,1.3208742141723633
1631021439815,0.2750926613807678,0.7316779494285583,0.5761616230010986,1.3208742141723633
1631021439893,0.2750926613807678,0.7011831998825073,0.0411012321710586,1.3208742141723633
1631021440049,0.2750926613807678,0.657966136932373,0.0411012321710586,1.3208742141723633
1631021440169,0.2750926613807678,0.6182763576507568,0.0411012321710586,1.3208742141723633
1631021440234,0.2750926613807678,0.5983434319496155,0.0411012321710586,1.3208742141723633
1631021440328,0.2750926613807678,0.5973525047302246,0.0411012321710586,1.3208742141723633
1631021440456,0.2750926613807678,0.6027153134346008,0.0411012321710586,1.3208742141723633
1631021440549,0.2750926613807678,0.6064128279685974,0.0411012321710586,1.3208742141723633
1631021440659,0.2750926613807678,0.6083155274391174,0.0411012321710586,1.3208742141723633
1631021440753,0.2750926613807678,0.6091071963310242,0.0411012321710586,1.3208742141723633
1631021440862,0.2750926613807678,0.6092819571495056,0.0925337150692939,1.3208742141723633
1631021440956,0.2750926613807678,0.6087368130683899,0.1078457683324813,1.3208742141723633
1631021441050,0.2750926613807678,0.6075810790061951,0.1168543919920921,1.3208742141723633
1631021441128,0.2750926613807678,0.6065407395362854,0.1239725351333618,1.3208742141723633
1631021441291,0.0689262747764587,0.6055439114570618,0.1022602990269661,0.1489583998918533
1631021441380,0.0031467552762478,0.5978623032569885,-0.2359583675861358,0.0927726253867149
1631021441502,-0.0429816395044326,0.5663671493530273,-0.2126514017581939,0.0460274703800678
1631021441596,-0.0452179424464702,0.4902454614639282,-0.1923224925994873,0.0050374581478536
1631021441663,-0.0189257469028234,0.3598825931549072,-0.1857744753360748,-0.0284080747514963
1631021441746,0.0141589343547821,0.1940018981695175,-0.1974031925201416,-0.0503428503870964
1631021441886,0.0441714935004711,0.0533334016799926,-0.2215415686368942,-0.0645371079444885
1631021441980,0.0702712833881378,-0.0108241597190499,-0.2473488450050354,-0.070438914000988
1631021442058,0.0921095386147499,-0.0235371626913547,-0.2630690634250641,-0.0663043335080146
1631021442151,0.1037580296397209,-0.0272918511182069,-0.2611873149871826,-0.0560938939452171
1631021442285,0.1137681603431701,-0.0276366248726844,-0.2255189567804336,-0.0427139177918434
1631021442351,0.1705581992864608,0.0077202771790325,-0.0966591909527778,0.0029356088489294
1631021442501,0.3431514501571655,0.1381076276302337,-0.0885655879974365,0.1208376437425613
1631021442610,0.6012493968009949,0.3397769927978515,-0.0760866776108741,0.3842427134513855
1631021442668,0.6253618597984314,0.5244525074958801,-0.0632067695260047,0.6253352165222168
1631021442818,0.6533854007720947,0.6491285562515259,-0.0510927662253379,0.7888780832290649
1631021442896,0.6855545043945312,0.7140176296234131,-0.040823470801115,0.8803513050079346
1631021442989,0.7203596830368042,0.743037760257721,-0.0336037725210189,0.908479869365692
1631021443099,0.7551385760307312,0.7723112106323242,-0.0273657478392124,0.9390881657600404
1631021443180,0.790460467338562,0.8207747340202332,-0.0131516717374324,0.9722646474838256
1631021443313,0.8286036849021912,0.8765649199485779,0.0207934435456991,1.008036732673645
1631021443394,0.872078537940979,0.9197416305541992,0.0793756991624832,1.047081470489502
1631021443516,0.923238217830658,0.9421716332435608,0.1601158380508422,1.089969515800476
1631021443616,0.97657710313797,0.948829472064972,0.1601158380508422,1.107359766960144
1631021443728,0.9968984723091124,0.949254870414734,0.1601158380508422,1.111825466156006
1631021443796,1.0082281827926636,0.9484818577766418,0.1601158380508422,1.158238172531128
1631021443954,0.9968222975730896,0.9446902871131896,0.1601158380508422,1.207033634185791
1631021444055,0.905215322971344,0.9281317591667176,0.1601158380508422,1.243346929550171
1631021444124,0.5527064204216003,0.8870748281478882,0.1601158380508422,1.189046025276184
1631021444183,0.5081465244293213,0.8194060921669006,0.1143408790230751,1.073094606399536
1631021444332,0.4760942161083221,0.7409811615943909,0.2147465497255325,0.9096555709838868
1631021444412,0.4603807032108307,0.6798811554908752,0.315195083618164,0.7816420197486877
1631021444490,0.4724175333976745,0.6442291736602783,0.383681058883667,0.8359549641609192
1631021444599,0.5103376507759094,0.6015768051147461,0.4131217300891876,0.8696620464324951
1631021444709,0.5545547604560852,0.5141282081604004,0.4231346845626831,0.8798586130142212
1631021444802,0.5545547604560852,0.3731026649475097,0.4645437598228454,0.8829029202461243
1631021444938,0.5545547604560852,0.2486617416143417,0.5850682854652405,0.8829029202461243
1631021445047,0.5545547604560852,0.3259750604629516,0.761924684047699,0.8829029202461243
1631021445110,0.4970923066139221,0.5875416994094849,0.761924684047699,0.8963748216629028
1631021445203,0.4793806374073028,0.8412430882453918,0.761924684047699,0.9331095218658448
1631021445297,0.4754694998264313,1.0196189880371094,0.761924684047699,0.9331095218658448
1631021445410,0.4853670001029968,1.0478355884552002,0.7912617325782776,0.9331095218658448
1631021445566,0.5123592615127563,1.0773035287857056,0.8258554935455322,0.9331095218658448
1631021445641,0.5563952326774597,1.1085247993469238,0.8646032810211182,0.9541758894920348
1631021445733,0.6121776700019836,1.142674207687378,0.904138684272766,0.9780144095420836
1631021445811,0.6785908937454224,1.180950164794922,0.941378891468048,0.9984124302864076
1631021445913,0.6785908937454224,1.2240523099899292,0.9774312376976012,1.000824213027954
1631021446036,0.6785908937454224,1.2244857549667358,0.9469972848892212,1.000824213027954
1631021446190,0.6785908937454224,1.2229492664337158,0.9205551743507384,1.000824213027954
1631021446291,0.6785908937454224,1.2201941013336182,0.8975532650947571,1.000824213027954
1631021446345,0.6785908937454224,1.2159520387649536,0.8504780530929565,1.000824213027954
1631021446443,-0.1571313291788101,1.203620672225952,0.6943857073783875,1.000824213027954
1631021446532,-0.173141673207283,1.1637623310089111,-0.3133993446826935,1.000824213027954
1631021446654,-0.1389765739440918,1.0559567213058472,-0.3423115909099579,1.000824213027954
1631021446809,-0.0846771970391273,0.7926329970359802,-0.3673420250415802,1.000824213027954
1631021446858,-0.0182433072477579,-0.4965758621692657,-0.3884957432746887,1.000824213027954
1631021446954,0.0504525154829025,-0.4978203177452087,-0.4054855704307556,1.000824213027954
1631021447032,0.1091237887740135,-0.4986157119274139,-0.4180112779140472,1.000824213027954
1631021447141,0.1091237887740135,-0.4931667149066925,-0.4063873887062073,1.000824213027954
1631021447219,0.1091237887740135,-0.4703030586242676,-0.4063873887062073,1.000824213027954
1631021447376,0.1091237887740135,-0.4703030586242676,-0.4063873887062073,1.000824213027954
1631021447457,0.1091237887740135,-0.4703030586242676,-0.4063873887062073,1.000824213027954
1631021447567,0.1091237887740135,-0.5614277720451355,-0.4365547001361847,1.000824213027954
1631021447629,0.1152538210153579,-0.6059731841087341,-0.4703313112258911,1.000824213027954
1631021447751,0.1347294896841049,-0.6029830574989319,-0.50227290391922,1.000824213027954
1631021447867,0.1723461896181106,-0.5788569450378418,-0.5229036211967468,1.000824213027954
1631021447966,0.2249156236648559,-0.5481517910957336,-0.5290669798851013,1.000824213027954
1631021448071,0.2787756025791168,-0.5133870840072632,-0.5248672366142273,1.000824213027954
1631021448170,0.3273415565490722,-0.4772572219371795,-0.5157268643379211,1.000824213027954
1631021448272,0.3273415565490722,-0.4433768987655639,-0.4969069063663482,1.000824213027954
1631021448352,0.3273415565490722,-0.4408421218395233,-0.4833564758300781,1.000824213027954
1631021448466,0.3273415565490722,-0.4558349549770355,-0.4853009879589081,1.000824213027954
1631021448575,0.3273415565490722,-0.4614773988723755,-0.4922453761100769,1.000824213027954
1631021448669,0.3273415565490722,-0.4562382102012634,-0.5582998991012573,1.000824213027954
1631021448794,0.3273415565490722,-0.4559735655784607,-0.4796698689460754,-0.2495902925729751
1631021448872,0.1603032797574997,-0.366283655166626,-0.3312717378139496,-0.2182170897722244
1631021448984,0.2014649659395218,-0.2689715623855591,-0.1661864519119262,-0.1671240925788879
1631021449094,0.210426390171051,-0.18519988656044,-0.0433828569948673,-0.1289684474468231
1631021449187,0.1971943825483322,-0.1226133555173873,0.0239072702825069,-0.1118306517601013
1631021449297,0.1887693256139755,-0.0729441568255424,0.0483114346861839,-0.0728819966316223
1631021449359,0.2095353603363037,-0.0139199951663613,0.0683193281292915,-0.0728819966316223
1631021449484,0.2689112424850464,0.0612111873924732,0.1233617141842842,-0.0728819966316223
1631021449609,0.3411067128181457,0.1351078003644943,0.2057284265756607,-0.0728819966316223
1631021449672,0.3957210183143616,0.1868138015270233,0.2791780829429626,-0.0728819966316223
1631021449828,0.3957210183143616,0.2109158933162689,0.321494311094284,-0.0728819966316223
1631021449890,0.3957210183143616,0.2359417378902435,0.3564739823341369,-0.0728819966316223
1631021450035,0.3957210183143616,0.2501121461391449,0.3731230497360229,-0.0719332471489906
1631021450116,0.4220573604106903,0.2671377956867218,0.4000170230865478,-0.0521884560585022
1631021450194,0.445146381855011,0.3082224130630493,0.4281748831272125,-0.0128356907516717
1631021450272,0.4634947776794433,0.3958743214607239,0.4560155272483825,0.0300398953258991
1631021450399,0.478229284286499,0.5133329033851624,0.4791042506694793,0.0592211075127124
1631021450524,0.4952641129493713,0.6200814843177795,0.4938051700592041,0.0592211075127124
1631021450618,0.5251893401145935,0.6927751898765564,0.5037869215011597,0.0592211075127124
1631021450696,0.5757487416267395,0.729987621307373,0.5191698670387268,0.0592211075127124
1631021450790,0.6407704949378967,0.7426055073738098,0.548873245716095,0.0592211075127124
1631021450884,0.6407704949378967,0.741578996181488,0.5849955677986145,0.0592211075127124
1631021451004,0.6407704949378967,0.7320476174354553,0.6022167801856995,0.0592211075127124
1631021451114,0.6407704949378967,0.7167016267776489,0.5761123895645142,0.0592211075127124
1631021451223,0.6407704949378967,0.7007796764373779,0.3826561570167541,0.0592211075127124
1631021451332,0.6407704949378967,0.6900734901428223,0.1202535778284072,0.0592211075127124
1631021451413,0.6407704949378967,0.68861985206604,-0.1230246499180793,0.0592211075127124
1631021451507,0.6407704949378967,0.6948869824409485,-0.2389120906591415,0.4186399579048157
1631021451647,0.0969038903713226,0.7014964818954468,-0.1825926005840301,0.4944364726543426
1631021451757,0.136368840932846,0.6957124471664429,-0.1509669870138168,0.5278541445732117
1631021451819,0.1799062639474868,0.6594493985176086,-0.1400655806064605,0.5354365706443787
1631021451949,0.2243597209453582,0.5793482065200806,-0.1428831964731216,0.5326537489891052
1631021452012,0.2606770396232605,0.4574486017227173,-0.1537655889987945,0.5244306921958923
1631021452137,0.2850837707519531,0.3189108371734619,-0.1681253910064697,0.507922887802124
1631021452246,0.2983026802539825,0.2083599418401718,-0.1818855851888656,0.4824117422103882
1631021452356,0.3039738237857818,0.1511094123125076,-0.1811473965644836,0.4531766176223755
1631021452469,0.3039738237857818,0.1322435438632965,-0.1175425797700882,0.4358674883842468
1631021452532,0.3039738237857818,0.1406523287296295,0.0813357383012771,0.4597985446453094
1631021452625,0.3039738237857818,0.183304414153099,0.3558424413204193,0.543481707572937
1631021452797,0.3039738237857818,0.2521933615207672,0.6122310161590576,0.6722426414489746
1631021452844,0.3227859735488891,0.3198576867580414,0.7868861556053162,0.7763568162918091
1631021452969,0.3459473252296448,0.3623679280281067,0.8855354189872742,0.790597677230835
1631021453031,0.3686533272266388,0.3724938333034515,0.928976833820343,0.7991422414779663
1631021453156,0.389158546924591,0.3598744571208954,0.9432761073112488,0.8058443069458008
1631021453235,0.4066871106624603,0.3418525755405426,0.9494972229003906,0.8166651129722595
1631021453313,0.4173130095005035,0.3302495777606964,0.9556501507759094,0.8346299529075623
1631021453484,0.425268143415451,0.3260571658611297,0.9620338082313538,0.8591857552528381
1631021453547,0.4244399070739746,0.3230980932712555,0.96675443649292,0.8610700964927673
1631021453656,0.4217299520969391,0.3170627355575561,0.969202756881714,0.8594280481338501
1631021453750,0.4260063767433166,0.3097944557666778,0.9700073599815368,0.8602315783500671
1631021453875,0.4517697989940643,0.3035274147987366,0.969311773777008,0.8647198677062988
1631021453953,0.4762073457241058,0.2960940599441528,0.9640026092529296,0.8660348057746887
1631021454094,0.5000678896903992,0.2778315842151642,0.9422314167022704,0.8460459113121033
1631021454168,0.5093704462051392,0.2330609858036041,0.8820712566375732,0.7709410190582275
1631021454277,0.502903938293457,0.1494623720645904,0.7623051404953003,0.6008241772651672
1631021454355,0.4894854724407196,0.0275401957333087,0.5729741454124451,0.2630530893802643
1631021454512,0.4774163067340851,-0.1130442172288894,0.3327157497406006,0.2432922124862671
1631021454574,0.4746105372905731,-0.2329557687044143,0.1153666526079177,0.2199475467205047
1631021454746,0.4780071973800659,-0.3050654232501983,-0.0100534008815884,0.1966773569583892
1631021454793,0.4818227887153625,-0.3343908786773681,-0.0883069261908531,0.1810842156410217
1631021454855,0.4931735396385193,-0.3229401111602783,-0.1408268064260482,0.195830225944519
1631021455012,0.5523568391799927,-0.2574704885482788,-0.0385014228522777,0.2922476530075073
1631021455074,0.6841290593147278,-0.1153026670217514,-0.0792074277997016,0.4648473858833313
1631021455184,0.8486506342887878,0.0630655214190483,-0.0966224074363708,0.666991651058197
1631021455324,0.9912322759628296,0.2196636348962783,-0.092333510518074,0.8225857615470886
1631021455421,1.0955042839050293,0.3291451930999756,-0.0750405713915824,0.9205760955810548
1631021455499,1.1634621620178225,0.3930226564407348,-0.0485346242785453,0.9748674631118774
1631021455639,1.203460693359375,0.4242944419384002,-0.0133627634495496,1.00350022315979
1631021455796,1.229188084602356,0.4429176151752472,0.0791948437690734,1.024117112159729
1631021455936,1.23052978515625,0.4435987770557403,0.1304173767566681,1.0266979932785034
1631021456030,1.2315890789031982,0.4433667361736297,0.186025470495224,1.0307174921035769
1631021456108,1.232807993888855,0.443625271320343,0.2545350193977356,1.0384931564331057
1631021456202,1.233512282371521,0.4448673725128174,0.3337156772613525,1.049814224243164
1631021456342,1.2341840267181396,0.4465091526508331,0.4136340320110321,1.062678575515747
1631021456420,1.2341036796569824,0.4463206529617309,0.4692060053348541,1.072189450263977
1631021456702,1.225374698638916,0.4380363523960113,0.4249291718006134,1.0669243335723877
1631021456733,1.194009780883789,0.4065383374691009,0.4263042211532593,1.031562089920044
1631021456920,1.128049373626709,0.3366724848747253,0.4088993966579437,0.9583042860031128
1631021456967,1.0265178680419922,0.2223051488399505,0.3835227191448211,0.8559343814849854
1631021457014,0.8947710990905762,0.075012058019638,0.3623197376728058,0.7488188743591309
1631021457045,0.7450538277626038,-0.0702097862958908,0.3501507937908172,0.6618183255195618
1631021457108,0.5971048474311829,-0.1616792976856231,0.3592955470085144,0.6032000184059143
1631021457201,0.4949164390563965,-0.1611550897359848,0.4089973866939544,0.5812472105026245
1631021457295,0.4595319926738739,-0.0715240165591239,0.488938421010971,0.6003426909446716
1631021457420,0.4581297636032104,0.0487383268773555,0.5818259716033936,0.64626145362854
1631021457498,0.4592964947223663,0.1532859802246093,0.6456084847450256,0.6975551843643188
1631021457576,0.4508610963821411,0.1787645816802978,0.6614262461662292,0.7563988566398621
1631021457748,0.4371237754821777,0.2055861055850982,0.6739038825035095,0.7604975700378418
1631021457811,0.4184009134769439,0.2315605282783508,0.6832577586174011,0.7596359252929688
1631021457920,0.3846169114112854,0.2541260719299316,0.691387951374054,0.7575017809867859
1631021457982,0.3251361846923828,0.2741291522979736,0.7030582427978516,0.7604783773422241
1631021458092,0.2459319978952407,0.2961929440498352,0.7246864438056946,0.7751641869544983
1631021458186,0.1783877164125442,0.3266994655132293,0.7598559260368347,0.800460696220398
1631021458373,0.1567791104316711,0.3683524131774902,0.8072569370269775,0.8302849531173706
1631021458439,0.1567791104316711,0.4205970466136932,0.8629302978515625,0.8631229400634766
1631021458517,0.1567791104316711,0.4831798374652862,0.9265580177307128,0.9041298627853394
1631021458642,0.1567791104316711,0.5539524555206299,0.9930163025856018,0.9565759301185608
1631021458720,0.1567791104316711,0.5539524555206299,0.9930163025856018,1.0113738775253296
1631021458798,0.1567791104316711,0.5539524555206299,0.9930163025856018,0.9722614884376526
1631021458951,0.1567791104316711,0.5539524555206299,0.9930163025856018,0.8970982432365417
1631021459029,0.1567791104316711,0.5539524555206299,0.9930163025856018,0.7876896858215332
1631021459123,0.4816168248653412,-0.0725552141666412,0.1133410930633544,0.558022141456604
1631021459216,0.4471041858196258,-0.1289948225021362,0.1162127330899238,0.5730587244033813
1631021459341,0.4128220379352569,-0.1420357227325439,0.0989522486925125,0.5663965344429016
1631021459439,0.3898485004901886,-0.1005098074674606,0.0716176703572273,0.5445290803909302
1631021459548,0.3804905116558075,-0.02828567661345,0.0431989356875419,0.5169119834899902
1631021459673,0.3799547553062439,0.0423351638019084,0.0338756777346134,0.5169119834899902
1631021459736,0.392726868391037,0.1024235934019088,0.0726526901125907,0.5169119834899902
1631021459845,0.392726868391037,0.1820243000984192,0.0726526901125907,0.5169119834899902
1631021459923,0.392726868391037,0.3212044239044189,0.0726526901125907,0.5169119834899902
1631021460033,0.392726868391037,0.3212044239044189,0.0726526901125907,0.5169119834899902
1631021460176,0.392726868391037,0.3212044239044189,0.0726526901125907,0.5169119834899902
1631021460254,0.392726868391037,0.3212044239044189,0.0726526901125907,0.5169119834899902
1631021460363,0.3667305409908294,0.3404339253902435,0.0722385123372078,0.5198186635971069
1631021460457,0.3442161977291107,0.3618530333042145,0.0749116390943527,0.5243571996688843
1631021460535,0.3291824758052826,0.3920475542545318,0.0653760656714439,0.5123749375343323
1631021460629,0.3214202523231506,0.434501051902771,0.0432420261204242,0.4714996218681335
1631021460801,0.5227696895599365,0.4749326109886169,0.0242314264178276,0.6052509546279907
1631021460879,0.6996278166770935,0.5008900165557861,0.0308225657790899,0.795576810836792
1631021460941,0.8576808571815491,0.5031450986862183,0.0888608023524284,0.9765176773071288
1631021461064,0.9737104177474976,0.4855651259422302,0.1578731387853622,1.107688546180725
1631021461168,1.0405242443084717,0.4557073712348938,0.1889959573745727,1.095895767211914
1631021461261,1.06327223777771,0.4153707921504974,0.1264972388744354,1.053547739982605
1631021461413,1.0173282623291016,0.3393740653991699,0.0938093364238739,0.9985335469245912
1631021461482,0.9728346467018129,0.0921167433261871,0.0588162206113338,0.946029245853424
1631021461590,0.9357572793960572,0.078970618546009,0.0250330343842506,0.9027305245399476
1631021461660,0.9042925238609314,0.0627312287688255,-0.0018595560686662,0.8681416511535645
1631021461773,0.8747203946113586,0.040264893323183,-0.0162025969475507,0.840071439743042
1631021461880,0.8459255695343018,0.0140689481049776,-0.0197172723710536,0.8167800903320312
1631021462021,0.8180054426193237,-0.0129395043477416,-0.0188249815255403,0.7962506413459778
1631021462110,0.7920190691947937,-0.0392069146037101,-0.0192377530038356,0.7763140797615051
1631021462176,0.7683643102645874,-0.0624886117875576,-0.0200917236506938,0.7763140797615051
1631021462280,0.7498630285263062,-0.1387905031442642,0.0021605875808745,0.7618247270584106
1631021462401,0.7129591703414917,-0.1843047440052032,-0.0002276413142681,0.7191775441169739
1631021462464,0.6391923427581787,-0.1204625219106674,-0.0168400332331657,0.6355528235435486
1631021462620,0.5269047021865845,0.0371969379484653,-0.0430635549128055,0.5103970170021057
1631021462689,0.4021030962467193,0.1981933861970901,-0.0664460733532905,0.3739578425884247
1631021462800,0.3149032294750213,0.311873584985733,-0.0765395984053611,0.2947995364665985
1631021462893,0.2771805822849273,0.3713205754756927,-0.0718223676085472,0.2973345518112182
1631021463003,0.2636448442935943,0.3919515609741211,-0.0543091595172882,0.335600346326828
1631021463065,0.2376203835010528,0.3962277173995971,-0.0255451835691928,0.3694007098674774
1631021463225,0.1916010975837707,0.3994034826755523,0.0081218779087066,0.3905341029167175
1631021463316,0.1429546177387237,0.4047175347805023,0.0367099121212959,0.3905341029167175
1631021463402,0.1429546177387237,0.4125999510288238,0.1276924908161163,0.3905341029167175
1631021463511,0.1429546177387237,0.4250967502593994,0.1634602397680282,0.3905341029167175
1631021463589,0.1429546177387237,0.4418855011463165,0.1716280132532119,0.3905341029167175
1631021463720,0.1429546177387237,0.4593082070350647,0.1609155833721161,0.3905341029167175
1631021463873,0.8194155693054199,0.4721657931804657,0.085768774151802,0.1955778449773788
1631021463916,0.802706241607666,0.4741056263446808,0.0397219695150852,0.2478679418563842
1631021464017,0.7694499492645264,0.4535338580608368,0.0053762174211442,0.2604751586914062
1631021464111,0.7347326874732971,0.3984105288982391,-0.0118550676852464,0.2577596306800842
1631021464204,0.7105148434638977,0.3075643479824066,-0.0065359370782971,0.2679276764392853
1631021464282,0.7027730941772461,0.2026713043451309,0.0158084407448768,0.3053296506404876
1631021464439,0.7113615274429321,0.1249454468488693,0.0391600020229816,0.3589585423469543
1631021464564,0.7253662347793579,0.0942494869232177,0.0532068945467472,0.4074301123619079
1631021464626,0.7308333516120911,0.0872959494590759,0.06332778185606,0.4389576315879822
1631021464698,0.7260485887527466,0.0866336748003959,0.06332778185606,0.4389576315879822
1631021464816,0.7260485887527466,0.1115195602178573,0.06332778185606,0.4389576315879822
1631021464925,0.7260485887527466,0.1907010078430175,0.0312328487634658,0.4389576315879822
1631021465035,0.7208373546600342,0.3197400867938995,0.0132068339735269,0.4622470736503601
1631021465160,0.7126330137252808,0.4515417516231537,0.0109605239704251,0.4894247055053711
1631021465209,0.696145236492157,0.5496516227722168,0.0237595383077859,0.5103629231452942
1631021465334,0.677095890045166,0.6051598787307739,0.0486895218491554,0.5233588814735413
1631021465412,0.6702081561088562,0.6281412243843079,0.0825878232717514,0.5373451709747314
1631021465537,0.685049295425415,0.6354553699493408,0.1224132552742958,0.565087080001831
1631021465647,0.7156926989555359,0.6399659514427185,0.1617411375045776,0.6085078120231628
1631021465736,0.749801754951477,0.6436694264411926,0.1885937601327896,0.6567144393920898
1631021465861,0.7742618322372437,0.646082878112793,0.1885937601327896,0.6567144393920898
1631021465924,0.7721177339553833,0.6470221877098083,0.1885937601327896,0.6567144393920898
1631021466018,0.7392648458480835,0.6476587653160095,0.1885937601327896,0.6567144393920898
1631021466158,0.7010608315467834,0.6486248970031738,0.1885937601327896,0.6567144393920898
1631021466252,0.6785838007926941,0.6480597257614136,0.2857841849327087,0.8751521706581116
1631021466377,0.6498351097106934,0.6387758851051331,0.2578625082969665,0.8195585012435913
1631021466455,0.6213650107383728,0.6076946258544922,0.2232492864131927,0.7654724717140198
1631021466533,0.5975403785705566,0.5366382598876953,0.1826228648424148,0.7132645845413208
1631021466658,0.5927696824073792,0.4139215648174286,0.1414073258638382,0.6690224409103394
1631021466736,0.6129313111305237,0.2449212521314621,0.1029381677508354,0.636607825756073
1631021466877,0.6390383243560791,0.0683605298399925,0.0681904405355453,0.6127567887306213
1631021466971,0.6521737575531006,-0.0555000714957714,0.0369071066379547,0.5913387537002563
1631021467049,0.6457920074462891,-0.1152565106749534,0.0090714078396558,0.5675466060638428
1631021467189,0.626413881778717,-0.158141627907753,-0.0147373313084244,0.5419908165931702
1631021467252,0.6026514768600464,-0.2029834389686584,-0.0317843481898307,0.5175288319587708
1631021467330,0.6026514768600464,-0.2476976662874221,-0.0262271724641323,0.4984773099422455
1631021467470,0.5862590074539185,-0.2486042529344558,-0.0947272032499313,0.4081816673278808
1631021467571,0.572746992111206,-0.1101230531930923,-0.1414640098810196,0.3324455022811889
1631021467681,0.5670694708824158,0.1487549394369125,-0.1829645335674286,0.2794230878353119
1631021467774,0.5681247711181641,0.3958686888217926,-0.235421672463417,0.2387083321809768
1631021467853,0.5740391612052917,0.5784976482391357,-0.2952386438846588,0.2089505940675735
1631021467978,0.588067352771759,0.6946094036102295,-0.3426620364189148,0.1995837986469268
1631021468087,0.6077030897140503,0.7594006061553955,-0.3637821674346924,0.2109063416719436
1631021468184,0.6154868602752686,0.7909753918647766,-0.3619333505630493,0.2260608524084091
1631021468278,0.5835113525390625,0.8096790909767151,-0.3445873260498047,0.2274165451526641
1631021468356,0.495589017868042,0.8346027135848999,-0.3150053024291992,0.2130977809429168
1631021468465,0.495589017868042,0.8774516582489014,-0.2705747187137604,0.197052776813507
1631021468543,0.495589017868042,0.9300888776779176,-0.2705747187137604,0.2085009813308715
1631021468684,0.495589017868042,0.974898636341095,-0.2705747187137604,0.2085009813308715
1631021468809,0.495589017868042,1.001452088356018,-0.2705747187137604,0.2085009813308715
1631021468871,0.495589017868042,1.0112963914871216,-0.2705747187137604,0.2085009813308715
1631021468965,0.495589017868042,1.0106061697006226,-0.2705747187137604,0.2085009813308715
1631021469074,0.495589017868042,0.999461591243744,-0.2705747187137604,0.2085009813308715
1631021469184,0.495589017868042,0.9697139263153076,-0.2705747187137604,0.2085009813308715
1631021469277,0.495589017868042,0.9162089228630066,-0.2705747187137604,0.2085009813308715
1631021469387,0.495589017868042,0.8424380421638489,-0.2705747187137604,0.2085009813308715
1631021469496,0.495589017868042,0.7640336155891418,-0.2705747187137604,0.2085009813308715
1631021469605,0.495589017868042,0.7004178166389465,-0.2705747187137604,0.2085009813308715
1631021469715,0.5403388738632202,0.6613235473632812,-0.914784014225006,-0.0077362773008644
1631021469785,0.4670549631118774,0.6353475451469421,-0.8368790149688721,-0.0451467595994472
1631021469897,0.4088052809238434,0.596895694732666,-0.7543277144432068,-0.0553207471966743
1631021470022,0.4088052809238434,0.5148464441299438,-0.7543277144432068,-0.0553207471966743
1631021470085,0.4088052809238434,0.371408611536026,-0.7543277144432068,-0.0553207471966743
1631021470229,0.4088052809238434,0.1872854679822921,-0.7543277144432068,-0.0553207471966743
1631021470291,0.4088052809238434,0.0829904749989509,-0.7543277144432068,-0.0553207471966743
1631021470385,0.4088052809238434,0.1559424698352813,-0.7543277144432068,-0.0553207471966743
1631021470541,0.4088052809238434,0.2857916951179504,-0.7543277144432068,-0.0553207471966743
1631021470619,0.4088052809238434,0.3754771649837494,-0.7543277144432068,-0.0553207471966743
1631021470744,0.4088052809238434,0.4157384037971496,-0.7543277144432068,-0.0553207471966743
1631021470807,0.4088052809238434,0.4231460988521576,-0.7543277144432068,-0.0553207471966743
1631021470916,0.3291010558605194,0.4186393618583679,-0.6949518918991089,-0.1283200532197952
1631021471010,0.1909894943237304,0.4139944314956665,-0.636984646320343,-0.1780197620391845
1631021471135,0.1909894943237304,0.4131024777889251,-0.636984646320343,-0.1780197620391845
1631021471231,0.1909894943237304,0.4154582917690277,-0.636984646320343,-0.1780197620391845
1631021471325,0.1909894943237304,0.419107437133789,-0.636984646320343,-0.1780197620391845
1631021471418,0.1909894943237304,0.4222350716590881,-0.636984646320343,-0.1780197620391845
1631021471512,0.1909894943237304,0.4235585927963257,-0.5111264586448669,-0.1780197620391845
1631021471590,0.1434721201658249,0.4203782379627228,-0.4474029839038849,-0.1411772221326828
1631021471746,0.0981525108218193,0.4048276245594024,-0.3580610454082489,-0.0591567568480968
1631021471825,0.0981525108218193,0.3583490252494812,-0.2365494072437286,-0.0591567568480968
1631021471950,0.0981525108218193,0.2638209760189056,-0.0491452068090438,-0.0591567568480968
1631021472028,0.0981525108218193,0.1240864247083664,-0.0491452068090438,-0.0591567568480968
1631021472153,0.0981525108218193,-0.0073214345611631,-0.0491452068090438,-0.0591567568480968
1631021472199,0.0981525108218193,-0.0368011593818664,-0.0491452068090438,-0.0591567568480968
1631021472356,0.0981525108218193,0.0292106941342353,-0.0491452068090438,-0.0591567568480968
1631021472449,0.0981525108218193,0.1012254729866981,-0.0491452068090438,-0.0591567568480968
1631021472528,0.0981525108218193,0.1423002779483795,-0.0491452068090438,-0.0591567568480968
1631021472652,0.0981525108218193,0.156217560172081,-0.0491452068090438,-0.0591567568480968
1631021472746,0.0981525108218193,0.1578705459833145,-0.0076823034323751,-0.0591567568480968
1631021472824,0.0254805795848369,0.1564866453409195,0.0391332432627677,0.0079393126070499
1631021472950,0.0254805795848369,0.1564769744873047,0.0974776819348335,0.0783702284097671
1631021473059,0.0254805795848369,0.1596947014331817,0.10734224319458,0.1199622452259063
1631021473152,0.0254805795848369,0.1670074760913849,0.1189560890197753,0.1501365751028061
1631021473293,0.0254805795848369,0.1779635399580001,0.1226155757904052,0.1948105841875076
1631021473340,0.6640055179595947,0.1884825080633163,0.0931030362844467,0.2256027311086654
1631021473418,0.6850262880325317,0.1943853050470352,-0.0856931582093238,0.2357148826122284
1631021473559,0.6889563202857971,0.1926383078098297,-0.0797696337103843,0.2432980239391327
1631021473652,0.6999011635780334,0.1761952340602874,-0.0863682329654693,0.2748295366764068
1631021473762,0.7196380496025085,0.1379926353693008,-0.0923912152647972,0.3280663788318634
1631021473840,0.7330870032310486,0.0795380622148513,-0.0837392657995224,0.3842186033725738
1631021473965,0.7309733033180237,0.0194583851844072,-0.0592767037451267,0.4297239184379577
1631021474043,0.716493546962738,-0.0169580392539501,-0.0308781750500202,0.4617927372455597
1631021474185,0.6974043250083923,-0.0241024997085332,-0.0088652689009904,0.4837258458137512
1631021474280,0.6808311939239502,-0.0203363019973039,0.003466275986284,0.5003519058227539
1631021474390,0.6699899435043335,-0.0158971957862377,0.0076665841042995,0.5138482451438904
1631021474452,0.664719820022583,-0.013325142674148,0.0089777763932943,0.5445699691772461
1631021474561,0.6759979128837585,-0.0152371255680918,0.0298064611852169,0.5718528032302856
1631021474686,0.6711598634719849,-0.0272039771080017,0.0506550297141075,0.5920291543006897
1631021474799,0.6497116088867188,-0.0491161607205867,0.0725883767008781,0.6021023988723755
1631021474893,0.6274808049201965,-0.0686691775918006,0.1089899763464927,0.6082176566123962
1631021474986,0.6381849050521851,-0.0698634013533592,0.115986093878746,0.6271321773529053
1631021475065,0.6327332854270935,-0.0475038439035415,0.1265368312597274,0.6869347095489502
1631021475176,0.6211703419685364,-0.0112106325104832,0.142307847738266,0.7793766260147095
1631021475239,0.5971900224685669,0.0307762958109378,0.1606465280055999,0.8687719702720642
1631021475426,0.5685935020446777,0.1070311963558197,0.1751860082149505,0.9342557787895204
1631021475489,0.5513366460800171,0.2613749504089355,0.1814087629318237,0.9866317510604858
1631021475582,0.5529354810714722,0.4531584680080414,0.1813219636678695,1.0407452583312988
1631021475707,0.5686459541320801,0.6133021116256714,0.1815551966428756,1.057742476463318
1631021475785,0.5874425172805786,0.7142261266708374,0.1896910220384597,1.0769426822662354
1631021475879,0.6008452773094177,0.7615879774093628,0.2117145806550979,1.0984553098678589
1631021476067,0.6042681932449341,0.7762230634689331,0.2477987259626388,1.1221821308135986
1631021476129,0.6096696853637695,0.7788978219032288,0.2477987259626388,1.1492375135421753
1631021476254,0.6096696853637695,0.7788486480712891,0.2477987259626388,1.1815168857574463
1631021476285,0.6096696853637695,0.7781404852867126,0.2477987259626388,1.2215303182601929
1631021476426,0.6096696853637695,0.7764071822166443,0.2477987259626388,1.2153486013412476
1631021476504,0.6096696853637695,0.7728195786476135,0.2477987259626388,1.2052637338638306
1631021476598,0.6096696853637695,0.7665671110153198,0.2477987259626388,1.172804832458496
1631021476707,0.1450600624084472,0.7578741312026978,-0.6844491958618164,1.101285457611084
1631021476801,0.0964073240756988,0.7471244931221008,-0.7394667863845825,0.9876503348350524
1631021476895,0.0430807024240493,0.7277556657791138,-0.7712368369102478,0.841343104839325
1631021477004,0.0005333748413249,0.6781601309776306,-0.7802906036376953,0.6323931217193604
1631021477113,-0.0351858437061309,0.5708998441696167,-0.7825264930725098,0.1269302815198898
1631021477209,-0.0639552995562553,0.3850525319576263,-0.792121946811676,0.13360396027565
1631021477319,-0.0675048828125,0.1276271790266037,-0.7765060067176819,0.1683665663003921
1631021477412,-0.0675048828125,-0.1096683889627456,-0.7765060067176819,0.1683665663003921
1631021477506,-0.0675048828125,-0.1475512832403183,-0.7765060067176819,0.1683665663003921
1631021477600,-0.0675048828125,0.0069500431418418,-0.7765060067176819,0.1683665663003921
1631021477725,-0.0675048828125,0.2128908336162567,-0.7765060067176819,0.1683665663003921
1631021477850,-0.0675048828125,0.3834767937660217,-0.7765060067176819,0.1683665663003921
1631021477897,-0.1051626652479171,0.4960638582706451,-0.8208720088005066,0.1801348328590393
1631021478022,-0.1598459333181381,0.5566908121109009,-0.8578094840049744,0.1765809208154678
1631021478131,-0.2327640354633331,0.5822836756706238,-0.868851363658905,0.1522227674722671
1631021478196,-0.304784744977951,0.5935150384902954,-0.8508875966072083,0.1200892850756645
1631021478305,-0.3339219689369201,0.6056548357009888,-0.8170011639595032,0.1102809682488441
1631021478477,-0.3154423236846924,0.623371422290802,-0.7845315933227539,0.1440275311470031
1631021478571,-0.0472282618284225,0.6447389721870422,-0.7845315933227539,0.3107240200042724
1631021478618,0.1646902859210968,0.6643494367599487,-0.7845315933227539,0.4920606017112732
1631021478711,0.3197513520717621,0.6788000464439392,-0.7845315933227539,0.6290777325630188
1631021478821,0.4069681465625763,0.6869405508041382,-0.7845315933227539,0.6999387145042419
1631021478915,0.4018306732177734,0.6877678632736206,-0.5907087326049805,0.673703134059906
1631021479055,0.3989457488059997,0.6774890422821045,-0.6124885082244873,0.6223600506782532
1631021479133,0.403778612613678,0.6490435600280762,-0.6281076669692993,0.5634413957595825
1631021479230,0.4217702150344848,0.5962427258491516,-0.6063848733901978,0.5131129026412964
1631021479386,0.4707071483135223,0.5278628468513489,-0.4960679709911346,0.4892379641532898
1631021479448,0.5424045324325562,0.473299890756607,-0.2879860401153564,0.5317882299423218
1631021479511,0.6282976269721985,0.4658221006393432,-0.2879860401153564,0.6571363806724548
1631021479667,0.7295058369636536,0.5090202689170837,-0.2879860401153564,0.8157453536987305
1631021479761,0.7295058369636536,0.5714757442474365,-0.2879860401153564,0.949945032596588
1631021479886,0.7295058369636536,0.6219594478607178,-0.2879860401153564,0.949945032596588
1631021479979,0.7295058369636536,0.6472429037094116,-0.2879860401153564,0.949945032596588
1631021480058,0.7533358931541443,0.6487756967544556,-0.2879860401153564,0.9721741676330566
1631021480151,0.7760397791862488,0.6396538615226746,-0.272979199886322,0.9898050427436828
1631021480264,0.8001894950866699,0.6332644820213318,-0.2406084239482879,1.0056724548339844
1631021480389,0.8305924534797668,0.6333689093589783,-0.1965257674455642,1.0271378755569458
1631021480498,0.8688797950744629,0.6365101337432861,0.0137364827096462,1.0619277954101562
1631021480561,0.9150104522705078,0.6387413740158081,0.1694636940956115,1.112506866455078
1631021480655,0.9697296023368835,0.6361432671546936,0.2785445153713226,1.1727614402770996
1631021480748,1.0338501930236816,0.6257663369178772,0.3401201963424682,1.2050573825836182
1631021480904,1.0338501930236816,0.6044443249702454,0.3508158922195434,1.2126392126083374
1631021480983,1.0338501930236816,0.5708251595497131,0.2959318459033966,1.1950242519378662
1631021481076,1.0338501930236816,0.5242428779602051,0.2374579012393951,1.1328679323196411
1631021481189,1.0338501930236816,0.4603683948516845,0.1878229528665542,0.9844493865966796
1631021481282,1.0338501930236816,0.3729359805583954,0.1483965963125229,0.6453293561935425
1631021481360,1.0338501930236816,0.2647579312324524,0.1149483248591423,0.5950721502304077
1631021481501,0.3649186789989471,0.1576059609651565,0.0830843523144722,0.5523057579994202
1631021481595,0.3157097399234772,0.0850876867771148,0.0541748069226741,0.5153661966323853
1631021481688,0.3157097399234772,0.0567793138325214,0.0541748069226741,0.4846926927566528
1631021481782,0.3157097399234772,0.0775620639324188,0.0541748069226741,0.4846926927566528
1631021481876,0.3157097399234772,0.0619636327028274,0.0541748069226741,0.4846926927566528
1631021481985,0.3157097399234772,0.0461592674255371,0.0004810328246094,0.4846926927566528
1631021482141,0.3157097399234772,0.0393485203385353,-0.0889787152409553,0.4846926927566528
1631021482209,0.3157097399234772,0.0440542995929718,-0.2198996245861053,0.2925360798835754
1631021482318,0.3157097399234772,0.0583385750651359,-0.3756380379199981,0.0915730595588684
1631021482381,0.3157097399234772,0.0821087285876274,-0.4985365569591522,-0.0311846006661653
1631021482474,0.3157097399234772,0.1089769154787063,-0.5390223860740662,-0.0872929319739341
1631021482568,0.3157097399234772,0.1257411837577819,-0.5226860642433167,-0.1321365237236023
1631021482740,0.278847336769104,0.1209076270461082,-0.499729722738266,-0.1700354367494583
1631021482802,0.278847336769104,0.0982560142874717,-0.499729722738266,-0.179309144616127
1631021482912,0.278847336769104,0.0830291882157325,-0.499729722738266,-0.179309144616127
1631021483037,0.278847336769104,0.0830291882157325,-0.499729722738266,-0.179309144616127
1631021483115,0.278847336769104,0.0830291882157325,-0.499729722738266,-0.179309144616127
1631021483212,0.278847336769104,0.0830291882157325,-0.499729722738266,-0.179309144616127
1631021483353,0.278847336769104,0.0830291882157325,-0.499729722738266,-0.179309144616127
1631021483431,0.278847336769104,0.0830291882157325,-0.499729722738266,-0.179309144616127
1631021483509,0.278847336769104,0.0830291882157325,-0.499729722738266,-0.179309144616127
1631021483618,0.278847336769104,0.0830291882157325,-0.499729722738266,-0.179309144616127
1631021483712,0.278847336769104,0.0830291882157325,-0.499729722738266,-0.179309144616127
1631021483806,0.278847336769104,0.0830291882157325,-0.499729722738266,-0.179309144616127
1631021483946,0.278847336769104,0.0830291882157325,-0.499729722738266,-0.179309144616127
1631021484040,0.278847336769104,0.0830291882157325,-0.499729722738266,-0.179309144616127
1631021484118,0.278847336769104,0.0830291882157325,-0.499729722738266,-0.179309144616127
1631021484234,0.278847336769104,0.0830291882157325,-0.499729722738266,-0.179309144616127
1631021484328,0.278847336769104,0.0830291882157325,-0.499729722738266,-0.179309144616127
1631021484440,0.278847336769104,0.0830291882157325,-0.499729722738266,-0.179309144616127
1631021484534,0.278847336769104,1.394636154174805,-0.499729722738266,-0.179309144616127
1631021484628,0.278847336769104,1.3211640119552612,-0.499729722738266,-0.179309144616127
1631021484722,0.278847336769104,1.2542531490325928,-0.499729722738266,-0.179309144616127
1631021484847,0.278847336769104,1.1930992603302002,-0.499729722738266,-0.179309144616127
1631021484956,0.278847336769104,1.139236569404602,-0.499729722738266,-0.179309144616127
1631021485050,0.278847336769104,1.094689965248108,-0.499729722738266,-0.179309144616127
1631021485175,0.278847336769104,1.0617561340332031,-0.499729722738266,-0.179309144616127
1631021485253,0.278847336769104,1.0434789657592771,0.1814259141683578,-0.179309144616127
1631021485346,0.278847336769104,1.0383172035217283,0.2821968495845794,-0.179309144616127
1631021485458,0.278847336769104,1.0389788150787354,0.3598923683166504,1.1238573789596558
1631021485521,0.278847336769104,1.0389788150787354,0.3598923683166504,1.1238573789596558
1631021485661,0.278847336769104,1.0389788150787354,0.3598923683166504,1.1238573789596558
1631021485755,0.278847336769104,0.9490160346031188,0.3598923683166504,1.1238573789596558
1631021485880,0.278847336769104,0.8358394503593445,0.3598923683166504,1.1238573789596558
1631021485942,0.278847336769104,0.7336581945419312,0.3598923683166504,1.1238573789596558
1631021486036,0.278847336769104,0.6788747310638428,0.3598923683166504,1.1238573789596558
1631021486145,0.278847336769104,0.6705036163330078,0.3598923683166504,1.1238573789596558
1631021486208,0.278847336769104,0.6922246813774109,0.3598923683166504,1.1238573789596558
1631021486445,0.278847336769104,0.7405436635017395,0.3598923683166504,1.1238573789596558
1631021486507,0.278847336769104,0.8057810068130493,0.4106800258159637,1.1238573789596558
1631021486601,0.278847336769104,0.8791102170944214,0.4704833924770355,1.1238573789596558
1631021486663,0.278847336769104,0.8791102170944214,0.4704833924770355,1.1238573789596558
1631021486757,0.278847336769104,0.8791102170944214,0.4704833924770355,1.1238573789596558
1631021486835,0.278847336769104,0.8791102170944214,0.4704833924770355,1.1238573789596558
1631021486991,0.278847336769104,0.8791102170944214,0.4704833924770355,1.1238573789596558
1631021487069,0.278847336769104,-0.7357478141784668,-0.3227240443229675,1.1238573789596558
1631021487179,0.278847336769104,-0.692173182964325,-0.3275197744369507,0.0354119464755058
1631021487272,0.278847336769104,-0.5820088982582092,-0.3145617544651031,0.023980040103197
1631021487382,0.278847336769104,-0.3484713733196258,-0.2363125085830688,0.023980040103197
1631021487449,0.278847336769104,-0.3484713733196258,-0.0993312075734138,0.023980040103197
1631021487605,0.278847336769104,-0.3484713733196258,0.0804904028773307,0.023980040103197
1631021487714,0.278847336769104,-0.3484713733196258,0.0804904028773307,0.023980040103197
1631021487777,0.278847336769104,-0.3484713733196258,0.0804904028773307,0.023980040103197
1631021487839,0.278847336769104,-0.3484713733196258,0.0804904028773307,0.023980040103197
1631021487980,0.278847336769104,-0.3484713733196258,0.0804904028773307,0.023980040103197
1631021488058,0.278847336769104,-0.3484713733196258,0.0804904028773307,0.023980040103197
1631021488198,0.278847336769104,-0.3484713733196258,0.0804904028773307,0.023980040103197
1631021488308,0.278847336769104,-0.317384272813797,0.1141740381717681,0.023980040103197
1631021488401,0.278847336769104,-0.2665545046329498,0.1514862775802612,0.0225144233554601
1631021488467,0.278847336769104,-0.1941780000925064,0.1783495545387268,0.0225144233554601
1631021488592,0.278847336769104,-0.1941780000925064,0.2249891757965088,0.0225144233554601
1631021488702,0.278847336769104,-0.1941780000925064,0.2843428552150726,0.0225144233554601
1631021488827,0.278847336769104,-0.1941780000925064,0.3554110527038574,0.0225144233554601
1631021488905,0.278847336769104,-0.1941780000925064,0.3554110527038574,0.0225144233554601
1631021489014,0.278847336769104,-0.1941780000925064,0.3554110527038574,0.0225144233554601
1631021489092,0.278847336769104,-0.1941780000925064,0.3554110527038574,0.0225144233554601
1631021489202,0.278847336769104,-0.1941780000925064,0.3554110527038574,0.0225144233554601
1631021489264,0.278847336769104,-0.1941780000925064,0.3554110527038574,0.0225144233554601
1631021489405,0.278847336769104,-0.1941780000925064,0.3554110527038574,0.0225144233554601
1631021489501,0.278847336769104,-0.1941780000925064,0.3554110527038574,0.0225144233554601
1631021489595,0.278847336769104,-0.1941780000925064,0.3554110527038574,0.0225144233554601
1631021489704,0.278847336769104,-0.1941780000925064,0.3554110527038574,0.0225144233554601
1631021489782,0.278847336769104,-0.1941780000925064,0.3554110527038574,0.0225144233554601
1631021489907,0.278847336769104,-0.1941780000925064,0.3554110527038574,0.0225144233554601
1631021490032,0.278847336769104,-0.1941780000925064,0.3554110527038574,0.0225144233554601
1631021490126,0.278847336769104,-0.1941780000925064,0.3554110527038574,0.0225144233554601
1631021490219,0.278847336769104,-0.1941780000925064,0.3554110527038574,0.0225144233554601
1631021490313,0.278847336769104,-0.1941780000925064,0.3554110527038574,0.0225144233554601
1631021490407,0.278847336769104,-0.1941780000925064,0.3554110527038574,0.0225144233554601
1631021490519,0.278847336769104,-0.1941780000925064,0.56015545129776,0.0225144233554601
1631021490644,0.278847336769104,-0.1941780000925064,0.5416803359985352,0.0225144233554601
1631021490769,0.278847336769104,-0.1941780000925064,0.6178325414657593,0.0225144233554601
1631021490863,0.278847336769104,-0.1941780000925064,0.6178325414657593,0.0225144233554601
1631021490941,0.278847336769104,-0.1941780000925064,0.6178325414657593,0.0225144233554601
1631021491035,0.278847336769104,-0.1941780000925064,0.6178325414657593,0.0225144233554601
1631021491129,0.278847336769104,-0.1941780000925064,0.6178325414657593,0.0225144233554601
1631021491269,0.278847336769104,-0.1941780000925064,0.6178325414657593,0.0225144233554601
1631021491332,0.278847336769104,-0.1941780000925064,0.6178325414657593,0.0225144233554601
1631021491439,0.278847336769104,-0.1941780000925064,0.6178325414657593,0.0225144233554601
1631021491538,0.278847336769104,-0.1941780000925064,0.6178325414657593,0.0225144233554601
1631021491632,0.278847336769104,-0.1941780000925064,0.6178325414657593,0.0225144233554601
1631021491726,0.278847336769104,-0.1941780000925064,0.6488270163536072,0.0225144233554601
1631021491851,0.278847336769104,-0.1941780000925064,0.5787100195884705,0.0225144233554601
1631021491960,0.278847336769104,-0.1941780000925064,0.4828147292137146,0.0225144233554601
1631021492085,0.278847336769104,-0.1941780000925064,0.400182694196701,0.0225144233554601
1631021492182,0.278847336769104,-0.1941780000925064,0.3381935358047485,0.0225144233554601
1631021492245,0.278847336769104,-0.1941780000925064,-0.0693301707506179,0.0225144233554601
1631021492323,0.278847336769104,-0.1941780000925064,-0.0693301707506179,0.0225144233554601
1631021492479,0.278847336769104,-0.1941780000925064,-0.0693301707506179,0.0225144233554601
1631021492542,0.278847336769104,-0.1941780000925064,-0.0693301707506179,0.0225144233554601
1631021492682,0.278847336769104,-0.1941780000925064,-0.0693301707506179,0.0225144233554601
1631021492776,0.278847336769104,-0.1941780000925064,-0.0693301707506179,0.0225144233554601
1631021492870,0.278847336769104,-0.1941780000925064,-0.0693301707506179,0.0225144233554601
1631021492932,0.278847336769104,-0.1941780000925064,-0.0693301707506179,0.0225144233554601
1631021493057,0.278847336769104,-0.1941780000925064,-0.0693301707506179,0.0225144233554601
1631021493178,0.278847336769104,-0.1941780000925064,-0.0693301707506179,0.0225144233554601
1631021493293,0.278847336769104,-0.1941780000925064,-0.0693301707506179,0.0225144233554601
1631021493372,0.278847336769104,-0.1941780000925064,-0.0693301707506179,0.0225144233554601
1631021493450,0.278847336769104,-0.1941780000925064,-0.0693301707506179,0.0225144233554601
1631021493575,0.278847336769104,-0.1941780000925064,-0.0693301707506179,0.0225144233554601
1631021493684,0.278847336769104,-0.1941780000925064,-0.0693301707506179,0.0225144233554601
1631021493778,0.278847336769104,-0.1941780000925064,-0.0693301707506179,0.0225144233554601
1631021493903,0.278847336769104,-0.1941780000925064,-0.0693301707506179,0.0225144233554601
1631021493950,0.278847336769104,-0.1941780000925064,-0.0693301707506179,0.0225144233554601
1631021494075,0.278847336769104,-0.1941780000925064,-0.0693301707506179,0.0225144233554601
1631021494172,0.278847336769104,-0.1941780000925064,-0.0693301707506179,0.0225144233554601
1631021494297,0.278847336769104,-0.1941780000925064,-0.0693301707506179,0.0225144233554601
1631021494406,0.278847336769104,-0.1941780000925064,-0.0693301707506179,0.0225144233554601
1631021494484,0.278847336769104,-0.1941780000925064,-0.0693301707506179,0.0225144233554601
1631021494609,0.278847336769104,-0.1941780000925064,-0.0693301707506179,0.0225144233554601
1631021494672,0.278847336769104,-0.1941780000925064,-0.0693301707506179,0.0225144233554601
1631021494750,0.278847336769104,-0.1941780000925064,-0.0693301707506179,0.0225144233554601
1631021494921,0.278847336769104,-0.1941780000925064,-0.0693301707506179,0.0225144233554601
1631021495000,0.278847336769104,-0.1941780000925064,-0.0693301707506179,0.0225144233554601
1631021495093,0.278847336769104,-0.1941780000925064,-0.0693301707506179,0.0225144233554601
1631021495190,0.278847336769104,-0.1941780000925064,-0.0693301707506179,0.0225144233554601
1631021495284,0.278847336769104,-0.1941780000925064,-0.0693301707506179,0.0225144233554601
1631021495378,0.278847336769104,-0.1941780000925064,-0.0693301707506179,0.0225144233554601
1631021495534,0.278847336769104,-0.1941780000925064,-0.0693301707506179,0.0225144233554601
1631021495628,0.278847336769104,-0.1941780000925064,-0.0693301707506179,0.0225144233554601
1631021495722,0.278847336769104,-0.1941780000925064,-0.0693301707506179,0.0225144233554601
1631021495815,0.278847336769104,-0.1941780000925064,-0.0693301707506179,0.0225144233554601
1631021495925,0.278847336769104,0.1731393188238144,-0.2318855226039886,0.37281334400177
1631021495987,0.278847336769104,0.1985445320606231,-0.2207949310541153,0.3900876939296722
1631021496112,0.278847336769104,0.1803864985704422,-0.2217700034379959,0.3900876939296722
1631021496225,0.278847336769104,0.1401532143354416,-0.2197696566581726,0.3900876939296722
1631021496319,0.278847336769104,0.0960489138960838,-0.1974774748086929,0.3900876939296722
1631021496397,0.278847336769104,0.059331752359867,-0.1502046287059784,0.3900876939296722
1631021496506,0.278847336769104,0.0444758385419845,-0.0927526727318763,0.5720112919807434
1631021496600,0.278847336769104,0.092288002371788,-0.0414614379405975,0.692258358001709
1631021496772,0.278847336769104,0.2038227915763855,-0.0083747124299407,0.7516133189201355
1631021496834,0.278847336769104,0.3208673894405365,0.0034522493369877,0.7619219422340393
1631021496959,0.278847336769104,0.3998790085315704,0.0005107095348648,0.7619219422340393
1631021497037,0.278847336769104,0.4336777925491333,-0.0072592119686305,0.7619219422340393
1631021497084,0.278847336769104,0.4577810168266296,0.0082247098907828,0.7938088178634644
1631021497212,0.278847336769104,0.4770657420158386,0.0233005210757255,0.8337313532829285
1631021497369,0.278847336769104,0.4896591603755951,0.0375002101063728,0.8783692121505737
1631021497415,0.278847336769104,0.4996497631072998,0.0509078837931156,0.930250346660614
1631021497525,0.278847336769104,0.5161176323890686,0.0668434500694274,0.9972036480903624
1631021497603,0.278847336769104,0.5458143353462219,0.0876719579100608,0.9972036480903624
1631021497744,0.278847336769104,0.5889754295349121,0.110866941511631,0.9972036480903624
1631021497806,0.278847336769104,0.642551839351654,0.1287427097558975,0.9972036480903624
1631021497962,0.278847336769104,0.7047062516212463,0.1312087178230285,0.9972036480903624
1631021498056,0.278847336769104,0.772878885269165,0.1117451414465904,0.9972036480903624
1631021498134,0.278847336769104,0.8311004042625427,0.0673797205090522,0.9972036480903624
1631021498230,0.278847336769104,0.8311004042625427,0.0071878423914313,0.9972036480903624
1631021498340,0.278847336769104,0.8311004042625427,0.0071878423914313,0.9972036480903624
1631021498433,0.278847336769104,0.8311004042625427,0.0071878423914313,0.9972036480903624
1631021498590,0.278847336769104,0.8311004042625427,0.0071878423914313,0.9972036480903624
1631021498683,0.278847336769104,0.8311004042625427,0.0071878423914313,0.9972036480903624
1631021498777,0.278847336769104,0.8311004042625427,0.0071878423914313,0.9972036480903624
1631021498871,0.278847336769104,0.8311004042625427,0.0071878423914313,0.9972036480903624
1631021498964,0.278847336769104,0.8311004042625427,0.6339458227157593,0.9972036480903624
1631021499027,0.278847336769104,0.8311004042625427,0.5688367486000061,0.9972036480903624
1631021499186,0.278847336769104,0.8311004042625427,0.5279850363731384,0.9972036480903624
1631021499280,0.278847336769104,0.8311004042625427,0.5003795623779297,0.7032680511474609
1631021499374,0.278847336769104,0.8311004042625427,0.4783371090888977,0.6402385830879211
1631021499468,0.278847336769104,0.8034178018569946,0.4572399854660034,0.5878595113754272
1631021499546,0.0999295189976692,0.7366611957550049,0.4342878460884094,0.5543146133422852
1631021499639,0.0999295189976692,0.6805416941642761,0.4078291058540344,0.5543146133422852
1631021499796,0.0999295189976692,0.6306544542312622,0.3795989155769348,0.5543146133422852
1631021499874,0.0999295189976692,0.5885863900184631,0.3564267754554748,0.5543146133422852
1631021499952,0.0999295189976692,0.557956874370575,0.3467563986778259,0.5543146133422852
1631021500061,0.0999295189976692,0.5382670760154724,0.3501547276973724,0.5543146133422852
1631021500171,0.0999295189976692,0.5243365168571472,0.2116177827119827,0.5543146133422852
1631021500233,0.0999295189976692,0.5099824666976929,0.190629631280899,0.5543146133422852
1631021500425,0.0999295189976692,0.4919857382774353,0.1964825689792633,0.5543146133422852
1631021500502,0.0999295189976692,0.4714537560939789,0.1956811100244522,0.4636632204055786
1631021500580,0.0999295189976692,0.4526897072792053,0.1856705248355865,0.3647231757640838
1631021500752,0.0999295189976692,0.3606185913085937,0.1663587838411331,0.2739931344985962
1631021500799,0.0999295189976692,0.291756272315979,0.1566925346851349,0.2739931344985962
1631021500877,0.0999295189976692,0.2408448755741119,0.145426943898201,0.2739931344985962
1631021500986,0.0999295189976692,0.221851497888565,0.1368810832500457,0.2739931344985962
1631021501096,0.0999295189976692,0.2183141857385635,0.1363032311201095,0.2739931344985962
1631021501184,0.0999295189976692,0.2222635149955749,0.1493594348430633,0.2739931344985962
1631021501302,0.0999295189976692,0.235500693321228,0.1753991991281509,0.2739931344985962
1631021501364,0.0999295189976692,0.2520983219146728,0.200736716389656,0.2739931344985962
1631021501489,0.0999295189976692,0.2606925964355469,0.2013597786426544,0.2739931344985962
1631021501614,0.0999295189976692,0.2541990578174591,0.1586210131645202,0.2739931344985962
1631021501692,0.0999295189976692,0.2352990955114364,0.0694257020950317,0.2739931344985962
1631021501801,0.0999295189976692,0.2187890261411667,-0.0380126014351844,0.2739931344985962
1631021501880,0.0999295189976692,0.6139668226242065,-0.0380126014351844,0.2739931344985962
1631021501989,0.0999295189976692,0.828540027141571,-0.0380126014351844,0.2739931344985962
1631021502051,0.0999295189976692,0.93292635679245,-0.0380126014351844,0.2739931344985962
1631021502239,0.0999295189976692,0.9656654596328736,-0.0380126014351844,0.2739931344985962
1631021502317,0.0999295189976692,0.9526289105415344,-0.0380126014351844,0.2739931344985962
1631021502435,0.0999295189976692,0.8790560960769653,-0.0380126014351844,0.2739931344985962
1631021502539,0.0999295189976692,0.8148159384727478,-0.0380126014351844,0.2739931344985962
1631021502602,0.0999295189976692,0.7582734823226929,-0.0380126014351844,0.2739931344985962
1631021502695,0.0999295189976692,0.7080063819885254,-0.0380126014351844,0.2739931344985962
1631021502805,0.0999295189976692,0.6634947061538696,-0.0380126014351844,0.2739931344985962
1631021502914,0.0999295189976692,0.624541699886322,-0.0380126014351844,0.2739931344985962
1631021503023,0.0422978922724723,0.5923687815666199,-0.3197388648986816,0.0680974721908569
1631021503117,0.0422978922724723,0.5729762315750122,-0.1042055264115333,0.0680974721908569
1631021503211,0.0422978922724723,0.5876261591911316,-0.1042055264115333,0.0680974721908569
1631021503336,0.0422978922724723,0.6587644815444946,-0.1042055264115333,0.0680974721908569
1631021503448,0.0422978922724723,0.720858633518219,-0.1042055264115333,0.0680974721908569
1631021503542,0.0422978922724723,0.7946091890335083,-0.1042055264115333,0.0680974721908569
1631021503636,0.0422978922724723,0.8536849617958069,-0.1042055264115333,0.0680974721908569
1631021503698,0.0422978922724723,0.8871800303459167,-0.1042055264115333,0.0680974721908569
1631021503855,0.0422978922724723,0.9023571014404296,0.2705501616001129,0.0680974721908569
1631021503901,0.0422978922724723,0.9137831330299376,0.3174885511398315,0.0680974721908569
1631021504058,0.0422978922724723,0.9292739629745485,0.3764387667179107,0.0680974721908569
1631021504136,0.0422978922724723,0.946572721004486,0.4428495466709137,0.0680974721908569
1631021504229,0.0422978922724723,0.9600998163223268,0.5244781374931335,0.0680974721908569
1631021504308,0.0422978922724723,0.9673381447792052,0.5681504607200623,0.0680974721908569
1631021504435,0.0422978922724723,0.969687521457672,0.5831592679023743,0.0680974721908569
1631021504544,0.0422978922724723,0.9693865776062012,0.5822439789772034,0.0680974721908569
1631021504638,0.0422978922724723,0.9655988812446594,0.5600164532661438,0.0680974721908569
1631021504732,0.0422978922724723,0.94942307472229,0.5174222588539124,0.0680974721908569
1631021504857,0.0422978922724723,0.9022067785263062,0.478918045759201,0.0680974721908569
1631021504950,0.0422978922724723,0.8067432641983032,0.4452976584434509,0.0680974721908569
1631021505044,0.0422978922724723,0.6601345539093018,0.4180641770362854,0.0680974721908569
1631021505154,0.0422978922724723,0.4925561547279358,0.3967815041542053,0.18107371032238
1631021505263,0.025675831362605,0.3707881271839142,0.3784508407115936,0.2236807346343994
1631021505372,0.0671470835804939,0.324475347995758,0.2925358116626739,0.2498945444822311
1631021505435,0.0987343192100524,0.3032995164394378,0.250775545835495,0.2818290591239929
1631021505575,0.1428510993719101,0.273411363363266,0.1829953640699386,0.3113852739334106
1631021505685,0.2066826224327087,0.2423392236232757,0.0705639347434043,0.3206902146339416
1631021505732,0.2700635492801666,0.2314219027757644,-0.0676200315356254,0.3054285645484924
1631021505872,0.3157148659229278,0.2420461475849151,-0.1758559793233871,0.3054285645484924
1631021505981,0.3157148659229278,0.2548559904098511,-0.1703462302684784,0.3054285645484924
1631021506044,0.3157148659229278,0.2782200872898102,0.0364077948033809,0.3054285645484924
1631021506138,0.3157148659229278,0.3045012056827545,0.0582642629742622,0.3054285645484924
1631021506263,0.3157148659229278,0.3337476849555969,0.083919920027256,0.3054285645484924
1631021506356,0.3157148659229278,0.3669143319129944,0.1125906482338905,0.3385014235973358
1631021506500,0.3398917615413666,0.3996760547161102,0.1413620263338089,0.363546222448349
1631021506594,0.37352454662323,0.4252647459506988,0.1657453626394271,0.3727095127105713
1631021506672,0.4070562124252319,0.4426518380641937,0.1850551664829254,0.3721248805522918
1631021506781,0.437861829996109,0.458711177110672,0.2052696049213409,0.3741993904113769
1631021506844,0.4728091359138489,0.4801839292049408,0.234663188457489,0.3773292601108551
1631021506937,0.517072319984436,0.506392240524292,0.2771909236907959,0.3773292601108551
1631021507125,0.517072319984436,0.506392240524292,0.331515371799469,0.3773292601108551
1631021507172,0.517072319984436,0.506392240524292,0.3989839553833008,0.3773292601108551
1631021507281,0.517072319984436,0.506392240524292,0.3989839553833008,0.3773292601108551
1631021507375,0.517072319984436,0.506392240524292,0.3989839553833008,0.3773292601108551
1631021507472,0.517072319984436,0.506392240524292,0.3989839553833008,0.3773292601108551
1631021507612,0.517072319984436,0.506392240524292,0.3989839553833008,0.3773292601108551
1631021507722,0.517072319984436,0.506392240524292,0.3989839553833008,0.3773292601108551
1631021507831,0.517072319984436,0.506392240524292,0.3989839553833008,0.3773292601108551
1631021507893,0.517072319984436,0.506392240524292,0.3989839553833008,0.3773292601108551
1631021507987,0.517072319984436,0.506392240524292,0.3989839553833008,0.3773292601108551
1631021508065,0.517072319984436,0.506392240524292,0.3989839553833008,0.3773292601108551
1631021508190,0.517072319984436,0.506392240524292,0.3989839553833008,0.3773292601108551
1631021508331,0.517072319984436,0.506392240524292,0.3989839553833008,0.3773292601108551
1631021508378,0.517072319984436,0.506392240524292,0.3989839553833008,0.3773292601108551
1631021508490,0.517072319984436,0.506392240524292,0.3989839553833008,0.3773292601108551
1631021508583,0.517072319984436,0.506392240524292,0.3989839553833008,0.3773292601108551
1631021508693,0.517072319984436,0.506392240524292,0.3989839553833008,0.3773292601108551
1631021508802,0.517072319984436,0.506392240524292,0.3989839553833008,0.3773292601108551
1631021508896,0.517072319984436,0.506392240524292,0.3989839553833008,0.3773292601108551
1631021509036,0.517072319984436,0.506392240524292,0.3989839553833008,0.3773292601108551
1631021509130,0.517072319984436,0.506392240524292,0.3989839553833008,0.3773292601108551
1631021509195,0.517072319984436,0.506392240524292,0.3989839553833008,0.3773292601108551
1631021509320,0.517072319984436,0.506392240524292,0.3989839553833008,0.3773292601108551
1631021509367,0.517072319984436,0.506392240524292,0.3989839553833008,0.3773292601108551
1631021509523,0.517072319984436,0.506392240524292,0.3989839553833008,0.3773292601108551
1631021509617,0.517072319984436,0.506392240524292,1.129200458526611,0.3773292601108551
1631021509726,0.517072319984436,0.506392240524292,1.0538088083267212,0.3773292601108551
1631021509820,0.517072319984436,0.506392240524292,1.0538088083267212,0.3773292601108551
1631021509914,0.517072319984436,0.506392240524292,1.0538088083267212,0.3773292601108551
1631021509992,0.517072319984436,0.506392240524292,1.0538088083267212,0.3773292601108551
1631021510132,0.517072319984436,0.506392240524292,1.0538088083267212,0.3773292601108551
1631021510215,0.517072319984436,0.506392240524292,1.0538088083267212,0.3773292601108551
1631021510324,0.517072319984436,0.506392240524292,1.0538088083267212,0.3773292601108551
1631021510433,0.517072319984436,0.506392240524292,1.0906906127929688,0.3773292601108551
1631021510511,0.517072319984436,0.506392240524292,1.1010013818740845,0.3773292601108551
1631021510590,0.517072319984436,0.506392240524292,0.9730830788612366,0.3773292601108551
1631021510746,0.517072319984436,0.506392240524292,0.8739500045776367,0.3773292601108551
1631021510839,0.517072319984436,0.506392240524292,0.8308228850364685,0.3773292601108551
1631021510933,0.517072319984436,0.506392240524292,0.7884331345558167,0.3773292601108551
1631021511027,0.517072319984436,0.506392240524292,0.786201000213623,0.3773292601108551
1631021511121,0.517072319984436,0.4323680996894836,0.7947362661361694,0.3773292601108551
1631021511217,0.517072319984436,0.4027779102325439,0.7915658950805664,0.3773292601108551
1631021511373,0.517072319984436,0.3687425553798675,0.7592657208442688,0.3773292601108551
1631021511482,0.517072319984436,0.3281723260879516,0.7254118919372559,0.3773292601108551
1631021511529,0.517072319984436,0.2864888310432434,0.6919060945510864,0.059008277952671
1631021511623,0.1125014722347259,0.2517446279525757,0.6612855792045593,0.0488603897392749
1631021511732,0.1637375056743621,0.23134845495224,0.6357161402702332,0.0578181259334087
1631021511841,0.2234583348035812,0.2244962453842163,0.6162518858909607,0.071977861225605
1631021511951,0.2234583348035812,0.2244962453842163,0.4956075847148895,0.071977861225605
1631021512076,0.2234583348035812,0.2244962453842163,0.3665862679481506,0.071977861225605
1631021512185,0.2234583348035812,0.2244962453842163,0.2400441169738769,0.071977861225605
1631021512294,0.2234583348035812,0.2244962453842163,0.1679708361625671,0.071977861225605
1631021512341,0.2234583348035812,0.1293621361255645,0.1584497690200805,0.071977861225605
1631021512482,0.2234583348035812,0.0973040610551834,0.1684591472148895,0.071977861225605
1631021512560,0.2234583348035812,0.0761282444000244,0.1650133281946182,0.071977861225605
1631021512654,0.2234583348035812,0.0368815623223781,0.1354951858520507,0.071977861225605
1631021512748,0.2234583348035812,-0.0143182212486863,0.0894681960344314,0.0344379059970378
1631021512857,0.2350539714097976,-0.0534761287271976,0.0574481151998043,0.0230108182877302
1631021512982,0.2714157700538635,-0.0527439229190349,0.0676393508911132,0.0482962913811206
1631021513044,0.2714157700538635,-0.0527439229190349,0.1192035600543022,0.0482962913811206
1631021513194,0.2714157700538635,-0.0527439229190349,0.1192035600543022,0.0482962913811206
1631021513256,0.2714157700538635,-0.0527439229190349,0.1192035600543022,0.0482962913811206
1631021513350,0.2714157700538635,-0.0527439229190349,0.1192035600543022,0.0482962913811206
1631021513459,0.2714157700538635,-0.0527439229190349,0.1192035600543022,0.0482962913811206
1631021513569,0.2714157700538635,-0.0527439229190349,0.1192035600543022,0.0482962913811206
1631021513647,0.2714157700538635,-0.0527439229190349,0.1192035600543022,0.0482962913811206
1631021513803,0.2714157700538635,-0.0527439229190349,0.1192035600543022,0.0482962913811206
1631021513897,0.2714157700538635,-0.0527439229190349,0.1192035600543022,0.0482962913811206
1631021513975,0.2714157700538635,-0.0527439229190349,0.1192035600543022,0.0482962913811206
1631021514100,0.2714157700538635,-0.0527439229190349,0.1192035600543022,0.0482962913811206
1631021514147,0.2714157700538635,-0.0527439229190349,0.1192035600543022,0.0482962913811206
1631021514303,0.2714157700538635,-0.0527439229190349,0.1192035600543022,0.0482962913811206
1631021514396,0.2714157700538635,-0.0527439229190349,0.7646254897117615,0.0482962913811206
1631021514508,0.2714157700538635,-0.0527439229190349,0.9754847884178162,0.0482962913811206
1631021514602,0.2714157700538635,-0.0527439229190349,1.0869402885437012,0.0482962913811206
1631021514695,0.2714157700538635,-0.0527439229190349,1.1224186420440674,0.0482962913811206
1631021514820,0.2714157700538635,-0.0527439229190349,1.1084473133087158,0.0482962913811206
1631021514883,0.2714157700538635,-0.0527439229190349,1.0718507766723633,0.0482962913811206
1631021515008,0.2714157700538635,-0.0527439229190349,1.032951831817627,0.0482962913811206
1631021515117,0.2714157700538635,-0.0527439229190349,0.9982431530952454,0.0482962913811206
1631021515196,0.2714157700538635,-0.0527439229190349,0.9678475856781006,0.0482962913811206
1631021515289,0.2714157700538635,-0.0527439229190349,0.9397916197776794,0.0482962913811206
1631021515398,0.2714157700538635,-0.0527439229190349,0.9126911163330078,0.0482962913811206
1631021515479,0.2714157700538635,-0.0527439229190349,0.8876045942306519,0.0482962913811206
1631021515604,0.2714157700538635,-0.0527439229190349,0.8957944512367249,0.0482962913811206
1631021515698,0.2714157700538635,-0.0527439229190349,0.9215289950370787,0.0482962913811206
1631021515823,0.2714157700538635,-0.0527439229190349,0.9305980205535888,0.0482962913811206
1631021515901,0.2714157700538635,-0.0527439229190349,0.9043675065040588,0.0482962913811206
1631021516042,0.2714157700538635,-0.0527439229190349,0.8256136178970337,0.0482962913811206
1631021516089,0.2714157700538635,-0.0527439229190349,0.6931874752044678,0.0482962913811206
1631021516245,0.2714157700538635,-0.0527439229190349,0.5412936210632324,0.0482962913811206
1631021516323,0.2714157700538635,-0.0527439229190349,0.4415778517723083,0.0482962913811206
1631021516385,0.2714157700538635,-0.0527439229190349,0.4268788397312164,0.0482962913811206
1631021516497,0.2714157700538635,-0.0527439229190349,0.4490978121757507,0.0482962913811206
1631021516638,0.2714157700538635,-0.0527439229190349,0.477471649646759,0.0482962913811206
1631021516700,0.2714157700538635,-0.0527439229190349,0.5087611079216003,0.0482962913811206
1631021516810,0.2714157700538635,-0.0527439229190349,0.5562871098518372,0.0482962913811206
1631021516935,0.2714157700538635,-0.0527439229190349,0.5562871098518372,0.0482962913811206
1631021517013,0.2714157700538635,-0.0527439229190349,0.5562871098518372,0.0482962913811206
1631021517106,0.2714157700538635,-0.0527439229190349,0.5562871098518372,0.0482962913811206
1631021517216,0.2714157700538635,-0.0527439229190349,0.5562871098518372,0.0482962913811206
1631021517325,0.2714157700538635,-0.0527439229190349,0.5562871098518372,0.0482962913811206
1631021517437,0.2714157700538635,-0.0527439229190349,0.5562871098518372,0.0482962913811206
1631021517578,0.2714157700538635,-0.0527439229190349,0.5562871098518372,0.0482962913811206
1631021517640,0.2714157700538635,-0.0527439229190349,0.5562871098518372,0.0482962913811206
1631021517734,0.2714157700538635,-0.0527439229190349,0.5562871098518372,0.0482962913811206
1631021517828,0.2714157700538635,-0.0527439229190349,0.5562871098518372,0.0482962913811206
1631021517906,0.2714157700538635,-0.0527439229190349,0.5562871098518372,0.0482962913811206
1631021518062,0.2714157700538635,-0.0527439229190349,0.7499533295631409,0.5273918509483337
1631021518156,0.2714157700538635,-0.0527439229190349,0.7499533295631409,0.5273918509483337
1631021518249,0.2714157700538635,-0.0527439229190349,0.7499533295631409,0.5273918509483337
1631021518328,0.2714157700538635,-0.0527439229190349,0.7499533295631409,0.5273918509483337
1631021518455,0.2714157700538635,-0.0527439229190349,0.7499533295631409,0.5273918509483337
1631021518533,0.2714157700538635,-0.0527439229190349,0.7499533295631409,0.5273918509483337
1631021518690,0.2714157700538635,-0.0527439229190349,0.7499533295631409,0.5273918509483337
1631021518768,0.2714157700538635,-0.0527439229190349,0.7499533295631409,0.5273918509483337
1631021518862,0.2714157700538635,-0.0527439229190349,0.7499533295631409,0.5273918509483337
1631021518940,0.2714157700538635,-0.0527439229190349,0.7499533295631409,0.5273918509483337
1631021519065,0.2714157700538635,-0.0527439229190349,0.7499533295631409,0.5273918509483337
1631021519158,0.2714157700538635,-0.0527439229190349,0.7499533295631409,0.5273918509483337
1631021519268,0.2714157700538635,-0.0527439229190349,0.5558127164840698,0.5273918509483337
1631021519393,0.2714157700538635,-0.0527439229190349,0.3298183679580688,0.5273918509483337
1631021519458,0.2714157700538635,-0.0527439229190349,0.15155690908432,0.5273918509483337
1631021519583,0.2714157700538635,-0.0527439229190349,0.15155690908432,0.5273918509483337
1631021519661,0.2714157700538635,0.0209353845566511,0.15155690908432,0.5273918509483337
1631021519755,0.2714157700538635,0.3826027810573578,0.15155690908432,0.5273918509483337
1631021519864,0.2714157700538635,0.7351434230804443,0.15155690908432,0.5273918509483337
1631021519989,0.2714157700538635,0.9964253306388856,0.15155690908432,0.5273918509483337
1631021520114,0.2714157700538635,1.1613435745239258,0.15155690908432,0.5273918509483337
1631021520192,0.2714157700538635,1.1613435745239258,0.15155690908432,0.5273918509483337
1631021520286,0.2714157700538635,1.1613435745239258,0.15155690908432,0.5273918509483337
1631021520333,0.2714157700538635,1.1613435745239258,0.15155690908432,0.5273918509483337
1631021520524,0.2714157700538635,1.1613435745239258,0.15155690908432,0.5273918509483337
1631021520633,0.2714157700538635,1.1613435745239258,0.15155690908432,0.5273918509483337
1631021520711,0.2714157700538635,1.1613435745239258,0.15155690908432,0.5273918509483337
1631021520789,0.2714157700538635,1.1613435745239258,0.15155690908432,0.5273918509483337
1631021520883,0.2714157700538635,1.2169374227523804,0.15155690908432,0.5273918509483337
1631021520992,0.2714157700538635,1.281944751739502,0.15155690908432,0.5273918509483337
1631021521117,0.2714157700538635,1.358162522315979,0.15155690908432,0.5273918509483337
1631021521211,0.2714157700538635,1.4463660717010498,0.15155690908432,0.5273918509483337
1631021521289,0.2714157700538635,1.4463660717010498,0.15155690908432,0.5273918509483337
1631021521398,0.2714157700538635,1.4463660717010498,0.15155690908432,0.5273918509483337
1631021521512,0.2714157700538635,1.4463660717010498,0.15155690908432,0.5273918509483337
1631021521590,0.2714157700538635,1.4463660717010498,0.15155690908432,0.5273918509483337
1631021521699,0.2714157700538635,0.2885488271713257,0.2603038549423218,0.5273918509483337
1631021521809,0.2714157700538635,0.4284011721611023,0.3984358608722687,0.5273918509483337
1631021521902,0.2714157700538635,0.4954991936683655,0.487444669008255,-0.0693323090672493
1631021521996,1.0692182779312134,0.5068568587303162,0.5229640007019043,0.032817892730236
1631021522090,0.9991582036018372,0.487190306186676,0.5177152156829834,0.121370643377304
1631021522215,0.9344936609268188,0.4643891751766205,0.492101103067398,0.1908037513494491
1631021522324,0.8806658387184143,0.4610099792480469,0.4633039534091949,0.1908037513494491
1631021522386,0.8364819884300232,0.4945644438266754,0.4448627233505249,0.1908037513494491
1631021522498,0.8364819884300232,0.4945644438266754,0.4448627233505249,0.1908037513494491
1631021522623,0.8364819884300232,0.4945644438266754,0.4448627233505249,0.1908037513494491
1631021522686,0.8364819884300232,0.4945644438266754,0.4448627233505249,0.1908037513494491
1631021522780,0.8364819884300232,0.4945644438266754,0.4448627233505249,0.1908037513494491
1631021522936,0.8364819884300232,0.5285051465034485,0.4716593027114868,0.1908037513494491
1631021523040,0.8364819884300232,0.5625669956207275,0.5004405975341797,0.1908037513494491
1631021523124,0.8364819884300232,0.5845754146575928,0.5235334634780884,0.2338996976613998
1631021523240,0.7702949643135071,0.5794413089752197,0.5232585668563843,0.2886263430118561
1631021523329,0.6444056630134583,0.5429121255874634,0.4800876677036285,0.3453884124755859
1631021523425,0.4685127139091491,0.4934400618076324,0.3875553905963897,0.3453884124755859
1631021523518,0.3004090487957001,0.4721781611442566,0.2612470090389251,0.3453884124755859
1631021523654,0.3004090487957001,0.4721781611442566,0.2612470090389251,0.3453884124755859
1631021523769,0.3004090487957001,0.4721781611442566,0.2612470090389251,0.3453884124755859
1631021523846,0.3004090487957001,0.4721781611442566,0.2612470090389251,0.3453884124755859
1631021523926,0.3004090487957001,0.4721781611442566,0.2612470090389251,0.3453884124755859
1631021524007,0.3004090487957001,0.4721781611442566,0.2612470090389251,0.3453884124755859
1631021524132,0.3004090487957001,0.4721781611442566,0.7049500346183777,0.3453884124755859
1631021524244,0.3305577933788299,-0.0495474599301815,0.7069352269172668,0.3453884124755859
1631021524322,0.3847258388996124,0.0646809190511703,0.7156330943107605,0.3031512796878814
1631021524478,0.4322259426116943,0.1315522640943527,0.7126331925392151,0.3394931852817535
1631021524572,0.4576875865459442,0.1558918505907058,0.6898051500320435,0.3452787697315216
1631021524635,0.4571180641651153,0.1535705327987671,0.6522151231765747,0.3236863911151886
1631021524760,0.4390240609645843,0.1412779837846756,0.6116583347320557,0.2909944951534271
1631021524869,0.4175571203231811,0.1261773705482483,0.5741090178489685,0.2668505907058716
1631021524963,0.4009779691696167,0.1090091466903686,0.5412213802337646,0.2596092820167541
1631021525088,0.3873157501220703,0.0892207846045494,0.516347348690033,0.2655921280384063
1631021525150,0.3725512027740478,0.0697589144110679,0.5090281367301941,0.2792213857173919
1631021525215,0.3567900359630584,0.0543283373117446,0.5255689024925232,0.2792213857173919
1631021525372,0.3445779085159302,0.0441416539251804,0.5469679236412048,0.2792213857173919
1631021525481,0.3412651121616363,0.0498851537704467,0.5659005045890808,0.2792213857173919
1631021525543,0.3435456156730652,0.0566282272338867,0.5809866786003113,0.3792622983455658
1631021525668,0.3452534973621368,0.0617223046720027,0.5935340523719788,0.3918294906616211
1631021525762,0.3373937308788299,0.0500928722321987,0.6028696298599243,0.3956007361412048
1631021525856,0.313659518957138,0.0156614873558282,0.6179986596107483,0.3888665437698364
1631021525997,0.2725036442279815,-0.0316112190485,0.6595723628997803,0.3790315687656402
1631021526090,0.224081203341484,-0.0748980641365051,0.7326585650444031,0.3798717856407165
1631021526153,0.1892069876194,-0.1031019240617752,0.81828373670578,0.4072272777557373
1631021526282,0.1797368824481964,-0.1204410791397094,0.8944720029830933,0.4605806469917297
1631021526360,0.1834093779325485,-0.131581649184227,0.9508371353149414,0.5262188911437988
1631021526485,0.1828202754259109,-0.1339754909276962,0.9909198880195618,0.5262188911437988
1631021526594,0.1794694811105728,-0.1207532808184623,1.0354490280151367,0.5262188911437988
1631021526704,0.1888617873191833,-0.0952686071395874,1.1059417724609375,0.5262188911437988
1631021526766,0.1888617873191833,-0.0687019526958465,1.1241577863693235,0.5262188911437988
1631021526860,0.1888617873191833,-0.0687019526958465,1.1388590335845947,0.5262188911437988
1631021526969,0.1888617873191833,-0.0687019526958465,1.1540566682815552,0.5262188911437988
1631021527032,0.1888617873191833,-0.0687019526958465,1.173364758491516,0.5262188911437988
1631021527201,0.1888617873191833,-0.0687019526958465,1.1855944395065308,0.5262188911437988
1631021527286,0.1888617873191833,-0.0687019526958465,1.182133436203003,0.5262188911437988
1631021527379,0.1888617873191833,-0.0687019526958465,1.1690680980682373,0.5262188911437988
1631021527504,0.1888617873191833,-0.0687019526958465,1.144865870475769,0.5262188911437988
1631021527582,0.1888617873191833,-0.0687019526958465,1.1067978143692017,0.5262188911437988
1631021527645,0.1888617873191833,-0.0687019526958465,1.0569791793823242,0.5262188911437988
1631021527817,0.1888617873191833,-0.0687019526958465,1.0070818662643433,0.5262188911437988
1631021527910,0.6238324046134949,0.3424634039402008,0.9732747077941896,0.7188007235527039
1631021528020,0.6322139501571655,0.3292990326881408,0.956089973449707,0.7293660640716553
1631021528098,0.6091300249099731,0.3410957157611847,0.917682647705078,0.730693519115448
1631021528206,0.5725168585777283,0.4111124873161316,0.7794811129570007,0.7279458045959473
1631021528304,0.5320360064506531,0.5247551202774048,0.774389922618866,0.7161659002304077
1631021528429,0.4935873746871948,0.6320140957832336,0.7673351168632507,0.699227511882782
1631021528539,0.4622709155082702,0.7017918825149536,0.756152331829071,0.6887879967689514
1631021528601,0.4443225264549255,0.7017918825149536,0.7387049794197083,0.6922484636306763
1631021528742,0.4443225264549255,0.7017918825149536,0.6830917596817017,0.7165690660476685
1631021528789,0.4443225264549255,0.7017918825149536,0.6598917245864868,0.769723653793335
1631021528914,0.4443225264549255,0.7017918825149536,0.6633274555206299,0.8702717423439026
1631021529023,0.4443225264549255,0.7017918825149536,0.6922154426574707,0.8702717423439026
1631021529117,0.4568403363227844,0.7298131585121155,0.7334334850311279,0.8910954594612122
1631021529213,0.4429921209812164,0.7586339712142944,0.7647891640663147,0.9035881757736206
1631021529323,0.3882053792476654,0.7936582565307617,0.7685151100158691,0.9101884961128236
1631021529416,0.2940562963485718,0.8401595950126648,0.7423638701438904,0.9186277985572816
1631021529479,0.1838190406560897,0.8993101119995117,0.6994379758834839,0.932451069355011
1631021529635,0.0938180908560752,0.9680882692337036,0.6563840508460999,0.9516713619232178
1631021529760,0.0454145669937133,0.9680882692337036,0.6224834322929382,0.9772894978523254
1631021529838,0.0454145669937133,0.9680882692337036,0.5948055386543274,1.0158683061599731
1631021529916,0.0454145669937133,0.9680882692337036,0.5701128244400024,1.0188871622085571
1631021530041,0.0454145669937133,0.9680882692337036,0.5535632967948914,1.0186015367507937
1631021530151,0.0454145669937133,-0.6260073781013489,0.5504705309867859,1.008492350578308
1631021530232,0.0454145669937133,-0.6816564202308655,0.5586127042770386,0.97645902633667
1631021530341,0.0454145669937133,-0.6816564202308655,0.577525794506073,0.9326221346855164
1631021530443,0.0454145669937133,-0.6816564202308655,0.5806317925453186,0.5873520374298096
1631021530537,0.0454145669937133,-0.6816564202308655,0.5476376414299011,0.5873520374298096
1631021530637,0.0454145669937133,-0.6816564202308655,0.4675664603710174,0.5873520374298096
1631021530723,0.0454145669937133,-0.6816564202308655,0.3529887795448303,0.5873520374298096
1631021530846,0.0454145669937133,-0.6816564202308655,0.2495245039463043,0.5873520374298096
1631021530972,0.0454145669937133,-0.6816564202308655,0.2053957879543304,0.5873520374298096
1631021531085,0.0454145669937133,-0.6816564202308655,0.2053484916687011,0.5873520374298096
1631021531136,0.0454145669937133,-0.6816564202308655,0.2179667353630066,0.5873520374298096
1631021531248,0.0454145669937133,-0.6816564202308655,0.2366995364427566,0.5873520374298096
1631021531348,0.0454145669937133,-0.799873411655426,0.263010710477829,0.5873520374298096
1631021531471,0.0454145669937133,-0.799873411655426,0.263010710477829,0.5873520374298096
1631021531612,0.0454145669937133,-0.799873411655426,0.263010710477829,0.5873520374298096
1631021531674,0.0454145669937133,-0.799873411655426,0.263010710477829,0.5873520374298096
1631021531768,0.0454145669937133,-0.799873411655426,0.263010710477829,0.5873520374298096
1631021531846,0.0454145669937133,-0.799873411655426,0.263010710477829,0.5873520374298096
1631021531938,0.0454145669937133,-0.799873411655426,0.263010710477829,0.5873520374298096
1631021532063,0.0454145669937133,-0.799873411655426,0.263010710477829,0.5873520374298096
1631021532188,0.0454145669937133,-0.799873411655426,0.263010710477829,0.5873520374298096
1631021532250,0.0454145669937133,-0.799873411655426,0.263010710477829,0.5873520374298096
1631021532386,0.0454145669937133,-0.799873411655426,0.263010710477829,0.5873520374298096
1631021532464,0.0454145669937133,-0.799873411655426,0.263010710477829,0.5873520374298096
1631021532526,0.0454145669937133,-0.799873411655426,0.263010710477829,0.5873520374298096
1631021532682,0.0454145669937133,-0.799873411655426,0.263010710477829,0.5873520374298096
1631021532761,0.0454145669937133,-0.799873411655426,0.263010710477829,0.5873520374298096
1631021532885,0.0454145669937133,-0.799873411655426,1.0986473560333252,0.5873520374298096
1631021532948,0.0454145669937133,-0.799873411655426,1.0986473560333252,0.5873520374298096
1631021533057,0.0454145669937133,-0.799873411655426,1.0986473560333252,0.5873520374298096
1631021533151,0.0454145669937133,-0.799873411655426,1.0986473560333252,0.5873520374298096
1631021533279,0.0454145669937133,-0.799873411655426,1.0986473560333252,0.5873520374298096
1631021533404,0.0454145669937133,-0.799873411655426,1.0986473560333252,0.5873520374298096
1631021533497,0.0454145669937133,-0.799873411655426,1.0986473560333252,0.5873520374298096
1631021533576,0.0454145669937133,-0.799873411655426,1.0986473560333252,0.5873520374298096
1631021533654,0.0454145669937133,-0.799873411655426,1.0986473560333252,0.5873520374298096
1631021533779,0.0454145669937133,-0.799873411655426,1.0986473560333252,0.5873520374298096
1631021533935,0.0454145669937133,-0.799873411655426,1.0986473560333252,0.5873520374298096
1631021533997,0.0454145669937133,-0.799873411655426,1.0165897607803345,0.5873520374298096
1631021534091,0.0454145669937133,-0.799873411655426,0.968420147895813,0.5873520374298096
1631021534169,0.0454145669937133,-0.799873411655426,0.8695749640464783,0.5873520374298096
1631021534268,0.0454145669937133,-0.799873411655426,0.7245045900344849,0.5873520374298096
1631021534346,0.0454145669937133,-0.799873411655426,0.6884363889694214,0.5873520374298096
1631021534502,0.0454145669937133,-0.799873411655426,0.6884363889694214,0.5873520374298096
1631021534596,0.0454145669937133,-0.799873411655426,0.6884363889694214,0.5873520374298096
1631021534705,0.0454145669937133,-0.799873411655426,0.6884363889694214,0.5873520374298096
1631021534783,0.0454145669937133,-0.799873411655426,0.9333980083465576,0.5873520374298096
1631021534908,0.0454145669937133,-0.799873411655426,0.9874585270881652,0.5873520374298096
1631021534986,0.0454145669937133,-0.799873411655426,0.9865484833717346,0.5873520374298096
1631021535111,0.0454145669937133,-0.799873411655426,0.9637284874916076,0.5873520374298096
1631021535212,0.0454145669937133,-0.799873411655426,0.931096851825714,0.5873520374298096
1631021535337,0.0454145669937133,-0.799873411655426,0.8942731618881226,0.5873520374298096
1631021535399,0.0454145669937133,-0.799873411655426,0.8588166832923889,0.5873520374298096
1631021535524,0.0454145669937133,-0.799873411655426,0.8532314300537109,0.5873520374298096
1631021535602,0.0454145669937133,-0.799873411655426,0.8510702252388,0.5873520374298096
1631021535712,0.0454145669937133,0.607694685459137,0.8489066958427429,0.5873520374298096
1631021535805,0.0454145669937133,0.5446496605873108,0.8295962810516357,0.5873520374298096
1631021535914,0.0454145669937133,0.5070726871490479,0.7493739128112793,0.5873520374298096
1631021536039,0.6009599566459656,0.4915662109851837,0.7200270295143127,0.6358849406242371
1631021536118,0.6319770216941833,0.483426958322525,0.6930531859397888,0.5585042238235474
1631021536231,0.6711075305938721,0.4689287841320038,0.6678585410118103,0.5585042238235474
1631021536322,0.7022674083709717,0.4441312253475189,0.4609993100166321,0.5585042238235474
1631021536431,0.7183147668838501,0.4150291681289673,0.2604867815971374,0.5585042238235474
1631021536541,0.7197071313858032,0.3888570368289947,0.0911061316728591,0.6812950372695923
1631021536619,0.7115402221679688,0.3666898012161255,-0.0027103726752102,0.7562555074691772
1631021536713,0.7074775099754333,0.3464698493480682,0.0109809031710028,0.7916046977043152
1631021536806,0.7135416269302368,0.325795978307724,0.0932104140520095,0.8124144673347473
1631021536962,0.7286419868469238,0.2444599419832229,0.1762903481721878,0.8318554759025574
1631021537056,0.7393475770950317,0.1601668298244476,0.2452278435230255,0.8446131348609924
1631021537134,0.7393475770950317,0.1022555083036422,0.3083338737487793,0.8449397087097168
1631021537244,0.7393475770950317,0.0799700766801834,0.3626134097576141,0.8554942011833191
1631021537353,0.7393475770950317,0.0767115801572799,0.3773620426654815,0.864493727684021
1631021537400,0.7573707699775696,0.0778381749987602,0.3965625762939453,0.8834264278411865
1631021537556,0.7703877091407776,0.0838324502110481,0.4198404252529144,0.9208627343177797
1631021537650,0.7738691568374634,0.0998696386814117,0.4461422860622406,0.9736416935920716
1631021537775,0.7667911052703857,0.1302087157964706,0.4766239523887634,0.9736416935920716
1631021537837,0.7529230713844299,0.1755220741033554,0.5133984684944153,0.9736416935920716
1631021537947,0.7413418292999268,0.2339014858007431,0.5570284128189087,0.9736416935920716
1631021538009,0.7434414625167847,0.2977496981620788,0.603925883769989,0.9635187983512878
1631021538165,0.7676776051521301,0.3585430681705475,0.644871711730957,0.9953154921531676
1631021538277,0.7676776051521301,0.4179322421550751,0.671517550945282,1.0198112726211548
1631021538371,0.7676776051521301,0.481939435005188,0.64774489402771,1.0324395895004272
1631021538449,0.7676776051521301,0.5441874861717224,0.6049838066101074,1.045448660850525
1631021538558,0.7676776051521301,0.5920717120170593,0.5408706068992615,1.045448660850525
1631021538636,0.9673583507537842,0.619624674320221,0.4420066475868225,1.045448660850525
1631021538777,0.9754407405853271,0.6321921944618225,0.3264420628547668,1.045448660850525
1631021538886,0.9760596752166748,0.6369906067848206,0.3460898697376251,1.072731852531433
1631021538949,0.9745123386383056,0.6353302597999573,0.3600066006183624,1.000762104988098
1631021539068,0.9699152708053588,0.6266883015632629,0.3563501834869385,0.934170126914978
1631021539146,0.9637281894683838,0.6177366971969604,0.3428336083889007,0.8827775120735168
1631021539259,0.9721136093139648,0.6294320821762085,0.3365366458892822,0.8493512272834778
1631021539415,1.0052597522735596,0.6716515421867371,0.346297413110733,0.8317110538482666
1631021539477,1.0462971925735474,0.7257214188575745,0.3647978007793426,0.8221341967582703
1631021539587,1.072207808494568,0.7654860019683838,0.3789538145065307,0.8105907440185547
1631021539649,1.072207808494568,0.7809322476387024,0.3824130296707153,0.7275885939598083
1631021539774,1.072207808494568,0.7818306684494019,0.3761360049247741,0.6340650916099548
1631021539899,1.0844237804412842,0.7770761847496033,0.3601441383361816,0.6182288527488708
1631021539993,1.096197485923767,0.755733847618103,0.3557780981063843,0.6267086267471313
1631021540071,1.1045011281967163,0.7430805563926697,0.3690042197704315,0.6501269340515137
1631021540180,1.11175274848938,0.7418386340141296,0.3907036781311035,0.6706002354621887
1631021540297,1.079195261001587,0.7445640563964844,0.4029924273490906,0.6373069286346436
1631021540360,1.0902246236801147,0.7445945739746094,0.3971995711326599,0.6406858563423157
1631021540454,1.1054826974868774,0.7421430945396423,0.3795229792594909,0.6751648187637329
1631021540610,1.0676604509353638,0.739104688167572,0.3618936538696289,0.7123023271560669
1631021540704,1.0318610668182373,0.7319244742393494,0.3485635817050934,0.7335739135742188
1631021540797,0.9775308966636658,0.704135000705719,0.3368625044822693,0.7350584268569946
1631021540875,0.8652577996253967,0.6384413242340088,0.3297115266323089,0.7213684320449829
1631021540970,0.6571698188781738,0.5291074514389038,0.3387268483638763,0.7007840275764465
1631021541063,0.3364379107952118,0.3943139612674713,0.3749218285083771,0.6877437829971313
1631021541235,0.3364379107952118,0.2788196206092834,0.4451351463794708,0.6998159289360046
1631021541297,0.3364379107952118,0.278281420469284,0.5523620843887329,0.7217379212379456
1631021541422,0.3364379107952118,0.278281420469284,0.5693942904472351,0.7406443953514099
1631021541516,0.3364379107952118,0.2435087412595749,0.5849052667617798,0.7427030801773071
1631021541594,0.3364379107952118,0.1828005611896515,0.5946331024169922,0.7268052101135254
1631021541688,0.3364379107952118,0.1049883142113685,0.5998923182487488,0.7047818303108215
1631021541828,0.3505682647228241,0.0371601805090904,0.6088963747024536,0.6838096976280212
1631021541906,0.3505682647228241,-0.0002880436659324,0.630405068397522,0.6508827209472656
1631021542000,0.3505682647228241,-0.0087555153295397,0.6674147248268127,0.5857864618301392
1631021542125,0.3894353210926056,-0.0035700814332813,0.7170674204826355,0.4858819544315338
1631021542208,0.4227236211299896,0.0058940257877111,0.7767902612686157,0.3776362538337707
1631021542270,0.4227236211299896,0.0187163427472114,0.8437557220458984,0.3776362538337707
1631021542426,0.4227236211299896,0.0407362543046474,0.9126341342926024,0.3776362538337707
1631021542536,0.4227236211299896,0.0407362543046474,0.9126341342926024,0.3776362538337707
1631021542614,0.4227236211299896,0.0407362543046474,0.9126341342926024,0.3776362538337707
1631021542723,0.4227236211299896,0.0407362543046474,0.9126341342926024,0.3776362538337707
1631021542817,0.4227236211299896,0.0407362543046474,0.9126341342926024,0.3776362538337707
1631021542911,0.4227236211299896,0.0407362543046474,0.9126341342926024,0.3776362538337707
1631021543051,0.4227236211299896,0.0407362543046474,0.9126341342926024,0.3776362538337707
1631021543129,0.4227236211299896,0.0407362543046474,0.9126341342926024,0.3776362538337707
1631021543239,0.4227236211299896,0.0407362543046474,0.9126341342926024,0.3776362538337707
1631021543301,0.4227236211299896,0.0407362543046474,0.9126341342926024,0.3776362538337707
1631021543410,0.4227236211299896,0.0407362543046474,0.9126341342926024,0.3776362538337707
1631021543489,0.4227236211299896,0.0407362543046474,0.9126341342926024,0.3776362538337707
1631021543645,0.4227236211299896,0.0407362543046474,0.9126341342926024,0.3776362538337707
1631021543739,0.4227236211299896,0.0407362543046474,0.9126341342926024,0.3776362538337707
1631021543832,0.4227236211299896,0.0407362543046474,0.9126341342926024,0.3776362538337707
1631021543942,0.4227236211299896,0.0407362543046474,0.9126341342926024,0.3776362538337707
1631021544035,0.4227236211299896,0.0407362543046474,0.1739932149648666,0.3776362538337707
1631021544129,0.4227236211299896,0.0407362543046474,0.2228120565414428,0.3776362538337707
1631021544225,0.4227236211299896,0.0407362543046474,0.2355472892522812,0.7512937784194946
1631021544366,0.4227236211299896,0.392002135515213,0.2258222699165344,0.7452076077461243
1631021544459,0.7863686680793762,0.361200600862503,0.2094463109970092,0.728268027305603
1631021544537,0.8497841358184814,0.323052167892456,0.1946285367012024,0.708136260509491
1631021544631,0.8940953612327576,0.2872311174869537,0.1789272576570511,0.708136260509491
1631021544725,0.909985363483429,0.2576996684074402,0.1582825481891632,0.708136260509491
1631021544912,0.911378800868988,0.2351913750171661,0.1346964836120605,0.708136260509491
1631021544959,0.925405979156494,0.2199459969997406,0.1166201382875442,0.7384675145149231
1631021545053,0.9700435400009156,0.209352508187294,0.1154840886592865,0.8032351732254028
1631021545182,1.0300781726837158,0.1997551470994949,0.1326899528503418,0.8798350095748901
1631021545275,1.080386996269226,0.1903563290834427,0.1684563308954239,0.947300136089325
1631021545338,1.1081434488296509,0.1837551891803741,0.1935984939336776,0.9971996545791626
1631021545494,1.1081434488296509,0.1801932454109192,0.1956106573343277,1.047160029411316
1631021545588,1.126866579055786,0.1610971093177795,0.1774685978889465,1.0782477855682373
1631021545666,1.1506032943725586,0.130350261926651,0.1488606482744217,1.0911123752593994
1631021545744,1.177667260169983,0.0912371277809143,0.1210105419158935,1.0946228504180908
1631021545853,1.177667260169983,0.0533695705235004,0.101672276854515,1.1022326946258545
1631021545963,1.1989612579345703,0.0259546991437673,0.0954669117927551,1.122902512550354
1631021546103,1.1946172714233398,0.0118024069815874,0.103542573750019,1.1531263589859009
1631021546201,1.18873131275177,0.0058178710751235,0.1241804584860801,1.1556733846664429
1631021546263,1.185094118118286,0.0001642229181015,0.1489097326993942,1.1519495248794556
1631021546357,1.1792885065078735,-0.0113067552447319,0.1673720628023147,1.1428102254867554
1631021546435,1.1577603816986084,-0.0304993968456983,0.1722030639648437,1.1556395292282104
1631021546560,1.1456704139709473,-0.0527308583259582,0.1590827703475952,1.157753348350525
1631021546716,1.0960578918457031,-0.0698197185993194,0.1287465244531631,1.146952986717224
1631021546779,1.00586998462677,-0.0762350931763649,0.0919598191976547,1.125091791152954
1631021546888,0.8860253095626831,-0.0549417361617088,0.0679423362016677,1.0966308116912842
1631021546982,0.8860253095626831,0.0163755044341087,0.0684147998690605,1.0685807466506958
1631021547091,0.8860253095626831,0.1350879222154617,0.0644708573818206,1.0517386198043823
1631021547193,0.8860253095626831,0.1393859684467315,0.0707097128033638,1.0562955141067505
1631021547304,0.8860253095626831,0.1507346928119659,0.0864391103386879,1.0814402103424072
1631021547382,0.8860253095626831,0.1690835058689117,0.1063578873872757,1.110523700714111
1631021547491,0.8860253095626831,0.1923047453165054,0.1185056790709495,1.120599627494812
1631021547585,0.8596447706222534,0.2174849510192871,0.1122989729046821,1.120599627494812
1631021547710,0.8596447706222534,0.2436715811491012,0.084560789167881,1.120599627494812
1631021547819,0.8596447706222534,0.2744776606559753,0.0476093143224716,1.120599627494812
1631021547897,0.8596447706222534,0.3149184882640838,0.0257631111890077,1.120599627494812
1631021548038,0.8596447706222534,0.3667629063129425,0.0397386215627193,1.120599627494812
1631021548116,0.8596447706222534,0.4294020533561706,0.0865822881460189,1.120599627494812
1631021548215,0.8596447706222534,0.5036914944648743,0.0865822881460189,1.120599627494812
1631021548309,0.8596447706222534,0.5036914944648743,0.0865822881460189,1.120599627494812
1631021548387,0.8596447706222534,0.5036914944648743,0.0865822881460189,1.120599627494812
1631021548528,0.8596447706222534,0.5036914944648743,0.0865822881460189,1.120599627494812
1631021548622,0.8596447706222534,0.5036914944648743,0.0865822881460189,1.120599627494812
1631021548700,0.8596447706222534,0.5036914944648743,0.0865822881460189,1.120599627494812
1631021548793,0.8596447706222534,0.5036914944648743,0.0865822881460189,1.120599627494812
1631021548903,0.8596447706222534,0.5036914944648743,0.0865822881460189,1.120599627494812
1631021549028,0.8596447706222534,0.5036914944648743,0.0865822881460189,1.120599627494812
1631021549106,0.8596447706222534,0.5036914944648743,0.0865822881460189,1.120599627494812
1631021549246,0.8596447706222534,0.5036914944648743,0.0865822881460189,1.120599627494812
1631021549325,0.8596447706222534,0.5036914944648743,0.0865822881460189,1.120599627494812
1631021549417,0.8596447706222534,0.5036914944648743,0.0865822881460189,1.120599627494812
1631021549483,0.8596447706222534,0.5036914944648743,0.0865822881460189,1.120599627494812
1631021549616,0.8596447706222534,1.202223777770996,0.0865822881460189,1.120599627494812
1631021549740,0.8596447706222534,1.3040560483932495,0.0865822881460189,1.120599627494812
1631021549835,0.8596447706222534,1.3040560483932495,0.0865822881460189,1.120599627494812
1631021549981,0.8596447706222534,1.3040560483932495,0.0865822881460189,1.120599627494812
1631021550031,0.8596447706222534,1.3040560483932495,0.0865822881460189,1.120599627494812
1631021550128,0.8596447706222534,1.3040560483932495,0.0865822881460189,1.120599627494812
1631021550219,0.8596447706222534,1.3040560483932495,0.0865822881460189,1.120599627494812
1631021550349,0.8596447706222534,1.3040560483932495,0.0865822881460189,1.120599627494812
1631021550462,0.8596447706222534,1.3040560483932495,0.0865822881460189,1.120599627494812
1631021550586,0.8596447706222534,1.3040560483932495,0.0865822881460189,1.120599627494812
1631021550663,0.8596447706222534,1.3040560483932495,0.0865822881460189,1.120599627494812
1631021550728,0.8596447706222534,1.3040560483932495,0.0865822881460189,1.120599627494812
1631021550836,0.8596447706222534,1.360956072807312,0.0865822881460189,1.120599627494812
1631021550993,0.8596447706222534,1.360956072807312,0.0865822881460189,1.120599627494812
1631021551054,0.8596447706222534,1.360956072807312,-0.1906078159809112,1.120599627494812
1631021551179,0.8596447706222534,1.360956072807312,-0.1980862915515899,1.120599627494812
1631021551244,0.8596447706222534,1.360956072807312,-0.1735352277755737,1.120599627494812
1631021551337,0.8596447706222534,1.360956072807312,-0.0897356197237968,0.9547904133796692
1631021551481,0.8596447706222534,1.360956072807312,0.0172204710543155,0.9642963409423828
1631021551571,0.8596447706222534,1.360956072807312,0.0988741293549537,0.9642963409423828
1631021551680,0.8596447706222534,0.7683933973312378,0.1459483355283737,0.9642963409423828
1631021551774,0.8596447706222534,0.7299249172210693,0.175661414861679,0.9642963409423828
1631021551852,0.7733292579650879,0.6697822213172913,0.2017071694135666,0.9642963409423828
1631021551935,0.7810496091842651,0.6697822213172913,0.223232015967369,0.9642963409423828
1631021552058,0.7810496091842651,0.6697822213172913,0.2348776459693908,0.9642963409423828
1631021552202,0.7810496091842651,0.6106171607971191,0.2372572571039199,1.0589704513549805
1631021552265,0.7810496091842651,0.5608361959457397,0.2502585351467132,1.0959436893463137
1631021552358,0.7810496091842651,0.5177358984947205,0.2622419893741607,1.1108019351959229
1631021552476,0.7810496091842651,0.4799524247646332,0.2754676640033722,1.0788310766220093
1631021552525,0.7810496091842651,0.4410360753536224,0.2901778817176819,1.047540545463562
1631021552696,0.7810496091842651,0.4140021204948425,0.3022696077823639,1.056873440742493
1631021552790,0.7810496091842651,0.3931562602519989,0.3066770434379577,1.051024079322815
1631021552884,0.7810496091842651,0.3743475079536438,0.2948673963546753,1.040339112281799
1631021552978,0.7810496091842651,0.2894929945468902,0.2670571804046631,1.0188170671463013
1631021553085,0.7983343005180359,0.1487150341272354,0.2373162508010864,0.9898496270179749
1631021553210,0.7983343005180359,-0.0133083267137408,0.2219407707452774,0.96676766872406
1631021553273,0.7983343005180359,-0.122064858675003,0.2219020873308181,0.9519169926643372
1631021553429,0.7983343005180359,-0.1404946744441986,0.2283380031585693,0.9407157301902772
1631021553538,0.7983343005180359,-0.1227435395121574,0.2371974140405655,0.9292383790016174
1631021553601,0.7983343005180359,-0.095507800579071,0.2479045838117599,0.9141209721565248
1631021553710,0.7983343005180359,-0.056081373244524,0.2590530812740326,0.8326662182807922
1631021553804,0.7983343005180359,-0.0240027084946632,0.2718199789524078,0.7525697946548462
1631021553902,0.7983343005180359,-0.0048478771932423,0.290463775396347,0.7195454835891724
1631021553995,0.8998821973800659,0.0007812586263753,0.3113394677639007,0.7172204256057739
1631021554136,0.8571076393127441,-0.0076329074800014,0.32809978723526,0.7226812839508057
1631021554199,0.8181039094924927,-0.0292202532291412,0.3421223163604736,0.7575584650039673
1631021554324,0.8078619837760925,-0.060624573379755,0.3567425608634949,0.7612071633338928
1631021554370,0.8238264322280884,-0.0945328846573829,0.3710852265357971,0.7574968338012695
1631021554499,0.8448314070701599,-0.1221556439995765,0.3798151612281799,0.7650438547134399
1631021554608,0.8448314070701599,-0.1401850283145904,0.3791830241680145,0.7821656465530396
1631021554733,0.8448314070701599,-0.1522926688194275,0.3681585490703583,0.8008750677108765
1631021554796,0.8085525631904602,-0.1573890596628189,0.347702294588089,0.819489061832428
1631021554905,0.790948748588562,-0.1339921802282333,0.3229715824127197,0.8416000008583069
1631021555014,0.8062568306922913,-0.0585550628602504,0.299637496471405,0.8706856966018677
1631021555092,0.8062568306922913,0.046846866607666,0.281922698020935,0.9103790521621704
1631021555217,0.8062568306922913,0.1351203322410583,0.2682469487190246,0.9550142884254456
1631021555311,0.8062568306922913,0.1307647824287414,0.251897931098938,0.9824857115745544
1631021555420,0.8062568306922913,0.1348665058612823,0.2334352880716323,0.9824857115745544
1631021555561,0.7951403260231018,0.1510438621044159,0.228605255484581,0.9824857115745544
1631021555624,0.8289813995361328,0.1788668781518936,0.2590765357017517,0.9824857115745544
1631021555717,0.8289813995361328,0.2146439254283905,0.3184742927551269,0.9780563116073608
1631021555819,0.8289813995361328,0.2562229335308075,0.3766360580921173,0.983629047870636
1631021555929,0.8289813995361328,0.3038733303546905,0.4141073226928711,0.998175084590912
1631021556023,0.8289813995361328,0.3583516776561737,0.4305990040302276,1.016418218612671
1631021556148,0.8289813995361328,0.420659989118576,0.4379214644432068,1.0381516218185425
1631021556231,0.8289813995361328,0.4935063421726227,0.4583605527877807,1.0614358186721802
1631021556325,0.8289813995361328,0.5772830843925476,0.4809803962707519,1.0831218957901
1631021556434,0.8289813995361328,0.5772830843925476,0.5030397772789001,1.0831218957901
1631021556575,0.8289813995361328,0.5772830843925476,0.5232660174369812,1.0831218957901
1631021556622,0.8289813995361328,0.5772830843925476,0.5433228611946106,1.0831218957901
1631021556716,0.8289813995361328,0.5772830843925476,0.5679500699043274,1.0831218957901
1631021556841,0.8289813995361328,0.5772830843925476,0.6000781655311584,1.0831218957901
1631021556934,0.8289813995361328,0.5772830843925476,0.6364721655845642,1.0831218957901
1631021557059,0.8289813995361328,0.5772830843925476,0.6654959321022034,1.0831218957901
1631021557137,0.8289813995361328,0.5772830843925476,0.667132556438446,1.0831218957901
1631021557233,0.8289813995361328,0.5772830843925476,0.6226614117622375,1.0831218957901
1631021557342,0.8289813995361328,0.5772830843925476,0.6226614117622375,1.0831218957901
1631021557451,0.8289813995361328,0.5772830843925476,0.6226614117622375,1.0831218957901
1631021557514,0.8289813995361328,0.5772830843925476,0.6226614117622375,1.0831218957901
1631021557655,0.8289813995361328,0.5772830843925476,0.6226614117622375,1.0831218957901
1631021557764,0.8289813995361328,0.5772830843925476,0.6226614117622375,1.0831218957901
1631021557858,0.8289813995361328,0.5772830843925476,0.6226614117622375,1.0831218957901
1631021557985,0.8289813995361328,0.5772830843925476,0.6226614117622375,1.0831218957901
1631021558063,0.8289813995361328,0.5772830843925476,0.6226614117622375,1.0831218957901
1631021558126,0.8289813995361328,0.5772830843925476,0.6226614117622375,1.0831218957901
1631021558272,0.8289813995361328,0.5772830843925476,0.6226614117622375,1.0831218957901
1631021558381,0.8289813995361328,0.5772830843925476,0.6226614117622375,1.0831218957901
1631021558444,0.8289813995361328,0.5772830843925476,0.6226614117622375,1.0831218957901
1631021558569,0.8289813995361328,0.5772830843925476,0.6226614117622375,1.0831218957901
1631021558678,0.8289813995361328,0.5772830843925476,0.6226614117622375,1.0831218957901
1631021558756,0.8289813995361328,0.5772830843925476,0.6226614117622375,1.0831218957901
1631021558881,0.8289813995361328,0.5772830843925476,0.6226614117622375,1.0831218957901
1631021558975,0.8289813995361328,0.5772830843925476,0.6226614117622375,1.0831218957901
1631021559053,0.8289813995361328,0.5772830843925476,0.6226614117622375,1.0831218957901
1631021559147,0.8289813995361328,0.5772830843925476,0.6226614117622375,1.0831218957901
1631021559270,0.8289813995361328,0.5772830843925476,0.6226614117622375,1.0831218957901
1631021559377,0.8289813995361328,0.5772830843925476,0.6226614117622375,1.0831218957901
1631021559492,0.8289813995361328,0.5772830843925476,0.6226614117622375,1.0831218957901
1631021559582,0.8289813995361328,0.5772830843925476,0.6226614117622375,1.0831218957901
1631021559675,0.8289813995361328,0.5772830843925476,0.6226614117622375,1.0831218957901
1631021559784,0.8289813995361328,0.5772830843925476,0.6226614117622375,1.0831218957901
1631021559854,0.8289813995361328,0.5772830843925476,0.6226614117622375,1.0831218957901
1631021560006,0.8289813995361328,0.5772830843925476,0.6226614117622375,1.0831218957901
1631021560100,0.8289813995361328,0.5772830843925476,0.6226614117622375,1.0831218957901
1631021560178,0.8289813995361328,0.5772830843925476,0.6226614117622375,1.0831218957901
1631021560258,0.8289813995361328,0.5772830843925476,0.6226614117622375,1.0831218957901
1631021560368,0.8289813995361328,0.5772830843925476,0.6226614117622375,1.0831218957901
1631021560493,0.8289813995361328,0.5772830843925476,0.6226614117622375,1.0831218957901
1631021560571,0.8289813995361328,0.5772830843925476,0.6226614117622375,1.0831218957901
1631021560711,0.8289813995361328,0.5772830843925476,0.6226614117622375,1.0831218957901
1631021560836,0.8289813995361328,0.5772830843925476,0.6226614117622375,1.0831218957901
1631021560930,0.8289813995361328,0.5772830843925476,0.6226614117622375,1.0831218957901
1631021561015,0.8289813995361328,0.5772830843925476,0.6226614117622375,1.0831218957901
1631021561140,0.8289813995361328,0.4344684779644012,0.19500233232975,1.0831218957901
1631021561187,0.8766971230506897,0.4024078547954559,0.2266531586647033,0.9023032188415528
1631021561345,0.8919245600700378,0.3588363826274872,0.2727327942848205,0.8559763431549072
1631021561398,0.8836159706115723,0.3163340985774994,0.3103883862495422,0.8171778321266174
1631021561523,0.8584611415863037,0.2801526188850403,0.320997804403305,0.7902812361717224
1631021561601,0.8305377960205078,0.252094566822052,0.307060182094574,0.7791918516159058
1631021561695,0.8136342763900757,0.2317063063383102,0.2811044752597809,0.7859677076339722
1631021561820,0.8086662888526917,0.2139178961515426,0.2594073712825775,0.8034294843673706
1631021561913,0.8051540851593018,0.1931958347558975,0.2514605224132538,0.8186209797859192
1631021562038,0.7930337190628052,0.1689259558916092,0.2561265230178833,0.8210121989250183
1631021562148,0.7715967893600464,0.1442442238330841,0.2669251263141632,0.8101856112480164
1631021562195,0.7498577237129211,0.1221383661031723,0.2769666910171509,0.7931700944900513
1631021562307,0.7498577237129211,0.0936158895492553,0.2902986705303192,0.7931700944900513
1631021562385,0.750724196434021,0.1045518666505813,0.2970412075519562,0.7749641537666321
1631021562557,0.7426694631576538,0.0514618940651416,0.3004225194454193,0.753642201423645
1631021562650,0.7215828895568848,0.0007631512125954,0.3033127188682556,0.7397400736808777
1631021562728,0.6865360736846924,-0.0272153560072183,0.3000940382480621,0.7404703497886658
1631021562853,0.6447368860244751,-0.0331366248428821,0.2797665297985077,0.7539060115814209
1631021562900,0.6128739714622498,-0.0269549842923879,0.245451733469963,0.7742511630058289
1631021562994,0.6047019362449646,-0.0171609260141849,0.2204877436161041,0.796039879322052
1631021563129,0.611871063709259,-0.0099688610062003,0.2275140881538391,0.8111343383789062
1631021563223,0.6043300628662109,-0.0093403933569788,0.2685709595680237,0.8058408498764038
1631021563337,0.5543240904808044,-0.007389775943011,0.3218863904476166,0.7664084434509277
1631021563416,0.5543240904808044,0.0151314288377761,0.3218863904476166,0.7664084434509277
1631021563525,0.5543240904808044,0.071829929947853,0.3218863904476166,0.7664084434509277
1631021563619,0.5543240904808044,0.071829929947853,0.3218863904476166,0.7664084434509277
1631021563759,0.5543240904808044,0.071829929947853,0.3218863904476166,0.7664084434509277
1631021563869,0.5543240904808044,0.071829929947853,0.3218863904476166,0.7664084434509277
1631021563962,0.5543240904808044,0.071829929947853,0.3218863904476166,0.7664084434509277
1631021564040,0.5543240904808044,0.071829929947853,0.3218863904476166,0.7664084434509277
1631021564134,0.5543240904808044,0.071829929947853,0.3218863904476166,0.7664084434509277
1631021564247,0.5543240904808044,0.071829929947853,0.3218863904476166,0.7664084434509277
1631021564356,0.5543240904808044,0.071829929947853,0.3218863904476166,0.7664084434509277
1631021564450,0.5543240904808044,0.071829929947853,0.3218863904476166,0.7664084434509277
1631021564543,0.5543240904808044,0.071829929947853,0.3218863904476166,0.7664084434509277
1631021564668,0.5543240904808044,0.071829929947853,0.3218863904476166,0.7664084434509277
1631021564747,0.5543240904808044,0.071829929947853,0.3218863904476166,0.7664084434509277
1631021564825,0.5543240904808044,0.071829929947853,0.3218863904476166,0.7664084434509277
1631021565012,0.5543240904808044,0.071829929947853,0.3218863904476166,0.7664084434509277
1631021565075,0.5543240904808044,0.071829929947853,0.3218863904476166,0.7664084434509277
1631021565153,0.5543240904808044,0.071829929947853,0.3218863904476166,0.7664084434509277
1631021565278,0.5543240904808044,0.071829929947853,0.3218863904476166,0.7664084434509277
1631021565371,0.5543240904808044,0.071829929947853,0.3218863904476166,0.7664084434509277
1631021565434,0.5543240904808044,0.071829929947853,0.3218863904476166,0.7664084434509277
1631021565590,0.5543240904808044,0.071829929947853,0.3218863904476166,0.7664084434509277
1631021565699,0.5543240904808044,0.071829929947853,0.3218863904476166,0.7664084434509277
1631021565778,0.5543240904808044,0.071829929947853,0.3218863904476166,0.7664084434509277
1631021565871,0.5543240904808044,0.071829929947853,0.3218863904476166,0.7664084434509277
1631021565949,0.5543240904808044,0.071829929947853,0.3218863904476166,0.7664084434509277
1631021566059,0.5543240904808044,0.071829929947853,0.3218863904476166,0.7664084434509277
1631021566168,0.3123650848865509,0.0175655577331781,0.1224332600831985,0.5024864077568054
1631021566297,0.3229338228702545,-0.0090770479291677,0.0978176742792129,0.5295858383178711
1631021566375,0.327339768409729,-0.0231124199926853,0.0688958615064621,0.5617468953132629
1631021566453,0.3346324265003204,-0.0318093858659267,0.037174105644226,0.5946502685546875
1631021566578,0.3530751466751098,-0.0379786528646945,-0.0006616461323574,0.6224987506866455
1631021566688,0.3788636028766632,-0.0400277599692344,-0.0417295843362808,0.6411816477775574
1631021566828,0.4059432744979858,-0.0365948975086212,-0.0758232921361923,0.6519488096237183
1631021566891,0.4334050714969635,-0.0365948975086212,-0.0958636403083801,0.6623625755310059
1631021567000,0.4687544107437134,-0.0365948975086212,-0.1030835434794426,0.6771678924560547
1631021567078,0.5131015181541443,0.0609692633152008,-0.1058535799384117,0.6917871832847595
1631021567219,0.5131015181541443,0.1608169674873352,-0.1058535799384117,0.6917871832847595
1631021567297,0.5131015181541443,0.2529635727405548,-0.1058535799384117,0.6917871832847595
1631021567422,0.5306523442268372,0.3912660777568817,-0.1344286948442459,0.7036423087120056
1631021567500,0.5480383634567261,0.5808501839637756,-0.1755342781543731,0.7206597328186035
1631021567594,0.56341153383255,0.608356237411499,-0.2200566828250885,0.7386887073516846
1631021567703,0.5792388319969177,0.6402897238731384,-0.2653453946113586,0.7551298141479492
1631021567797,0.6000383496284485,0.6750199794769287,-0.3092565536499023,0.7690794467926025
1631021567875,0.6264758110046387,0.7134424448013306,-0.3458876013755798,0.7787848711013794
1631021568047,0.6570949554443359,0.7569047808647156,-0.3694954216480255,0.7830393314361572
1631021568156,0.6872013807296753,0.8069912195205688,-0.3565081655979156,0.7837867140769958
1631021568219,0.7167459726333618,0.8194252252578735,-0.2983141839504242,0.7878206968307495
1631021568288,0.7167459726333618,0.8292178511619568,-0.2983141839504242,0.7878206968307495
1631021568413,0.7167459726333618,0.7850574254989624,-0.2983141839504242,0.7878206968307495
1631021568507,0.7167459726333618,0.7432911396026611,-0.2983141839504242,0.7878206968307495
1631021568616,0.7167459726333618,0.7202006578445435,-0.2983141839504242,0.7878206968307495
1631021568725,0.7801855802536011,0.6836152672767639,-0.2983141839504242,1.1222176551818848
1631021568835,0.8060325384140015,0.6301516890525818,-0.1506622433662414,1.065120816230774
1631021568928,0.8187245726585388,0.5072461366653442,-0.2104118764400482,1.017583966255188
1631021569038,0.8306687474250793,0.0839794799685478,-0.251651406288147,0.9815090894699096
1631021569131,0.8306687474250793,0.0839794799685478,-0.2185198068618774,0.9815090894699096
1631021569263,0.8306687474250793,0.0839794799685478,-0.2185198068618774,0.9815090894699096
1631021569326,0.8306687474250793,0.0839794799685478,-0.2185198068618774,0.9815090894699096
1631021569419,0.8306687474250793,0.0839794799685478,-0.2185198068618774,0.9815090894699096
1631021569513,0.8306687474250793,0.0839794799685478,-0.2185198068618774,0.9815090894699096
1631021569669,0.8306687474250793,0.0839794799685478,-0.2185198068618774,0.9815090894699096
1631021569732,0.8306687474250793,0.0383678115904331,-0.2185198068618774,0.9815090894699096
1631021569841,0.8306687474250793,-0.0189376454800367,-0.2185198068618774,0.9815090894699096
1631021569935,0.8465090394020081,-0.0644446909427642,-0.2185198068618774,0.9110721945762634
1631021570029,0.8669112920761108,-0.0854380875825882,-0.2995384931564331,0.8138794302940369
1631021570138,0.8849660158157349,-0.0940066650509834,-0.3539458513259887,0.7250832915306091
1631021570250,0.8849660158157349,-0.0940066650509834,-0.3637985289096832,0.7250832915306091
1631021570361,0.8849660158157349,-0.0940066650509834,-0.3637985289096832,0.7250832915306091
1631021570471,0.8849660158157349,-0.0940066650509834,-0.3637985289096832,0.7250832915306091
1631021570551,0.8849660158157349,-0.0940066650509834,-0.3637985289096832,0.7250832915306091
1631021570641,0.8849660158157349,-0.0940066650509834,-0.3637985289096832,0.7250832915306091
1631021570745,0.8849660158157349,-0.0940066650509834,-0.3637985289096832,0.7250832915306091
1631021570836,0.8849660158157349,-0.0940066650509834,-0.3637985289096832,0.7250832915306091
1631021570942,0.8849660158157349,-0.0940066650509834,-0.3637985289096832,0.7250832915306091
1631021571064,0.8849660158157349,-0.0940066650509834,-0.3637985289096832,0.7250832915306091
1631021571194,0.8849660158157349,-0.0940066650509834,-0.3637985289096832,0.7250832915306091
1631021571269,0.8849660158157349,-0.0940066650509834,-0.3637985289096832,0.7250832915306091
1631021571372,0.8849660158157349,-0.0940066650509834,-0.3637985289096832,0.7250832915306091
1631021571461,0.8849660158157349,-0.0940066650509834,-0.3637985289096832,0.7250832915306091
1631021571543,0.8849660158157349,-0.0940066650509834,-0.3637985289096832,0.7250832915306091
1631021571661,0.8849660158157349,-0.0940066650509834,-0.3637985289096832,0.7250832915306091
1631021571776,0.8849660158157349,-0.0940066650509834,-0.3637985289096832,0.7250832915306091
1631021571886,0.8849660158157349,-0.0940066650509834,-0.3637985289096832,0.7250832915306091
1631021571981,0.8849660158157349,-0.0940066650509834,-0.3637985289096832,1.063624143600464
1631021572055,0.8035754561424255,-0.0940066650509834,1.011898159980774,1.0025947093963623
1631021572149,0.8058593273162842,-0.0940066650509834,0.963172197341919,0.9607306122779846
1631021572292,0.8015824556350708,-0.0940066650509834,0.9168973565101624,0.943723440170288
1631021572370,0.7888510227203369,-0.0940066650509834,0.870022177696228,0.9448739290237428
1631021572464,0.7705112099647522,-0.0940066650509834,0.825373649597168,0.9482862949371338
1631021572573,0.751559317111969,-0.0940066650509834,0.7838870286941528,0.9448538422584534
1631021572651,0.736481785774231,0.180794358253479,0.7441996932029724,0.935790717601776
1631021572776,0.7282627820968628,0.1366001218557357,0.7059826254844666,0.9250930547714232
1631021572915,0.7237389087677002,0.1252252012491226,0.670146644115448,0.9250930547714232
1631021572998,0.7191433310508728,0.229457601904869,0.6383165121078491,0.9250930547714232
1631021573070,0.7191433310508728,0.436732679605484,0.6383165121078491,0.9250930547714232
1631021573180,0.7191433310508728,0.436732679605484,0.4773828685283661,0.878777265548706
1631021573274,0.6905445456504822,0.436732679605484,0.4773828685283661,0.840872585773468
1631021573383,0.6885184049606323,0.436732679605484,0.3869845867156982,0.8256567716598511
1631021573508,0.6881817579269409,0.436732679605484,0.3183160424232483,0.8347230553627014
1631021573618,0.6756111979484558,0.436732679605484,0.2337431907653808,0.8598193526268005
1631021573680,0.6545872688293457,0.436732679605484,0.1219153255224227,0.8862676620483398
1631021573789,0.633394718170166,0.436732679605484,-0.0014326996169984,0.8975902199745178
1631021573868,0.6205335855484009,0.4657849073410034,-0.1122755855321884,0.8826043009757996
1631021573994,0.6217482686042786,0.4943446516990661,-0.2198308259248733,0.8826043009757996
1631021574133,0.6359299421310425,0.5328022241592407,-0.3444792032241821,0.8826043009757996
1631021574266,0.6359299421310425,0.5966893434524536,-0.3444792032241821,0.8826043009757996
1631021574310,0.6359299421310425,0.5966893434524536,-0.3444792032241821,0.8826043009757996
1631021574434,0.6359299421310425,0.5966893434524536,-0.3444792032241821,0.8826043009757996
1631021574528,0.6359299421310425,0.5966893434524536,-0.3444792032241821,0.8826043009757996
1631021574609,0.6359299421310425,0.5966893434524536,-0.3444792032241821,0.8826043009757996
1631021574740,0.6359299421310425,0.5966893434524536,-0.3444792032241821,0.8826043009757996
1631021574848,0.6359299421310425,0.5966893434524536,-0.3444792032241821,0.8826043009757996
1631021574940,0.6359299421310425,0.5966893434524536,-0.3444792032241821,0.8826043009757996
1631021575032,0.6359299421310425,0.5966893434524536,-0.3444792032241821,0.8826043009757996
1631021575130,0.6359299421310425,0.5966893434524536,-0.3444792032241821,0.8826043009757996
1631021575220,0.6359299421310425,0.5966893434524536,-0.3444792032241821,0.8826043009757996
1631021575384,0.6359299421310425,0.5966893434524536,-0.3444792032241821,0.8826043009757996
1631021575454,0.6359299421310425,0.5966893434524536,-0.3444792032241821,0.8826043009757996
1631021575548,0.6359299421310425,0.5966893434524536,-0.3444792032241821,0.8826043009757996
1631021575626,0.6359299421310425,0.5966893434524536,-0.3444792032241821,0.8826043009757996
1631021575720,0.6359299421310425,0.5966893434524536,-0.3444792032241821,0.8826043009757996
1631021575798,0.6359299421310425,0.5966893434524536,-0.3444792032241821,0.8826043009757996
1631021575946,0.6359299421310425,0.5966893434524536,-0.3444792032241821,0.8826043009757996
1631021576063,0.6359299421310425,0.5966893434524536,-0.3444792032241821,0.8826043009757996
1631021576152,0.6359299421310425,0.5966893434524536,-0.3444792032241821,0.8826043009757996
1631021576230,0.6359299421310425,0.5966893434524536,-0.3444792032241821,0.8826043009757996
1631021576313,0.6359299421310425,0.5966893434524536,-0.3444792032241821,0.8826043009757996
1631021576422,0.6359299421310425,0.5966893434524536,-0.3444792032241821,0.8826043009757996
1631021576547,0.6359299421310425,0.5966893434524536,-0.3444792032241821,0.8826043009757996
1631021576657,0.6359299421310425,0.5966893434524536,-0.3444792032241821,0.8826043009757996
1631021576768,0.6359299421310425,0.5966893434524536,-0.3444792032241821,0.8826043009757996
1631021576830,0.6359299421310425,0.5966893434524536,-0.3444792032241821,0.8826043009757996
1631021576971,0.6359299421310425,0.5966893434524536,-0.3444792032241821,0.8826043009757996
1631021577080,0.6359299421310425,0.5966893434524536,-0.3444792032241821,0.8826043009757996
1631021577174,0.6359299421310425,0.5966893434524536,-0.3444792032241821,0.8826043009757996
1631021577286,0.6359299421310425,0.5966893434524536,-0.3444792032241821,0.8826043009757996
1631021577364,0.6359299421310425,0.5966893434524536,-0.3444792032241821,0.8826043009757996
1631021577489,0.6359299421310425,0.5966893434524536,-0.3444792032241821,0.8826043009757996
1631021577552,0.6359299421310425,0.5966893434524536,-0.3444792032241821,0.8826043009757996
1631021577645,0.6359299421310425,0.5966893434524536,-0.3444792032241821,0.8826043009757996
1631021577780,0.6359299421310425,0.5966893434524536,-0.3444792032241821,0.8826043009757996
1631021577867,0.6359299421310425,0.5966893434524536,-0.3444792032241821,0.8826043009757996
1631021577987,0.6359299421310425,0.5966893434524536,-0.3444792032241821,0.8826043009757996
1631021578065,0.6359299421310425,0.5966893434524536,-0.3444792032241821,0.8826043009757996
1631021578204,0.6359299421310425,0.5966893434524536,-0.3444792032241821,0.8826043009757996
1631021578235,0.6359299421310425,0.5966893434524536,-0.3444792032241821,0.8826043009757996
1631021578398,0.6359299421310425,0.5966893434524536,-0.3444792032241821,0.8826043009757996
1631021578492,0.6359299421310425,0.5966893434524536,-0.3444792032241821,0.8826043009757996
1631021578554,0.6359299421310425,0.5966893434524536,-0.3444792032241821,0.8826043009757996
1631021578674,0.6359299421310425,0.5966893434524536,-0.3444792032241821,0.8826043009757996
1631021578781,0.6359299421310425,0.5966893434524536,-0.3444792032241821,0.8826043009757996
1631021578844,0.6359299421310425,0.5966893434524536,-0.3444792032241821,0.8826043009757996
1631021579000,0.6359299421310425,0.5966893434524536,-0.3444792032241821,0.8826043009757996
1631021579109,0.6359299421310425,0.5966893434524536,-0.3444792032241821,0.8826043009757996
1631021579188,0.6359299421310425,0.5966893434524536,-0.3444792032241821,0.8826043009757996
1631021579281,0.6359299421310425,0.5966893434524536,-0.3444792032241821,0.8826043009757996
1631021579375,0.6359299421310425,0.5966893434524536,1.0151444673538208,0.8826043009757996
1631021579469,0.6359299421310425,0.5966893434524536,0.9404351115226746,0.8826043009757996
1631021579587,0.6359299421310425,0.5966893434524536,0.8754996061325073,0.8826043009757996
1631021579665,0.6359299421310425,0.5966893434524536,0.8264819979667664,0.8826043009757996
1631021579839,0.6359299421310425,0.5966893434524536,0.7932034730911255,0.8826043009757996
1631021579933,0.6359299421310425,0.5966893434524536,0.7713380455970764,1.090598702430725
1631021579995,0.8899214863777161,0.173805758357048,0.7589337229728699,1.1456321477890017
1631021580073,0.9421749711036682,0.2320297807455063,0.7564797401428223,1.1929012537002563
1631021580214,0.978193998336792,0.2797067165374756,0.7597360610961914,1.2222529649734497
1631021580326,1.00462806224823,0.3563761115074157,0.7634919881820679,1.2403953075408936
1631021580394,1.0305355787277222,0.4690685272216797,0.7687215805053711,1.2544147968292236
1631021580503,1.055856466293335,0.5780237317085266,0.7786186933517456,1.2624973058700562
1631021580597,1.0749914646148682,0.6489951014518738,0.717226505279541,1.260009765625
1631021580691,1.085149168968201,0.6762278079986572,0.6971038579940796,1.2498832941055298
1631021580832,1.089694261550903,0.6723850965499878,0.6897345185279846,1.2399262189865112
1631021580925,1.0920673608779907,0.6556934118270874,0.6888825297355652,1.2341487407684326
1631021581066,1.0937302112579346,0.637519359588623,0.7017048001289368,1.231254816055298
1631021581113,1.0930196046829224,0.6200689077377319,0.727601945400238,1.2396724224090576
1631021581206,1.1033958196640017,0.6245425939559937,0.7546166181564331,1.243374228477478
1631021581316,1.1087263822555542,0.6287896037101746,0.7747278213500977,1.2407276630401611
1631021581425,1.1065824031829834,0.6474507451057434,0.7866403460502625,1.2438554763793943
1631021581534,1.1114898920059204,0.6644032597541809,0.791699230670929,1.2378917932510376
1631021581625,1.112017273902893,0.6802184581756592,0.7954216003417969,1.2244216203689575
1631021581766,1.1110305786132812,0.6955649256706238,0.8167527914047241,1.2089418172836304
1631021581813,1.1086543798446655,0.6997743248939514,0.8680692911148071,1.1919803619384766
1631021581946,1.101030707359314,0.6734961867332458,0.930575966835022,1.169804573059082
1631021582038,1.0858309268951416,0.6011608242988586,0.9754088521003724,1.145043969154358
1631021582132,1.06619131565094,0.4859319031238556,0.9913222193717957,1.1306489706039429
1631021582225,1.048067331314087,0.3617755472660064,0.9875044822692872,1.1324948072433472
1631021582337,1.031345248222351,0.2814057767391205,0.9791907668113708,1.1390254497528076
1631021582436,1.011324167251587,0.252875417470932,0.9717594385147096,1.1359593868255615
1631021582523,0.9810892343521118,0.252875417470932,0.9615306854248048,1.1359593868255615
1631021582632,0.9810892343521118,0.252875417470932,0.9717845916748048,1.1359593868255615
1631021582742,0.9810892343521118,0.252875417470932,0.9800159335136414,1.1359593868255615
1631021582849,0.9810892343521118,0.252875417470932,0.9903540015220642,1.1359593868255615
1631021582947,0.9810892343521118,0.252875417470932,1.005548119544983,1.1359593868255615
1631021583020,0.9810892343521118,0.252875417470932,1.0256969928741455,1.1359593868255615
1631021583145,0.9810892343521118,0.252875417470932,1.045374035835266,1.1359593868255615
1631021583281,0.9810892343521118,0.252875417470932,1.0461713075637815,1.1359593868255615
1631021583373,0.9810892343521118,0.252875417470932,1.0014606714248655,1.1359593868255615
1631021583468,0.9810892343521118,0.252875417470932,0.8875637650489807,1.1359593868255615
1631021583551,0.9810892343521118,0.252875417470932,0.6903877258300781,1.1359593868255615
1631021583657,0.9810892343521118,0.252875417470932,0.4229802191257477,1.1359593868255615
1631021583750,0.9810892343521118,0.252875417470932,0.4229802191257477,1.1359593868255615
1631021583887,0.9810892343521118,0.252875417470932,0.4229802191257477,1.1359593868255615
1631021583976,0.9810892343521118,0.252875417470932,0.4229802191257477,1.1359593868255615
1631021584070,0.9810892343521118,0.252875417470932,0.4229802191257477,1.1359593868255615
1631021584152,0.9810892343521118,0.252875417470932,0.4229802191257477,1.1359593868255615
1631021584291,0.9810892343521118,0.252875417470932,0.4229802191257477,1.1359593868255615
1631021584355,0.9810892343521118,0.252875417470932,0.4229802191257477,1.1359593868255615
1631021584493,0.9810892343521118,0.252875417470932,0.4229802191257477,1.1359593868255615
1631021584579,0.9810892343521118,0.252875417470932,0.4229802191257477,1.1359593868255615
1631021584668,0.9810892343521118,0.252875417470932,0.4229802191257477,1.1359593868255615
1631021584761,0.9810892343521118,0.252875417470932,0.4229802191257477,1.1359593868255615
1631021584928,0.9810892343521118,0.252875417470932,0.4229802191257477,1.1359593868255615
1631021584983,0.9810892343521118,0.252875417470932,0.5983660817146301,1.1359593868255615
1631021585094,0.9810892343521118,0.252875417470932,0.6102945804595947,1.1359593868255615
1631021585211,0.9810892343521118,0.252875417470932,0.6218574643135071,1.1359593868255615
1631021585297,0.9810892343521118,0.252875417470932,0.6282005310058594,1.1359593868255615
1631021585412,0.9810892343521118,0.252875417470932,0.6289002299308777,1.1359593868255615
1631021585480,0.8283981084823608,0.252875417470932,0.6285040378570557,1.1359593868255615
1631021585602,0.7678985595703125,0.252875417470932,0.6295607686042786,1.1359593868255615
1631021585683,0.7257498502731323,0.252875417470932,0.6294958591461182,1.1359593868255615
1631021585808,0.7257498502731323,0.252875417470932,0.6238632798194885,1.1359593868255615
1631021585964,0.7257498502731323,0.252875417470932,0.6152668595314026,1.1359593868255615
1631021586042,0.7257498502731323,0.252875417470932,0.6240076422691345,1.1359593868255615
1631021586146,0.7257498502731323,0.252875417470932,0.6802377700805664,1.1359593868255615
1631021586202,0.7257498502731323,0.252875417470932,0.785369873046875,1.1359593868255615
1631021586286,0.7257498502731323,0.252875417470932,0.8954201936721802,1.1359593868255615
1631021586379,0.7257498502731323,0.252875417470932,0.9774152636528016,1.1359593868255615
1631021586504,0.7257498502731323,0.252875417470932,1.0242300033569336,1.1359593868255615
1631021586614,0.7257498502731323,0.252875417470932,1.0459742546081543,1.1359593868255615
1631021586676,0.6373149752616882,0.252875417470932,1.054914116859436,1.1359593868255615
1631021586831,0.5286557674407959,0.252875417470932,1.0565857887268066,1.1359593868255615
1631021586949,0.5286557674407959,0.252875417470932,1.0530328750610352,1.1359593868255615
1631021587004,0.5286557674407959,0.252875417470932,1.0720453262329102,1.1359593868255615
1631021587098,0.5286557674407959,0.252875417470932,1.09263277053833,1.1359593868255615
1631021587223,0.5286557674407959,0.252875417470932,1.1157573461532593,1.1359593868255615
1631021587314,0.5286557674407959,0.252875417470932,1.1434433460235596,1.1359593868255615
1631021587402,0.5286557674407959,0.252875417470932,1.1758499145507812,1.1359593868255615
1631021587527,0.5286557674407959,0.252875417470932,1.205984354019165,1.1359593868255615
1631021587621,0.5286557674407959,0.252875417470932,1.2164576053619385,1.1359593868255615
1631021587715,0.5286557674407959,0.252875417470932,1.1887730360031128,1.1359593868255615
1631021587809,0.5286557674407959,0.252875417470932,1.1126238107681274,1.1359593868255615
1631021587902,0.5286557674407959,0.252875417470932,0.994455099105835,1.1359593868255615
1631021587996,0.5286557674407959,0.252875417470932,0.8611034154891968,1.1359593868255615
1631021588168,0.5286557674407959,0.252875417470932,0.8611034154891968,1.1359593868255615
1631021588230,0.5286557674407959,0.252875417470932,0.8611034154891968,1.1359593868255615
1631021588327,0.5286557674407959,0.252875417470932,0.8611034154891968,1.1359593868255615
1631021588405,0.5286557674407959,0.252875417470932,0.8611034154891968,1.1359593868255615
1631021588514,0.5286557674407959,0.252875417470932,0.8611034154891968,1.1359593868255615
1631021588620,0.5286557674407959,0.252875417470932,0.8611034154891968,1.1359593868255615
1631021588745,0.5286557674407959,0.252875417470932,0.8611034154891968,1.1359593868255615
1631021588855,0.5286557674407959,0.252875417470932,0.8611034154891968,1.1359593868255615
1631021588949,0.5286557674407959,0.252875417470932,0.8611034154891968,1.1359593868255615
1631021589011,0.5286557674407959,0.252875417470932,0.8611034154891968,1.1359593868255615
1631021589167,0.5286557674407959,0.252875417470932,0.8611034154891968,1.1359593868255615
1631021589214,0.5286557674407959,0.252875417470932,0.5650230050086975,1.1359593868255615
1631021589346,0.5286557674407959,0.6241613626480103,0.5276671051979065,1.1359593868255615
1631021589439,0.5286557674407959,0.6025972366333008,0.4866009652614593,1.1359593868255615
1631021589533,0.5286557674407959,0.5895453095436096,0.4504343271255493,1.1359593868255615
1631021589642,0.5286557674407959,0.5788171291351318,0.424770176410675,1.5117101669311523
1631021589752,0.5286557674407959,0.5788171291351318,0.424770176410675,1.5117101669311523
1631021589814,0.5286557674407959,0.5788171291351318,0.424770176410675,1.5117101669311523
1631021590002,0.5286557674407959,0.5788171291351318,0.424770176410675,1.5117101669311523
1631021590064,0.5286557674407959,0.5788171291351318,0.424770176410675,1.5117101669311523
1631021590142,0.5286557674407959,0.5788171291351318,0.424770176410675,1.5117101669311523
1631021590236,0.5286557674407959,0.5788171291351318,0.424770176410675,1.5117101669311523
1631021590330,0.5286557674407959,0.5788171291351318,0.424770176410675,1.5117101669311523
1631021590439,0.5286557674407959,0.5788171291351318,0.4030739665031433,1.5117101669311523
1631021590564,0.5286557674407959,0.5551559329032898,0.3564681708812713,1.5117101669311523
1631021590663,0.5286557674407959,0.5270189046859741,0.2881566882133484,1.5117101669311523
1631021590762,0.5286557674407959,0.510107159614563,0.21632881462574,1.5117101669311523
1631021590881,0.5286557674407959,0.510107159614563,0.21632881462574,1.5117101669311523
1631021590999,0.5286557674407959,0.510107159614563,0.21632881462574,1.5117101669311523
1631021591101,0.5286557674407959,0.510107159614563,0.21632881462574,1.5117101669311523
1631021591191,0.5286557674407959,0.510107159614563,0.21632881462574,1.5117101669311523
1631021591303,0.5286557674407959,0.5175009369850159,0.4241832792758941,1.5117101669311523
1631021591383,0.5286557674407959,0.4763759970664978,0.4058645367622375,1.5117101669311523
1631021591506,0.5286557674407959,0.4598667919635772,0.4089473187923431,0.9649679064750672
1631021591601,0.5286557674407959,0.4540703296661377,0.4421625137329101,0.965877115726471
1631021591665,0.5286557674407959,0.4473309516906738,0.4967372119426727,0.965933620929718
1631021591813,0.5286557674407959,0.4351429343223572,0.5635100603103638,0.9684730172157288
1631021591883,0.8695284128189087,0.4180217683315277,0.631278395652771,0.9672210812568665
1631021591969,0.8225185871124268,0.3967134058475494,0.6849843859672546,0.9580506682395936
1631021592078,0.8225185871124268,0.3731153011322021,0.7151270508766174,0.9580506682395936
1631021592186,0.8225185871124268,0.3535975515842438,0.7151270508766174,0.9580506682395936
1631021592283,0.8225185871124268,0.3597869873046875,0.7151270508766174,0.9580506682395936
1631021592392,0.8225185871124268,0.4125821590423584,0.7151270508766174,0.9580506682395936
1631021592502,0.8225185871124268,0.4573584198951721,0.731508195400238,0.9580506682395936
1631021592596,0.8225185871124268,0.5416316986083984,0.7520895600318909,0.9580506682395936
1631021592689,0.8225185871124268,0.5584125518798828,0.7774196267127991,0.9737961292266846
1631021592799,0.8225185871124268,0.5789082050323486,0.8099914193153381,0.9748295545578004
1631021592861,0.8225185871124268,0.5974711179733276,0.8498933911323547,0.9637230038642884
1631021593017,0.8225185871124268,0.6134659647941589,0.8929214477539062,0.9524364471435548
1631021593111,0.8203455209732056,0.6289538741111755,0.933470904827118,0.9480649828910828
1631021593205,0.8203455209732056,0.6484776735305786,0.9680782556533812,0.9480649828910828
1631021593299,0.8203455209732056,0.6762064099311829,0.9680782556533812,0.9480649828910828
1631021593392,0.8203455209732056,0.7146486043930054,0.9680782556533812,0.9480649828910828
1631021593533,0.8203455209732056,0.7665037512779236,0.9680782556533812,0.9480649828910828
1631021593642,0.8203455209732056,0.8342491388320923,0.9680782556533812,0.9480649828910828
1631021593736,0.8203455209732056,0.9180868864059448,0.9680782556533812,0.9480649828910828
1631021593814,0.8203455209732056,0.9180868864059448,0.9680782556533812,0.9480649828910828
1631021593908,0.8203455209732056,0.9180868864059448,0.9680782556533812,0.9480649828910828
1631021593986,0.8203455209732056,0.9180868864059448,0.9680782556533812,0.9480649828910828
1631021594095,0.8203455209732056,0.9180868864059448,0.9680782556533812,0.9480649828910828
1631021594205,0.8203455209732056,0.7257192134857178,0.7472926378250122,0.9480649828910828
1631021594345,0.8203455209732056,0.6548101902008057,0.728182315826416,0.9480649828910828
1631021594455,0.8203455209732056,0.5839884877204895,0.7073594927787781,0.9480649828910828
1631021594548,0.8203455209732056,0.5244046449661255,0.7020719051361084,0.9480649828910828
1631021594611,0.8203455209732056,0.4788651466369629,0.7084411978721619,0.9480649828910828
1631021594720,0.8203455209732056,0.4476622343063354,0.7130830883979797,1.0382851362228394
1631021594829,0.8203455209732056,0.4274719059467315,0.7062438726425171,0.9848456978797911
1631021594970,0.8203455209732056,0.4119208753108978,0.6884844899177551,0.9374624490737916
1631021595048,0.8203455209732056,0.3956436812877655,0.6674675345420837,0.8947858810424805
1631021595111,0.7310562133789062,0.3768235146999359,0.6517394781112671,0.857956051826477
1631021595220,0.7432568669319153,0.3562850058078766,0.6464756727218628,0.8278084397315979
1631021595318,0.7423523664474487,0.3365886211395263,0.6488211750984192,0.8058324456214905
1631021595458,0.7417246699333191,0.2692318856716156,0.6532765626907349,0.7919635772705078
1631021595536,0.7571098804473877,0.1654189079999923,0.6415591239929199,0.7818354368209839
1631021595615,0.7896803617477417,0.0522816590964794,0.6185795664787292,0.7697854042053223
1631021595739,0.828031063079834,-0.0241437423974275,0.5957367420196533,0.6335784792900085
1631021595802,0.8587899804115295,-0.0435356274247169,0.5809066295623779,0.5797643065452576
1631021595958,0.8587899804115295,-0.0278519727289676,0.5717313289642334,0.5797643065452576
1631021596068,0.8587899804115295,-0.008886176161468,0.5638807415962219,0.5797643065452576
1631021596161,0.8587899804115295,0.0020077268127352,0.5455558896064758,0.5709158182144165
1631021596224,0.8587899804115295,-0.003054961329326,0.5234395861625671,0.5563080310821533
1631021596369,0.8702534437179565,-0.0271936915814876,0.5111972689628601,0.5440853834152222
1631021596447,0.8871428966522217,-0.0648017823696136,0.5165361762046814,0.5417652726173401
1631021596510,0.9036828875541688,-0.1030349135398864,0.53340744972229,0.5494229793548584
1631021596653,0.9178254008293152,-0.1295461952686309,0.5477153062820435,0.563210129737854
1631021596762,0.9360306262969972,-0.1393427103757858,0.5442060232162476,0.5787461400032043
1631021596825,0.9667488932609558,-0.1435723155736923,0.5166926980018616,0.5874411463737488
1631021596965,1.0090821981430054,-0.1498359441757202,0.4725995063781738,0.5784666538238525
1631021597043,1.0090821981430054,-0.1498359441757202,0.4300550520420074,0.5784666538238525
1631021597137,1.0090821981430054,-0.1498359441757202,0.4300550520420074,0.5784666538238525
1631021597297,1.0090821981430054,-0.1498359441757202,0.4300550520420074,0.5784666538238525
1631021597359,1.0090821981430054,-0.1498359441757202,0.4300550520420074,0.5784666538238525
1631021597453,1.0090821981430054,-0.1498359441757202,0.4300550520420074,0.5784666538238525
1631021597562,1.0090821981430054,-0.1498359441757202,0.4300550520420074,0.5784666538238525
1631021597687,1.0090821981430054,-0.1498359441757202,0.4300550520420074,0.5784666538238525
1631021597781,1.0090821981430054,-0.1498359441757202,0.4300550520420074,0.5784666538238525
1631021597875,1.0090821981430054,-0.1498359441757202,0.4300550520420074,0.5784666538238525
1631021597968,1.0090821981430054,-0.1498359441757202,0.4300550520420074,0.5784666538238525
1631021598062,1.0090821981430054,-0.1498359441757202,0.8109335899353027,0.5784666538238525
1631021598171,1.0090821981430054,0.1036732345819473,0.8098244071006775,0.5784666538238525
1631021598328,0.989948570728302,0.145758718252182,0.7926918268203735,0.5784666538238525
1631021598406,1.016649603843689,0.1731436103582382,0.773783802986145,0.5784666538238525
1631021598515,1.0725516080856323,0.2001922130584716,0.7607747316360474,0.5784666538238525
1631021598609,1.1361889839172363,0.2402385175228119,0.756759524345398,0.5784666538238525
1631021598702,1.183007001876831,0.2873275578022003,0.7617307305335999,0.5784666538238525
1631021598781,1.183007001876831,0.3226675987243652,0.7724825739860535,0.5784666538238525
1631021598874,1.183007001876831,0.3362350165843963,0.7841448783874512,0.5784666538238525
1631021598952,1.183007001876831,0.3291166126728058,0.7921341061592102,0.5784666538238525
1631021599093,1.183007001876831,0.3097655177116394,0.7947774529457092,0.5784666538238525
1631021599202,1.1999279260635376,0.2854845523834228,0.795487642288208,0.5784666538238525
1631021599280,1.2212061882019043,0.2604890763759613,0.8108002543449402,0.5784666538238525
1631021599437,1.2318196296691897,0.2480401247739792,0.8212717771530151,0.5784666538238525
1631021599499,1.2395457029342651,0.2409426867961883,0.8242422938346863,0.5784666538238525
1631021599562,1.2375284433364868,0.2381212562322616,0.821200966835022,0.5784666538238525
1631021599718,1.2287496328353882,0.2350788712501526,0.8159668445587158,0.8982354402542114
1631021599812,1.2144931554794312,0.2264600843191146,0.8114233613014221,0.8320984244346619
1631021599890,1.1895149946212769,0.2117123007774353,0.8087759613990784,0.7785969376564026
1631021599983,1.1449003219604492,0.1880939602851867,0.8071114420890808,0.7530254125595093
1631021600108,1.077612280845642,0.1537248790264129,0.8043751120567322,0.7691993117332458
1631021600186,0.9991747736930848,0.1213171705603599,0.800428569316864,0.689116358757019
1631021600311,0.9863452315330504,0.1137899234890937,0.7972940802574158,0.7545167803764343
1631021600405,0.98275226354599,0.141481339931488,0.7952576279640198,0.7819862961769104
1631021600530,0.9886831641197203,0.2091478109359741,0.7932522296905518,0.7819862961769104
1631021600608,1.0014855861663818,0.2222445607185363,0.7933856844902039,0.7819862961769104
1631021600702,0.982727587223053,0.245273470878601,0.7956636548042297,0.7819862961769104
1631021600811,0.9343103170394896,0.2740925252437591,0.7904438376426697,0.7819862961769104
1631021600952,0.8824673891067505,0.3044241070747375,0.7774462103843689,0.7819862961769104
1631021601030,0.8493922352790833,0.3329547047615051,0.7612694501876831,0.7898686528205872
1631021601171,0.8428601622581482,0.3566459417343139,0.7517579793930054,0.8069680333137512
1631021601218,0.8530049324035645,0.3763737976551056,0.7551966309547424,0.8365721106529236
1631021601314,0.8746034502983093,0.4009562134742737,0.7698437571525574,0.9112417101860046
1631021601408,0.9073733687400818,0.4398718774318695,0.7889929413795471,0.9877711534500122
1631021601533,0.9493452906608582,0.4956331849098205,0.8085499405860901,1.0338969230651855
1631021601626,0.996084213256836,0.5623601078987122,0.8278233408927917,1.0337399244308472
1631021601736,1.0417932271957395,0.5623601078987122,0.8433303833007812,1.030826210975647
1631021601861,1.0841845273971558,0.5623601078987122,0.847707986831665,1.0201656818389893
1631021601939,1.0841845273971558,0.5623601078987122,0.847707986831665,1.0312474966049194
1631021602048,1.0841845273971558,0.5623601078987122,0.847707986831665,1.0312474966049194
1631021602142,1.0841845273971558,0.5623601078987122,0.847707986831665,1.0312474966049194
1631021602271,1.0841845273971558,0.5623601078987122,0.847707986831665,1.0312474966049194
1631021602340,1.0841845273971558,0.5623601078987122,0.847707986831665,1.0312474966049194
1631021602431,1.0841845273971558,0.5623601078987122,0.847707986831665,1.0312474966049194
1631021602530,1.0841845273971558,0.5623601078987122,0.847707986831665,1.0312474966049194
1631021602640,1.0841845273971558,0.5623601078987122,0.847707986831665,1.0312474966049194
1631021602770,1.0841845273971558,0.5623601078987122,0.847707986831665,1.0312474966049194
1631021602884,1.0841845273971558,0.5623601078987122,0.847707986831665,1.0312474966049194
1631021602951,1.0841845273971558,0.5623601078987122,0.847707986831665,1.0312474966049194
1631021603061,1.0841845273971558,0.5623601078987122,0.847707986831665,1.0312474966049194
1631021603148,1.0841845273971558,0.5623601078987122,0.847707986831665,1.0312474966049194
1631021603263,1.0841845273971558,0.5623601078987122,0.847707986831665,1.0312474966049194
1631021603369,1.0841845273971558,0.5623601078987122,0.847707986831665,1.0312474966049194
1631021603447,1.0841845273971558,0.5623601078987122,0.847707986831665,1.0312474966049194
1631021603568,1.0841845273971558,0.5623601078987122,0.847707986831665,1.0312474966049194
1631021603682,1.0841845273971558,0.5623601078987122,0.847707986831665,1.0312474966049194
1631021603744,1.0841845273971558,0.5623601078987122,0.847707986831665,1.0312474966049194
1631021603827,1.0841845273971558,0.5623601078987122,0.847707986831665,1.0312474966049194
1631021603967,1.0841845273971558,0.5623601078987122,0.847707986831665,1.0312474966049194
1631021604061,1.0841845273971558,0.5623601078987122,0.847707986831665,1.0312474966049194
1631021604155,1.0841845273971558,0.5623601078987122,0.847707986831665,1.0312474966049194
1631021604267,1.0841845273971558,0.5623601078987122,0.847707986831665,1.0312474966049194
1631021604376,1.0841845273971558,0.5623601078987122,0.847707986831665,1.0312474966049194
1631021604439,1.0841845273971558,0.5623601078987122,0.847707986831665,1.0312474966049194
1631021604595,1.0841845273971558,0.5623601078987122,0.847707986831665,1.0312474966049194
1631021604720,1.0841845273971558,0.5623601078987122,0.847707986831665,1.0312474966049194
1631021604798,1.0841845273971558,0.5623601078987122,0.847707986831665,1.0312474966049194
1631021604892,1.0841845273971558,0.5623601078987122,0.847707986831665,1.0312474966049194
1631021604970,1.0841845273971558,0.5623601078987122,0.847707986831665,1.0312474966049194
1631021605063,1.0841845273971558,0.5623601078987122,0.847707986831665,1.0312474966049194
1631021605173,1.0841845273971558,0.5623601078987122,0.847707986831665,1.0312474966049194
1631021605298,1.0841845273971558,0.5623601078987122,0.847707986831665,1.0312474966049194
1631021605376,1.0841845273971558,0.5623601078987122,0.6889492273330688,1.0312474966049194
1631021605470,1.0841845273971558,0.5623601078987122,0.6759633421897888,0.5092165470123291
1631021605579,1.0841845273971558,-0.4065870344638824,0.655531108379364,0.5396643877029419
1631021605720,1.0841845273971558,-0.3541520833969116,0.6345831155776978,0.5396643877029419
1631021605829,1.0841845273971558,-0.0635440275073051,0.6475091576576233,0.5396643877029419
1631021605907,1.0841845273971558,0.377355545759201,0.7414911389350891,0.5396643877029419
1631021606032,1.0841845273971558,0.7469472289085388,0.8930462598800659,0.5396643877029419
1631021606094,1.0841845273971558,0.9935114979743958,1.0293829441070557,0.5396643877029419
1631021606188,1.0841845273971558,1.1329172849655151,1.113732933998108,0.5396643877029419
1631021606271,1.0841845273971558,1.1329172849655151,1.113732933998108,0.5396643877029419
1631021606442,1.0841845273971558,1.1329172849655151,1.113732933998108,0.5396643877029419
1631021606536,1.0841845273971558,1.1329172849655151,1.113732933998108,0.5396643877029419
1631021606599,1.0841845273971558,1.1329172849655151,1.137162685394287,0.5396643877029419
1631021606753,1.0841845273971558,1.1329172849655151,1.1641290187835691,0.5050302147865295
1631021606815,1.0841845273971558,1.1772722005844116,1.1951748132705688,0.5050302147865295
1631021606878,1.0841845273971558,1.2272356748580933,1.231662631034851,0.5050302147865295
1631021607034,1.0841845273971558,1.2840349674224854,1.2761805057525637,0.5050302147865295
1631021607128,1.0841845273971558,1.349721074104309,1.3316967487335205,0.5050302147865295
1631021607237,1.0841845273971558,1.4268147945404053,1.400527834892273,0.5050302147865295
1631021607299,1.0841845273971558,1.513956904411316,1.4785451889038086,0.5050302147865295
1631021607393,1.0841845273971558,1.513956904411316,1.4785451889038086,0.5050302147865295
1631021607487,1.0841845273971558,1.513956904411316,1.4785451889038086,0.5050302147865295
1631021607659,1.0841845273971558,1.513956904411316,1.4785451889038086,0.5050302147865295
1631021607721,1.0841845273971558,1.513956904411316,1.4785451889038086,0.5050302147865295
1631021607831,1.0841845273971558,1.513956904411316,1.4785451889038086,0.5050302147865295
1631021607909,1.0841845273971558,1.513956904411316,1.4785451889038086,0.5050302147865295
1631021608049,1.0841845273971558,1.513956904411316,1.4785451889038086,0.5050302147865295
1631021608127,1.0841845273971558,1.513956904411316,1.4785451889038086,0.5050302147865295
1631021608235,1.0841845273971558,1.513956904411316,1.4785451889038086,0.5050302147865295
1631021608345,1.0841845273971558,1.513956904411316,1.4785451889038086,0.5050302147865295
1631021608438,1.0841845273971558,1.513956904411316,1.4785451889038086,0.5050302147865295
1631021608501,1.0841845273971558,1.513956904411316,1.4785451889038086,0.5050302147865295
1631021608626,1.0841845273971558,1.513956904411316,1.4785451889038086,0.5050302147865295
1631021608704,1.0841845273971558,1.513956904411316,1.4785451889038086,0.5050302147865295
1631021608845,1.0841845273971558,1.513956904411316,1.4785451889038086,0.5050302147865295
1631021608954,1.0841845273971558,1.513956904411316,1.4785451889038086,0.5050302147865295
1631021609048,1.0841845273971558,1.513956904411316,1.4785451889038086,0.5050302147865295
1631021609141,1.0841845273971558,1.513956904411316,1.4785451889038086,0.5050302147865295
1631021609220,1.0841845273971558,1.513956904411316,1.4785451889038086,0.5050302147865295
1631021609347,1.0841845273971558,1.513956904411316,1.4785451889038086,0.5050302147865295
1631021609472,1.0841845273971558,1.513956904411316,1.4785451889038086,0.5050302147865295
1631021609550,1.0841845273971558,1.513956904411316,1.4785451889038086,0.5050302147865295
1631021609675,1.0841845273971558,1.513956904411316,1.4785451889038086,0.5050302147865295
1631021609738,1.0841845273971558,-0.0150548927485942,1.4785451889038086,0.5050302147865295
1631021609831,1.0841845273971558,0.3497027456760406,1.4785451889038086,0.5050302147865295
1631021609941,1.0841845273971558,0.6300413608551025,1.4785451889038086,0.5050302147865295
1631021610066,1.0841845273971558,0.6300413608551025,1.4785451889038086,0.5050302147865295
1631021610175,1.0841845273971558,0.6300413608551025,1.4785451889038086,0.5050302147865295
1631021610269,1.0841845273971558,0.6300413608551025,1.4785451889038086,0.5050302147865295
1631021610351,1.0841845273971558,0.6300413608551025,1.4785451889038086,0.5050302147865295
1631021610445,1.0841845273971558,0.5954370498657227,1.4785451889038086,0.5050302147865295
1631021610555,1.0841845273971558,0.5600893497467041,1.4785451889038086,0.5050302147865295
1631021610680,1.0841845273971558,0.5295289158821106,1.4785451889038086,0.5050302147865295
1631021610789,1.0841845273971558,0.5032288432121277,1.4785451889038086,0.5050302147865295
1631021610851,1.0841845273971558,0.4784740507602691,1.4785451889038086,0.5050302147865295
1631021610992,1.0841845273971558,0.4841094315052032,1.4785451889038086,0.5050302147865295
1631021611054,0.9400208592414856,0.4879941046237945,0.5370830297470093,1.0164982080459597
1631021611148,0.9361975193023682,0.4878186285495758,0.5997405052185059,1.0195380449295044
1631021611307,0.9596181511878968,0.4698204398155212,0.6480323672294617,1.0045086145401
1631021611400,1.0063153505325315,0.3794588148593902,0.6783440113067627,0.9825182557106018
1631021611463,1.0602012872695925,0.080047458410263,0.6783440113067627,0.9710695743560792
1631021611572,1.0602012872695925,0.0885628536343574,0.6783440113067627,0.9871190786361694
1631021611666,1.0602012872695925,0.1313005536794662,0.6783440113067627,1.034057855606079
1631021611760,1.0602012872695925,0.2081433683633804,0.6783440113067627,1.034057855606079
1631021611900,1.0602012872695925,0.2851808071136474,0.6783440113067627,1.034057855606079
1631021611978,1.0602012872695925,0.3373355865478515,0.6783440113067627,1.034057855606079
1631021612088,1.0602012872695925,0.3676787614822387,0.6783440113067627,1.034057855606079
1631021612181,1.0602012872695925,0.3819925487041473,0.6783440113067627,1.034057855606079
1631021612263,1.0716289281845093,0.4042542576789856,0.7087030410766602,1.039677619934082
1631021612357,1.0623921155929563,0.4494223296642303,0.7473949790000916,1.0468991994857788
1631021612513,1.0726733207702637,0.5091014504432678,0.7273440361022949,1.0491399765014648
1631021612606,1.1119641065597534,0.5697770118713379,0.6977664232254028,1.045381784439087
1631021612716,1.1370261907577517,0.6315772533416748,0.6764039993286133,1.0481078624725342
1631021612825,1.150780200958252,0.6936967968940735,0.6270526647567749,1.0749231576919556
1631021612903,1.13354754447937,0.7164099812507629,0.6270526647567749,1.0749231576919556
1631021612997,1.13354754447937,0.7408779859542847,0.6270526647567749,1.0749231576919556
1631021613153,1.13354754447937,0.7665168642997742,0.6270526647567749,1.0749231576919556
1631021613205,1.13354754447937,0.7861195802688599,0.6270526647567749,1.0749231576919556
1631021613335,1.13354754447937,0.7938096523284912,0.6270526647567749,1.0749231576919556
1631021613397,1.13354754447937,0.7930630445480347,0.6270526647567749,1.0749231576919556
1631021613507,1.13354754447937,0.7977564334869385,0.6270526647567749,1.0749231576919556
1631021613585,1.13354754447937,0.821234941482544,0.6270526647567749,1.0749231576919556
1631021613772,1.13354754447937,0.8632988333702087,0.6270526647567749,1.0749231576919556
1631021613866,1.13354754447937,0.9084902405738832,0.6270526647567749,1.0749231576919556
1631021613928,1.13354754447937,0.9430732131004332,0.6270526647567749,1.0749231576919556
1631021614038,1.13354754447937,0.9430732131004332,0.6270526647567749,1.0749231576919556
1631021614100,1.13354754447937,0.9430732131004332,0.6270526647567749,1.0749231576919556
1631021614210,1.13354754447937,0.9430732131004332,0.6270526647567749,1.0749231576919556
1631021614337,1.13354754447937,0.9430732131004332,0.6270526647567749,1.0749231576919556
1631021614431,1.13354754447937,0.9430732131004332,0.6270526647567749,1.0749231576919556
1631021614525,1.13354754447937,0.9430732131004332,0.6270526647567749,1.0749231576919556
1631021614618,1.13354754447937,0.9430732131004332,0.6270526647567749,1.0749231576919556
1631021614728,1.13354754447937,0.9430732131004332,0.6270526647567749,1.0749231576919556
1631021614821,1.13354754447937,0.9430732131004332,0.6270526647567749,1.0749231576919556
1631021614931,1.13354754447937,0.9430732131004332,0.6270526647567749,1.0749231576919556
1631021615040,1.13354754447937,0.9430732131004332,0.6270526647567749,1.0749231576919556
1631021615134,1.13354754447937,0.9430732131004332,0.6270526647567749,1.0749231576919556
1631021615212,1.13354754447937,0.9430732131004332,0.6270526647567749,1.0749231576919556
1631021615337,1.13354754447937,0.9430732131004332,0.6270526647567749,1.0749231576919556
1631021615415,1.13354754447937,0.9430732131004332,0.6270526647567749,1.0749231576919556
1631021615571,1.13354754447937,0.9430732131004332,0.6270526647567749,1.0749231576919556
1631021615665,1.13354754447937,0.9430732131004332,0.6270526647567749,1.0749231576919556
1631021615743,1.13354754447937,0.9430732131004332,0.6270526647567749,1.0749231576919556
1631021615853,1.13354754447937,0.9430732131004332,0.6270526647567749,1.0749231576919556
1631021615931,1.13354754447937,0.9430732131004332,0.6270526647567749,1.0749231576919556
1631021616024,1.13354754447937,0.9430732131004332,0.6270526647567749,1.0749231576919556
1631021616165,1.13354754447937,0.9430732131004332,0.6270526647567749,1.0749231576919556
1631021616293,1.13354754447937,0.9430732131004332,0.6270526647567749,1.0749231576919556
1631021616340,1.13354754447937,0.9430732131004332,0.6270526647567749,1.0749231576919556
1631021616465,1.13354754447937,0.9430732131004332,0.6270526647567749,1.0749231576919556
1631021616543,1.13354754447937,0.9430732131004332,0.6270526647567749,1.0749231576919556
1631021616668,1.13354754447937,0.9430732131004332,0.6270526647567749,1.0749231576919556
1631021616793,1.13354754447937,0.9430732131004332,0.6270526647567749,1.0749231576919556
1631021616871,1.13354754447937,0.9430732131004332,0.6270526647567749,1.0749231576919556
1631021616949,1.13354754447937,0.9430732131004332,0.6270526647567749,1.0749231576919556
1631021617059,1.13354754447937,0.9430732131004332,0.6270526647567749,1.0749231576919556
1631021617168,1.13354754447937,0.9430732131004332,0.6270526647567749,1.0749231576919556
1631021617262,1.13354754447937,0.9430732131004332,0.6270526647567749,1.0749231576919556
1631021617387,1.13354754447937,0.9430732131004332,0.6270526647567749,1.0749231576919556
1631021617480,1.13354754447937,0.9430732131004332,0.6270526647567749,1.0749231576919556
1631021617559,1.13354754447937,0.9430732131004332,0.6270526647567749,1.0749231576919556
1631021617684,1.13354754447937,0.9430732131004332,0.8410839438438416,1.0749231576919556
1631021617746,0.9597536325454712,0.0778942927718162,0.8439597487449646,0.686241090297699
1631021617840,0.925296425819397,0.0853055119514465,0.8182352781295776,0.6924213171005249
1631021618027,0.9228991866111756,0.0902639329433441,0.7787872552871704,0.701934278011322
1631021618090,0.9572250843048096,0.0901010707020759,0.7414655089378357,0.7269613742828369
1631021618199,0.9572250843048096,0.0905842632055282,0.7154534459114075,0.7649362683296204
1631021618280,0.9572250843048096,0.0905842632055282,0.7158897519111633,0.7649362683296204
1631021618358,0.9572250843048096,0.0905842632055282,0.7816022634506226,0.7649362683296204
1631021618467,0.9572250843048096,0.0905842632055282,0.7816022634506226,0.7649362683296204
1631021618624,0.9572250843048096,0.0905842632055282,0.7816022634506226,0.7649362683296204
1631021618702,0.9572250843048096,0.0905842632055282,0.7816022634506226,0.7649362683296204
1631021618795,0.9572250843048096,0.0905842632055282,0.7816022634506226,0.7649362683296204
1631021618874,0.9572250843048096,0.0905842632055282,0.7872331142425537,0.7649362683296204
1631021618983,0.9386638402938844,0.0893686339259147,0.7863425016403198,0.7792710065841675
1631021619077,0.919515073299408,0.092414267361164,0.7715306282043457,0.7942937612533569
1631021619217,0.9189947843551636,0.0992229282855987,0.7435562610626221,0.8106263279914856
1631021619315,0.9189947843551636,0.1029139310121536,0.721785306930542,0.8315355181694031
1631021619393,0.9189947843551636,0.1029139310121536,0.7331280708312988,0.8315355181694031
1631021619518,0.9189947843551636,0.1029139310121536,0.7864850759506226,0.8315355181694031
1631021619580,0.9189947843551636,0.1029139310121536,0.7864850759506226,0.8315355181694031
1631021619674,0.9189947843551636,0.1029139310121536,0.7864850759506226,0.8315355181694031
1631021619799,0.9189947843551636,0.1029139310121536,0.7864850759506226,0.8315355181694031
1631021619909,0.9189947843551636,0.1029139310121536,0.7864850759506226,0.8315355181694031
1631021620002,0.9189947843551636,0.1029139310121536,0.7864850759506226,0.8315355181694031
1631021620096,0.9189947843551636,0.1029139310121536,0.7864850759506226,0.8315355181694031
1631021620205,0.9189947843551636,0.1029139310121536,0.7864850759506226,0.8315355181694031
1631021620283,0.9189947843551636,0.1029139310121536,0.7864850759506226,0.8315355181694031
1631021620440,0.9189947843551636,0.1029139310121536,0.7864850759506226,0.8315355181694031
1631021620549,0.9189947843551636,0.1029139310121536,0.7864850759506226,0.8315355181694031
1631021620640,0.9189947843551636,0.1029139310121536,0.7864850759506226,0.8315355181694031
1631021620718,0.9189947843551636,0.1029139310121536,0.7864850759506226,0.8315355181694031
1631021620809,0.9189947843551636,0.1029139310121536,0.7864850759506226,0.8315355181694031
1631021620937,0.9189947843551636,0.1029139310121536,0.7864850759506226,0.8315355181694031
1631021621062,0.9189947843551636,0.1029139310121536,0.7864850759506226,0.8315355181694031
1631021621131,0.9189947843551636,0.1029139310121536,0.7864850759506226,0.8315355181694031
1631021621227,0.9189947843551636,0.1029139310121536,0.7864850759506226,0.8315355181694031
1631021621317,0.9189947843551636,0.1029139310121536,0.7864850759506226,0.8315355181694031
1631021621418,0.9189947843551636,0.1029139310121536,0.7864850759506226,0.8315355181694031
1631021621539,0.9189947843551636,0.1029139310121536,0.7864850759506226,0.8315355181694031
1631021621651,0.9189947843551636,0.1029139310121536,0.7864850759506226,0.8315355181694031
1631021621757,0.9189947843551636,0.1029139310121536,0.4478150904178619,0.8315355181694031
1631021621836,0.9189947843551636,0.1029139310121536,0.4478150904178619,0.8315355181694031
1631021621930,0.9189947843551636,0.1029139310121536,0.4478150904178619,0.8315355181694031
1631021622084,0.9189947843551636,0.1029139310121536,0.4478150904178619,0.8315355181694031
1631021622147,0.9189947843551636,0.1029139310121536,0.4478150904178619,0.8315355181694031
1631021622261,0.9189947843551636,0.1029139310121536,0.4478150904178619,0.8315355181694031
1631021622370,0.9189947843551636,0.1029139310121536,0.4478150904178619,0.8315355181694031
1631021622448,0.9189947843551636,0.1029139310121536,0.4478150904178619,0.8315355181694031
1631021622542,0.9189947843551636,0.1029139310121536,0.4478150904178619,0.8315355181694031
1631021622682,0.9189947843551636,0.1029139310121536,0.4478150904178619,0.8315355181694031
1631021622760,0.9189947843551636,0.1029139310121536,0.4478150904178619,0.8315355181694031
1631021622838,0.9189947843551636,0.1029139310121536,0.4478150904178619,0.8315355181694031
1631021622979,0.9189947843551636,0.1029139310121536,0.4478150904178619,0.8315355181694031
1631021623073,0.9189947843551636,0.1029139310121536,0.4478150904178619,0.8315355181694031
1631021623166,0.9189947843551636,0.1029139310121536,0.4478150904178619,0.8315355181694031
1631021623229,0.9189947843551636,0.1029139310121536,0.4478150904178619,0.8315355181694031
1631021623341,0.9189947843551636,0.1029139310121536,0.4478150904178619,0.8315355181694031
1631021623482,0.9189947843551636,0.1029139310121536,0.4478150904178619,0.8315355181694031
1631021623591,0.9189947843551636,0.1029139310121536,0.4478150904178619,0.8315355181694031
1631021623654,0.9189947843551636,0.1029139310121536,0.4478150904178619,0.8315355181694031
1631021623763,0.9189947843551636,0.1029139310121536,0.4478150904178619,0.8315355181694031
1631021623872,0.9189947843551636,0.1029139310121536,0.4478150904178619,0.8315355181694031
1631021623935,0.9189947843551636,0.1029139310121536,0.4478150904178619,0.8315355181694031
1631021624091,0.9189947843551636,0.1029139310121536,0.4478150904178619,0.8315355181694031
1631021624216,0.9189947843551636,0.1029139310121536,0.4478150904178619,0.8315355181694031
1631021624279,0.9189947843551636,0.1029139310121536,0.4478150904178619,0.8315355181694031
1631021624404,0.9189947843551636,0.1029139310121536,0.4478150904178619,0.8315355181694031
1631021624466,0.9189947843551636,-0.0602239184081554,0.4552632570266723,0.96589994430542
1631021624575,0.9189947843551636,0.0352993197739124,0.5192739963531494,0.99326753616333
1631021624685,0.9189947843551636,0.1217241436243057,0.5699652433395386,1.00315523147583
1631021624794,0.9189947843551636,0.1799902021884918,0.6134938597679138,0.9987101554870604
1631021624888,0.9189947843551636,0.2105315774679184,0.6530464291572571,0.9851268529891968
1631021624982,0.9189947843551636,0.2268480509519577,0.6888668537139893,0.9708845615386964
1631021625091,1.209033727645874,0.2410732954740524,0.717860221862793,0.96375173330307
1631021625186,1.209033727645874,0.2410732954740524,0.7385177612304688,0.96375173330307
1631021625326,1.209033727645874,0.2410732954740524,0.7385177612304688,0.96375173330307
1631021625404,1.209033727645874,0.2410732954740524,0.7385177612304688,0.96375173330307
1631021625483,1.209033727645874,0.2410732954740524,0.7385177612304688,0.96375173330307
1631021625592,1.209033727645874,0.2410732954740524,0.7385177612304688,0.96375173330307
1631021625670,1.209033727645874,0.2725622653961181,0.7645421624183655,0.9778212904930116
1631021625795,1.209033727645874,0.3053902089595794,0.7945926189422607,0.9876725077629088
1631021625936,1.209033727645874,0.3383391797542572,0.8217222094535828,0.9822652339935304
1631021626014,1.209033727645874,0.3660787940025329,0.8436112999916077,0.9623136520385742
1631021626123,1.209033727645874,0.3801257312297821,0.862475574016571,0.9320827126502992
1631021626217,1.209033727645874,0.374748557806015,0.8802784085273743,0.8970060348510742
1631021626309,1.209033727645874,0.374748557806015,0.896203339099884,0.8970060348510742
1631021626427,1.209033727645874,0.374748557806015,0.896203339099884,0.8970060348510742
1631021626520,1.209033727645874,0.374748557806015,0.896203339099884,0.8970060348510742
1631021626635,1.209033727645874,0.374748557806015,0.896203339099884,0.8970060348510742
1631021626729,1.209033727645874,0.374748557806015,0.896203339099884,0.8970060348510742
1631021626807,1.209033727645874,0.374748557806015,0.896203339099884,0.8970060348510742
1631021626900,1.209033727645874,0.374748557806015,0.896203339099884,0.8970060348510742
1631021627010,1.209033727645874,0.374748557806015,0.896203339099884,0.8970060348510742
1631021627135,1.209033727645874,0.374748557806015,0.896203339099884,0.8970060348510742
1631021627229,1.209033727645874,0.374748557806015,0.896203339099884,0.8970060348510742
1631021627291,1.209033727645874,0.374748557806015,0.896203339099884,0.8970060348510742
1631021627416,1.209033727645874,0.374748557806015,0.896203339099884,0.8970060348510742
1631021627510,1.209033727645874,0.374748557806015,0.6977021098136902,0.6426350474357605
1631021627635,0.406198650598526,-0.1034784838557243,0.6559434533119202,0.630242645740509
1631021627744,0.4380004703998565,-0.1230510845780372,0.612878680229187,0.6064918041229248
1631021627853,0.4650743901729584,-0.1453068256378173,0.5720298290252686,0.5923328995704651
1631021627916,0.4736524522304535,-0.1693742722272873,0.5367154479026794,0.6049516201019287
1631021628010,0.4627481400966644,-0.1927914172410965,0.5152302980422974,0.6358793377876282
1631021628119,0.4455344080924988,-0.2135427147150039,0.5133733153343201,0.6644105911254883
1631021628213,0.4455344080924988,-0.2135427147150039,0.5308429598808289,0.6644105911254883
1631021628373,0.4455344080924988,-0.2135427147150039,0.5308429598808289,0.6644105911254883
1631021628467,0.4455344080924988,-0.2135427147150039,0.5308429598808289,0.6644105911254883
1631021628529,0.4455344080924988,-0.2135427147150039,0.5308429598808289,0.6644105911254883
1631021628638,0.4455344080924988,-0.2135427147150039,0.5308429598808289,0.6644105911254883
1631021628732,0.4455344080924988,-0.2135427147150039,0.4973844289779663,0.6741999387741089
1631021628826,0.4558781683444977,-0.2348975390195846,0.4587604105472564,0.6808305382728577
1631021628951,0.4674576222896576,-0.2618135511875152,0.4220018982887268,0.6787473559379578
1631021629045,0.475175678730011,-0.2943831980228424,0.3955404162406921,0.6783437728881836
1631021629169,0.4746236503124237,-0.3274763822555542,0.3892647325992584,0.6960853338241577
1631021629238,0.4547716975212097,-0.362026184797287,0.4061960279941559,0.73896324634552
1631021629400,0.4547716975212097,-0.362026184797287,0.447776734828949,0.73896324634552
1631021629447,0.4547716975212097,-0.362026184797287,0.447776734828949,0.73896324634552
1631021629557,0.4547716975212097,-0.362026184797287,0.447776734828949,0.73896324634552
1631021629666,0.4547716975212097,-0.362026184797287,0.447776734828949,0.73896324634552
1631021629775,0.4547716975212097,-0.362026184797287,0.447776734828949,0.73896324634552
1631021629869,0.4547716975212097,-0.362026184797287,0.447776734828949,0.73896324634552
1631021629947,0.4547716975212097,-0.362026184797287,0.447776734828949,0.73896324634552
1631021630041,0.4547716975212097,-0.362026184797287,0.447776734828949,0.73896324634552
1631021630182,0.4547716975212097,-0.362026184797287,0.447776734828949,0.73896324634552
1631021630275,0.4547716975212097,-0.362026184797287,0.447776734828949,0.73896324634552
1631021630373,0.4547716975212097,-0.362026184797287,0.447776734828949,0.73896324634552
1631021630482,0.4547716975212097,-0.362026184797287,0.447776734828949,0.73896324634552
1631021630576,0.4547716975212097,-0.362026184797287,0.447776734828949,0.73896324634552
1631021630654,0.4547716975212097,-0.362026184797287,0.447776734828949,0.73896324634552
1631021630826,0.4547716975212097,-0.362026184797287,0.447776734828949,0.73896324634552
1631021630904,0.4547716975212097,-0.362026184797287,0.447776734828949,0.73896324634552
1631021630982,0.4547716975212097,-0.362026184797287,0.447776734828949,0.73896324634552
1631021631091,0.4547716975212097,-0.362026184797287,0.447776734828949,0.73896324634552
1631021631169,0.4547716975212097,-0.362026184797287,0.447776734828949,0.73896324634552
1631021631317,0.4547716975212097,-0.362026184797287,0.447776734828949,0.73896324634552
1631021631424,0.4547716975212097,-0.362026184797287,0.447776734828949,0.73896324634552
1631021631502,0.4547716975212097,-0.362026184797287,0.447776734828949,0.73896324634552
1631021631580,0.4547716975212097,-0.362026184797287,0.447776734828949,0.73896324634552
1631021631689,0.4547716975212097,-0.362026184797287,0.447776734828949,0.73896324634552
1631021631767,0.4547716975212097,-0.362026184797287,0.447776734828949,0.73896324634552
1631021631892,0.4547716975212097,-0.362026184797287,0.447776734828949,0.73896324634552
1631021632002,0.4547716975212097,-0.362026184797287,0.447776734828949,0.73896324634552
1631021632158,0.4547716975212097,-0.362026184797287,0.447776734828949,0.73896324634552
1631021632220,0.4547716975212097,-0.362026184797287,0.447776734828949,0.73896324634552
1631021632314,0.4547716975212097,-0.362026184797287,0.7542099952697754,0.73896324634552
1631021632381,0.4547716975212097,-0.362026184797287,0.6866025328636169,0.73896324634552
1631021632506,0.4547716975212097,-0.362026184797287,0.6470835208892822,0.73896324634552
1631021632631,0.4547716975212097,-0.362026184797287,0.6367649435997009,0.73896324634552
1631021632725,0.4547716975212097,-0.362026184797287,0.65302973985672,0.2534898817539215
1631021632819,0.9761524200439452,-0.362026184797287,0.6925423741340637,0.2664317190647125
1631021632897,1.0046155452728271,-0.362026184797287,0.744793713092804,0.3161034882068634
1631021632990,1.0494905710220337,-0.362026184797287,0.7892864346504211,0.3860025107860565
1631021633084,1.0788791179656982,-0.362026184797287,0.8131471276283264,0.4435286819934845
1631021633209,1.084681510925293,-0.362026184797287,0.8156619668006897,0.4704698622226715
1631021633303,1.0738357305526731,-0.362026184797287,0.8042406439781189,0.4790120720863342
1631021633412,1.0560967922210691,-0.362026184797287,0.7872119545936584,0.4942972958087921
1631021633537,1.0343698263168335,-0.362026184797287,0.7298728823661804,0.5277355909347534
1631021633600,1.0343698263168335,-0.362026184797287,0.7171292901039124,0.5277355909347534
1631021633693,1.0343698263168335,-0.362026184797287,0.732778012752533,0.5277355909347534
1631021633834,1.0343698263168335,-0.362026184797287,0.7556994557380676,0.5277355909347534
1631021633944,1.0343698263168335,-0.362026184797287,0.7810652852058411,0.5461335182189941
1631021634037,1.0340739488601685,-0.362026184797287,0.8047043681144714,0.5666700601577759
1631021634131,1.036704659461975,-0.362026184797287,0.8225178718566895,0.5902680158615112
1631021634225,1.049929141998291,-0.362026184797287,0.8296467065811157,0.6190846562385559
1631021634308,1.0644382238388062,-0.362026184797287,0.8166053891181946,0.6492735147476196
1631021634449,1.05769681930542,-0.362026184797287,0.7699974775314331,0.6694103479385376
1631021634528,1.0155013799667358,-0.362026184797287,0.6852750182151794,0.6706969141960144
1631021634621,0.9434634447097778,-0.362026184797287,0.5738191604614258,0.6588756442070007
1631021634731,0.9434634447097778,-0.362026184797287,0.4678431153297424,0.6588756442070007
1631021634809,0.9434634447097778,-0.362026184797287,0.4678431153297424,0.6588756442070007
1631021634918,0.9434634447097778,-0.362026184797287,0.4678431153297424,0.6588756442070007
1631021635074,0.9434634447097778,-0.362026184797287,0.4678431153297424,0.6588756442070007
1631021635137,0.9434634447097778,-0.362026184797287,0.4678431153297424,0.6588756442070007
1631021635230,0.9434634447097778,-0.362026184797287,0.4678431153297424,0.6588756442070007
1631021635340,0.9434634447097778,-0.362026184797287,0.4678431153297424,0.6588756442070007
1631021635449,0.9434634447097778,-0.362026184797287,0.4678431153297424,0.6588756442070007
1631021635527,0.9434634447097778,-0.362026184797287,0.4678431153297424,0.6588756442070007
1631021635652,0.9434634447097778,-0.362026184797287,0.4678431153297424,0.6588756442070007
1631021635766,0.9434634447097778,-0.362026184797287,0.4678431153297424,0.6588756442070007
1631021635862,0.9434634447097778,-0.362026184797287,0.4678431153297424,0.6588756442070007
1631021635994,0.9434634447097778,-0.362026184797287,0.4678431153297424,0.6588756442070007
1631021636053,0.9434634447097778,-0.362026184797287,0.4678431153297424,0.6588756442070007
1631021636166,0.9434634447097778,-0.362026184797287,0.4678431153297424,0.6588756442070007
1631021636263,0.9434634447097778,-0.362026184797287,0.4678431153297424,0.6588756442070007
1631021636377,0.9434634447097778,-0.362026184797287,0.4678431153297424,0.6588756442070007
1631021636452,0.9434634447097778,-0.362026184797287,0.4678431153297424,0.6588756442070007
1631021636581,0.9434634447097778,-0.362026184797287,0.4678431153297424,0.6588756442070007
1631021636673,0.9434634447097778,-0.362026184797287,0.4678431153297424,0.6588756442070007
1631021636753,0.9434634447097778,-0.362026184797287,0.4678431153297424,0.6588756442070007
1631021636891,0.9434634447097778,-0.362026184797287,0.4678431153297424,0.6588756442070007
1631021637026,0.9434634447097778,-0.362026184797287,0.4678431153297424,0.6588756442070007
1631021637124,0.9434634447097778,-0.362026184797287,0.4678431153297424,0.6588756442070007
1631021637180,0.9434634447097778,-0.362026184797287,0.4678431153297424,0.6588756442070007
1631021637261,0.9434634447097778,-0.362026184797287,0.4678431153297424,0.6588756442070007
1631021637367,0.9434634447097778,-0.362026184797287,0.4678431153297424,0.6588756442070007
1631021637494,0.9434634447097778,-0.362026184797287,0.4678431153297424,0.6588756442070007
1631021637600,0.9434634447097778,-0.362026184797287,0.4678431153297424,0.6588756442070007
1631021637662,0.9434634447097778,-0.362026184797287,0.4678431153297424,0.6588756442070007
1631021637787,0.9434634447097778,-0.362026184797287,0.4678431153297424,0.6588756442070007
1631021637838,0.9434634447097778,-0.362026184797287,0.4678431153297424,0.6588756442070007
1631021637963,0.9434634447097778,-0.362026184797287,0.4678431153297424,0.6588756442070007
1631021638119,0.9434634447097778,-0.362026184797287,0.4678431153297424,0.6588756442070007
1631021638197,0.9434634447097778,-0.362026184797287,0.4678431153297424,0.6588756442070007
1631021638275,0.9434634447097778,-0.362026184797287,0.4678431153297424,0.6588756442070007
1631021638392,0.9434634447097778,-0.362026184797287,0.4678431153297424,0.6588756442070007
1631021638487,0.9434634447097778,-0.362026184797287,0.4068939387798309,0.6588756442070007
1631021638625,0.9434634447097778,-0.362026184797287,0.4068939387798309,0.6588756442070007
1631021638748,0.9434634447097778,-0.362026184797287,0.4068939387798309,0.6588756442070007
1631021638811,0.9434634447097778,-0.362026184797287,0.4068939387798309,0.6588756442070007
1631021638936,0.9434634447097778,-0.362026184797287,0.4068939387798309,0.6588756442070007
1631021639014,0.9434634447097778,-0.362026184797287,0.4068939387798309,0.6588756442070007
1631021639092,0.9434634447097778,-0.362026184797287,0.4068939387798309,0.6588756442070007
1631021639201,0.9434634447097778,-0.362026184797287,0.4068939387798309,0.6588756442070007
1631021639420,0.9434634447097778,-0.362026184797287,0.4068939387798309,0.6588756442070007
1631021639498,0.9434634447097778,-0.362026184797287,0.4068939387798309,0.6588756442070007
1631021639545,0.9434634447097778,-0.362026184797287,0.4068939387798309,0.6588756442070007
1631021639592,0.9434634447097778,-0.362026184797287,0.4068939387798309,0.6588756442070007
1631021639717,0.9434634447097778,-0.362026184797287,0.4068939387798309,0.6588756442070007
1631021639779,0.9434634447097778,-0.362026184797287,0.4068939387798309,0.6588756442070007
1631021639920,0.9434634447097778,-0.362026184797287,0.4068939387798309,0.6588756442070007
1631021640045,0.9434634447097778,-0.362026184797287,0.4068939387798309,0.6588756442070007
1631021640123,0.9434634447097778,-0.362026184797287,0.4068939387798309,0.6588756442070007
1631021640201,0.9434634447097778,-0.362026184797287,0.4068939387798309,0.6588756442070007
1631021640326,0.9434634447097778,-0.362026184797287,0.4068939387798309,0.6588756442070007
1631021640411,0.9434634447097778,-0.362026184797287,0.4068939387798309,0.6588756442070007
1631021640531,0.9434634447097778,-0.362026184797287,0.4068939387798309,0.6588756442070007
1631021640625,0.9434634447097778,-0.362026184797287,0.4068939387798309,0.6588756442070007
1631021640734,0.9434634447097778,-0.362026184797287,0.4068939387798309,0.6588756442070007
1631021640843,0.9434634447097778,-0.362026184797287,0.4068939387798309,0.6588756442070007
1631021640968,0.9434634447097778,-0.362026184797287,0.4068939387798309,0.6588756442070007
1631021641031,0.9434634447097778,-0.362026184797287,0.4068939387798309,0.6588756442070007
1631021641187,0.9434634447097778,-0.362026184797287,0.4068939387798309,0.6588756442070007
1631021641265,0.9434634447097778,-0.362026184797287,0.4068939387798309,0.6588756442070007
1631021641371,0.9434634447097778,-0.362026184797287,0.4068939387798309,0.6588756442070007
1631021641481,0.9434634447097778,-0.362026184797287,0.4068939387798309,0.6588756442070007
1631021641590,0.9434634447097778,-0.362026184797287,0.4068939387798309,0.6588756442070007
1631021641653,0.9434634447097778,-0.362026184797287,0.4068939387798309,0.6588756442070007
1631021641762,0.9434634447097778,-0.362026184797287,0.4068939387798309,0.6588756442070007
1631021641883,0.9434634447097778,-0.362026184797287,0.4068939387798309,0.6588756442070007
1631021641984,0.9434634447097778,-0.362026184797287,0.4068939387798309,0.6588756442070007
1631021642109,0.9434634447097778,-0.362026184797287,0.4068939387798309,0.6588756442070007
1631021642203,0.9434634447097778,-0.362026184797287,0.4068939387798309,0.6588756442070007
1631021642255,0.9434634447097778,-0.362026184797287,0.4068939387798309,0.6588756442070007
1631021642398,0.9434634447097778,-0.362026184797287,0.3067992627620697,0.6588756442070007
1631021642445,0.9434634447097778,0.2664791941642761,0.3027976751327514,0.6588756442070007
1631021642539,0.6558582186698914,0.3281910121440887,0.3051574528217315,0.6588756442070007
1631021642680,0.7158046364784241,0.358309656381607,0.323682427406311,0.8625485301017761
1631021642726,0.7840982675552368,0.362367182970047,0.350723385810852,0.8782238960266113
1631021642820,0.8479234576225281,0.3529314994812011,0.3742468357086181,0.8943115472793579
1631021642992,0.8985601663589478,0.3405579626560211,0.3864202797412872,0.9154013991355896
1631021643101,0.9313645958900452,0.3293100595474243,0.3865393400192261,0.941028356552124
1631021643164,0.946314811706543,0.3227937519550323,0.3798297047615051,0.9634005427360536
1631021643258,0.9490230679512024,0.3206290304660797,0.3724922239780426,0.9777835607528688
1631021643369,0.9500922560691832,0.3180643320083618,0.3678495287895202,0.9853225946426392
1631021643432,0.9500922560691832,0.3096532821655273,0.3746976256370544,0.9853225946426392
1631021643572,0.9500922560691832,0.3096532821655273,0.3877230286598205,0.9853225946426392
1631021643666,0.9500922560691832,0.3185557126998901,0.3924843072891235,0.9853225946426392
1631021643776,0.9684892892837524,0.3314339518547058,0.392996072769165,0.9853225946426392
1631021643869,0.9935430884361268,0.3370272219181061,0.3969734609127044,1.0025132894515991
1631021643979,1.0207957029342651,0.3257887661457062,0.4066264033317566,1.015963435173035
1631021644041,1.0456302165985107,0.2990020215511322,0.4155531227588653,1.0287213325500488
1631021644229,1.0633050203323364,0.2692124843597412,0.4148948788642883,1.0425000190734863
1631021644307,1.0698928833007812,0.2496455460786819,0.4005681574344635,1.0579859018325806
1631021644393,1.061851978302002,0.2442957311868667,0.3753729462623596,1.0741217136383057
1631021644472,1.0377938747406006,0.2477942556142807,0.3502581119537353,1.0857752561569214
1631021644582,1.0377938747406006,0.2562266886234283,0.3403627872467041,1.0857752561569214
1631021644675,1.0377938747406006,0.2562266886234283,0.3403627872467041,1.0857752561569214
1631021644831,1.0377938747406006,0.2562266886234283,0.3403627872467041,1.0857752561569214
1631021644910,1.0377938747406006,0.2562266886234283,0.3403627872467041,1.0857752561569214
1631021644988,1.0377938747406006,0.2562266886234283,0.3403627872467041,1.0857752561569214
1631021645081,1.0377938747406006,0.2562266886234283,0.4639667272567749,1.0857752561569214
1631021645191,1.0377938747406006,0.2562266886234283,0.654633641242981,1.0857752561569214
1631021645300,1.0377938747406006,0.2562266886234283,0.654633641242981,1.0857752561569214
1631021645412,1.0377938747406006,0.2562266886234283,0.654633641242981,1.0857752561569214
1631021645506,1.0377938747406006,0.2562266886234283,0.654633641242981,1.0857752561569214
1631021645615,1.0377938747406006,0.2562266886234283,0.654633641242981,1.0857752561569214
1631021645678,1.0377938747406006,0.2562266886234283,0.654633641242981,1.0857752561569214
1631021645787,1.0377938747406006,0.2562266886234283,0.654633641242981,1.0857752561569214
1631021645896,1.0377938747406006,0.2562266886234283,0.654633641242981,1.0857752561569214
1631021646037,1.0377938747406006,0.2562266886234283,0.654633641242981,1.0857752561569214
1631021646143,1.0377938747406006,0.2562266886234283,0.654633641242981,1.0857752561569214
1631021646206,1.0377938747406006,0.2562266886234283,0.654633641242981,1.0857752561569214
1631021646346,1.0377938747406006,0.2562266886234283,0.6658199429512024,1.0857752561569214
1631021646416,1.0377938747406006,0.2562266886234283,0.6479334831237793,1.0857752561569214
1631021646510,1.0377938747406006,0.2562266886234283,0.5984578728675842,1.0857752561569214
1631021646635,1.0377938747406006,-0.0510260313749313,0.4851750135421753,1.0857752561569214
1631021646728,0.7037496566772461,-0.1265459507703781,-0.0116804158315062,0.7506584525108337
1631021646822,0.6870449185371399,-0.1814789772033691,-0.0207450594753026,0.7288839817047119
1631021646900,0.6724106669425964,-0.2142912000417709,0.0046506254002451,0.7052807211875916
1631021647025,0.6674909591674805,-0.2305793613195419,0.0440835133194923,0.7037736177444458
1631021647197,0.681729793548584,-0.2316459566354751,0.0819823890924453,0.7404851317405701
1631021647275,0.7130593061447144,-0.2215947359800338,0.1224405243992805,0.802886426448822
1631021647350,0.7548975348472595,-0.2131852060556411,0.1739983260631561,0.8681700825691223
1631021647439,0.8070876002311707,-0.2141173481941223,0.2321019470691681,0.9232034087181092
1631021647532,0.8685694932937622,-0.2223505675792694,0.2812792062759399,0.9640365242958068
1631021647611,0.9282079339027404,-0.2304387688636779,0.3126606941223144,0.9890185594558716
1631021647720,0.9739446640014648,-0.2294886261224746,0.3268921673297882,0.9987686276435852
1631021647876,1.0039478540420532,-0.2447571456432342,0.3319074809551239,1.0002079010009766
1631021647939,1.0390437841415403,-0.2257852107286453,0.3479637503623962,1.01466965675354
1631021648048,1.0801753997802734,-0.1727796345949173,0.3734067678451538,1.0273473262786863
1631021648110,1.1255874633789062,-0.1149215027689933,0.4018705189228058,1.03950834274292
1631021648235,1.16843843460083,-0.0720312669873237,0.4254731237888336,1.053532361984253
1631021648376,1.2020748853683472,-0.0492634251713752,0.4387005865573883,1.0699297189712524
1631021648439,1.2227264642715454,-0.0398261696100235,0.4435251951217651,1.0852725505828855
1631021648563,1.2305632829666138,-0.0345137082040309,0.4461716413497925,1.0936895608901978
1631021648673,1.2282568216323853,-0.0303057711571455,0.4514087736606598,1.0896509885787964
1631021648767,1.2212672233581543,-0.0283897258341312,0.4557814598083496,1.0715316534042358
1631021648829,1.2143676280975342,-0.0277784615755081,0.4495673179626465,1.041752815246582
1631021648938,1.2069813013076782,-0.0255877580493688,0.4273834824562073,1.0056588649749756
1631021649048,1.1931166648864746,-0.018617957830429,0.3948855400085449,0.9699051380157472
1631021649157,1.168839693069458,-0.0044995252974331,0.3658139705657959,0.9414766430854796
1631021649251,1.137074589729309,0.0120814200490713,0.3502780497074127,0.9257094264030457
1631021649367,1.1237245798110962,0.0188800636678934,0.3480937778949737,0.9181329607963562
1631021649461,1.1094294786453247,0.0261781550943851,0.3466071784496307,0.9110491275787354
1631021649555,1.084989309310913,0.1136655732989311,0.3385186195373535,0.9005358219146729
1631021649695,1.0429097414016724,0.3431557118892669,0.3250893950462341,0.886376142501831
1631021649773,0.9832836389541626,0.3546735346317291,0.314317911863327,0.8681398630142212
1631021649883,0.9168626666069032,0.3743633329868316,0.3137018978595733,0.8453077673912048
1631021649961,0.8662078380584717,0.4003289043903351,0.3200834691524505,0.8214947581291199
1631021650055,0.8529614806175232,0.4294042289257049,0.3217367231845855,0.8034101128578186
1631021650148,0.8784831762313843,0.4602411389350891,0.3067858517169952,0.7972069382667542
1631021650289,0.9176735877990724,0.4940078556537628,0.2715597152709961,0.8061411380767822
1631021650374,0.9409273862838744,0.5334106087684631,0.2297305315732956,0.830315887928009
1631021650483,0.9409273862838744,0.5389108061790466,0.2297305315732956,0.830315887928009
1631021650577,0.9409273862838744,0.5461689233779907,0.2297305315732956,0.830315887928009
1631021650655,0.9409273862838744,0.5556139349937439,0.2297305315732956,0.830315887928009
1631021650749,0.9409273862838744,0.5673666596412659,0.2297305315732956,0.830315887928009
1631021650905,0.9409273862838744,0.5868033766746521,0.2297305315732956,0.830315887928009
1631021650999,1.139250874519348,0.609592616558075,0.4022221565246582,1.1609859466552734
1631021651077,1.129574179649353,0.5929213762283325,0.4418655335903168,1.1163067817687988
1631021651186,1.1297965049743652,0.4088571071624756,0.4906964898109436,1.1163067817687988
1631021651283,1.1347668170928955,0.4471765458583832,0.5261730551719666,1.1163067817687988
1631021651362,1.1347668170928955,0.4471765458583832,0.5261730551719666,1.1163067817687988
1631021651521,1.1347668170928955,0.4471765458583832,0.5261730551719666,1.1163067817687988
1631021651633,1.1347668170928955,0.4471765458583832,0.5261730551719666,1.1163067817687988
1631021651698,1.1347668170928955,0.4471765458583832,0.5261730551719666,1.1163067817687988
1631021651798,1.1347668170928955,0.4471765458583832,0.5261730551719666,1.1163067817687988
1631021651902,1.1347668170928955,0.4471765458583832,0.5261730551719666,1.1163067817687988
1631021652002,1.1347668170928955,0.4804626405239105,0.5261730551719666,1.1163067817687988
1631021652142,1.1347668170928955,0.5171694159507751,0.5261730551719666,1.1163067817687988
1631021652215,1.1201869249343872,0.5540984869003296,0.5313130617141724,1.0640583038330078
1631021652335,1.1080057621002195,0.5914336442947388,0.5583803057670593,1.0640583038330078
1631021652415,1.1110528707504272,0.6262199282646179,0.6035215854644775,1.0640583038330078
1631021652526,1.1110528707504272,0.6262199282646179,0.6035215854644775,1.0640583038330078
1631021652579,1.1110528707504272,0.6262199282646179,0.6035215854644775,1.0640583038330078
1631021652736,1.1110528707504272,0.6262199282646179,0.6035215854644775,1.0640583038330078
1631021652827,1.1110528707504272,0.6262199282646179,0.6035215854644775,1.0640583038330078
1631021652903,1.1110528707504272,0.6262199282646179,0.6035215854644775,1.0640583038330078
1631021652997,1.1110528707504272,0.6262199282646179,0.6035215854644775,1.0640583038330078
1631021653106,1.1110528707504272,0.6262199282646179,0.6035215854644775,1.0640583038330078
1631021653188,1.1110528707504272,0.6262199282646179,0.6035215854644775,1.0640583038330078
1631021653328,1.1110528707504272,-0.1629977524280548,0.2951451241970062,1.072270750999451
1631021653406,1.2468047142028809,-0.1046289727091789,0.3112463057041168,1.043551325798035
1631021653550,1.2468047142028809,-0.1046289727091789,0.3112463057041168,1.043551325798035
1631021653644,1.2468047142028809,-0.1046289727091789,0.3112463057041168,1.043551325798035
1631021653738,1.2468047142028809,-0.1046289727091789,0.3112463057041168,1.043551325798035
1631021653818,1.2468047142028809,-0.1046289727091789,0.3112463057041168,1.043551325798035
1631021653933,1.2468047142028809,-0.1046289727091789,0.3112463057041168,1.043551325798035
1631021654059,1.2468047142028809,-0.1046289727091789,0.3112463057041168,1.043551325798035
1631021654136,1.2468047142028809,-0.1046289727091789,0.3112463057041168,1.043551325798035
1631021654214,1.2468047142028809,-0.1046289727091789,0.3112463057041168,1.043551325798035
1631021654343,1.2468047142028809,-0.1046289727091789,0.3112463057041168,1.043551325798035
1631021654436,1.2468047142028809,-0.1046289727091789,0.3112463057041168,1.043551325798035
1631021654545,1.2468047142028809,-0.0883971825242042,0.3385531306266784,1.0006064176559448
1631021654670,1.2468047142028809,-0.0883971825242042,0.3385531306266784,1.0006064176559448
1631021654764,1.2468047142028809,-0.0883971825242042,0.3385531306266784,1.0006064176559448
1631021654826,1.2468047142028809,-0.0883971825242042,0.3385531306266784,1.0006064176559448
1631021654935,1.2468047142028809,-0.0883971825242042,0.3385531306266784,1.0006064176559448
1631021655029,1.2468047142028809,-0.0883971825242042,0.3385531306266784,1.0006064176559448
1631021655154,1.2468047142028809,-0.0883971825242042,0.3385531306266784,1.0006064176559448
1631021655279,1.2468047142028809,-0.0883971825242042,0.3385531306266784,1.0006064176559448
1631021655347,1.2468047142028809,-0.0883971825242042,0.3385531306266784,1.0006064176559448
1631021655424,1.2468047142028809,-0.0883971825242042,0.3385531306266784,1.0006064176559448
1631021655580,1.2468047142028809,-0.0883971825242042,0.3385531306266784,1.0006064176559448
1631021655643,1.2468047142028809,-0.0883971825242042,0.3385531306266784,1.0006064176559448
1631021655789,1.2468047142028809,-0.0883971825242042,0.3385531306266784,1.0006064176559448
1631021655867,1.2468047142028809,-0.0883971825242042,0.3385531306266784,1.0006064176559448
1631021655945,1.2468047142028809,-0.0883971825242042,0.3385531306266784,1.0006064176559448
1631021656055,1.2468047142028809,-0.0883971825242042,0.3385531306266784,1.0006064176559448
1631021656164,1.2468047142028809,-0.0883971825242042,0.3385531306266784,1.0006064176559448
1631021656242,1.2468047142028809,-0.0883971825242042,0.3385531306266784,1.0006064176559448
1631021656386,1.2468047142028809,-0.0883971825242042,0.3385531306266784,1.0006064176559448
1631021656495,1.2468047142028809,-0.0883971825242042,0.3385531306266784,1.0006064176559448
1631021656574,1.2468047142028809,-0.0883971825242042,0.3385531306266784,1.0006064176559448
1631021656652,1.2468047142028809,-0.0883971825242042,0.3385531306266784,1.0006064176559448
1631021656761,1.2468047142028809,-0.0883971825242042,0.3385531306266784,1.0006064176559448
1631021656855,1.2468047142028809,-0.0883971825242042,0.3385531306266784,1.0006064176559448
1631021657011,1.2468047142028809,-0.0883971825242042,0.3385531306266784,1.0006064176559448
1631021657073,1.2468047142028809,-0.0883971825242042,0.5882564187049866,1.0006064176559448
1631021657198,1.2468047142028809,0.6607573628425598,0.5680952668190002,1.0006064176559448
1631021657292,1.2468047142028809,0.6677041053771973,0.5683596134185791,1.0006064176559448
1631021657386,1.2468047142028809,0.6564778089523315,0.5961769819259644,1.0006064176559448
1631021657472,1.2468047142028809,0.6308863759040833,0.6336715221405029,1.0006064176559448
1631021657597,1.2468047142028809,0.5986964106559753,0.6600397825241089,1.0006064176559448
1631021657692,1.2468047142028809,0.5986964106559753,0.6687551140785217,1.0006064176559448
1631021657802,1.2468047142028809,0.5986964106559753,0.6711427569389343,1.0006064176559448
1631021657880,1.2468047142028809,0.5986964106559753,0.6711427569389343,1.0006064176559448
1631021657989,1.2468047142028809,0.5986964106559753,0.6711427569389343,1.0006064176559448
1631021658083,1.2468047142028809,0.5986964106559753,0.6711427569389343,1.0006064176559448
1631021658208,1.2468047142028809,0.5986964106559753,0.6711427569389343,1.0006064176559448
1631021658286,1.2468047142028809,0.5986964106559753,0.679567813873291,1.0006064176559448
1631021658383,1.2468047142028809,0.6091868281364441,0.6854320764541626,0.9500095248222352
1631021658493,1.2468047142028809,0.6043656468391418,0.6943449974060059,0.9186922311782836
1631021658571,1.2468047142028809,0.5771104097366333,0.7122523784637451,0.8725716471672058
1631021658696,1.2468047142028809,0.5262643694877625,0.7415581345558167,0.8384360074996948
1631021658821,1.2468047142028809,0.3591035008430481,0.7690574526786804,0.8321927785873413
1631021658914,1.2468047142028809,0.1644940376281738,0.7097464799880981,0.8444658517837524
1631021659008,1.2468047142028809,-0.0379609167575836,0.6050663590431213,0.8628241419792175
1631021659102,1.2468047142028809,-0.241045206785202,0.4624763429164886,0.8874126076698303
1631021659227,1.2468047142028809,-0.2716346681118011,0.3095418214797973,0.9170483946800232
1631021659274,1.0954712629318235,-0.2958807349205017,0.1433408111333847,0.9456894397735596
1631021659430,1.1153905391693115,-0.3057171702384949,0.1898188591003418,0.9705471396446228
1631021659524,1.113681077957153,-0.2904263734817505,0.2428986579179763,0.9942248463630676
1631021659633,1.1045912504196167,-0.2525599002838135,0.2961623966693878,1.023698329925537
1631021659696,1.1024267673492432,-0.2081294953823089,0.3414545655250549,1.0443859100341797
1631021659852,1.1101425886154177,-0.1727342754602432,0.3685235679149627,1.0542389154434204
1631021659903,1.1251288652420044,-0.1497097462415695,0.3743672668933868,1.062095046043396
1631021660043,1.1422470808029177,-0.1351282149553299,0.3702614307403564,1.0805714130401611
1631021660121,1.1422470808029177,-0.1117063909769058,0.3702614307403564,1.1025744676589966
1631021660246,1.1422470808029177,-0.1117063909769058,0.3702614307403564,1.126071810722351
1631021660309,1.1422470808029177,-0.1066249087452888,0.3702614307403564,1.1452995538711548
1631021660418,1.1422470808029177,-0.0999835804104805,0.3815702199935913,1.1603645086288452
1631021660496,1.156432032585144,-0.0875759720802307,0.4010400772094726,1.173547625541687
1631021660637,1.1683241128921509,-0.0691213756799697,0.4275904595851898,1.182985782623291
1631021660762,1.1718573570251465,-0.0430970005691051,0.4566801190376282,1.1864782571792605
1631021660871,1.1668753623962402,-0.0116048017516732,0.4810834228992462,1.185590386390686
1631021660934,1.163424730300903,0.0219222586601972,0.4973595738410949,1.181938409805298
1631021661027,1.1742171049118042,0.0496042557060718,0.5024712085723877,1.1703890562057495
1631021661105,1.2011827230453491,0.0639722272753715,0.4887625873088836,1.1446415185928345
1631021661246,1.2011827230453491,0.0203763823956251,0.4887625873088836,1.1446415185928345
1631021661349,1.2011827230453491,-0.033882088959217,0.4887625873088836,1.1446415185928345
1631021661457,1.2011827230453491,-0.0818726792931556,0.4887625873088836,1.1446415185928345
1631021661535,1.2011827230453491,-0.128111183643341,0.4887625873088836,1.1446415185928345
1631021661644,1.2144978046417236,-0.2393042892217636,0.3688631057739258,1.1575084924697876
1631021661722,1.166723370552063,-0.2771488726139068,0.3618530929088592,1.1703821420669556
1631021661863,1.166723370552063,-0.3135505020618438,0.3470563888549804,1.1862620115280151
1631021661988,1.166723370552063,-0.3135505020618438,0.3470563888549804,1.2178314924240112
1631021662066,1.166723370552063,-0.3135505020618438,0.3470563888549804,1.2178314924240112
1631021662144,1.166723370552063,-0.3135505020618438,0.3470563888549804,1.2178314924240112
1631021662222,1.166723370552063,-0.3135505020618438,0.3470563888549804,1.2178314924240112
1631021662369,1.166723370552063,-0.3135505020618438,0.3470563888549804,1.2178314924240112
1631021662479,1.166723370552063,-0.3135505020618438,0.3470563888549804,1.2178314924240112
1631021662557,1.166723370552063,-0.3135505020618438,0.3470563888549804,1.2178314924240112
1631021662666,1.166723370552063,-0.3135505020618438,0.3470563888549804,1.2178314924240112
1631021662760,1.166723370552063,-0.3321370780467987,0.3470563888549804,1.2178314924240112
1631021662854,1.1587653160095217,-0.3544996678829193,0.3792892694473266,1.2468466758728027
1631021662963,1.1587653160095217,-0.4024618268013,0.3839984834194183,1.265420913696289
1631021663088,1.1587653160095217,-0.4024618268013,0.3839984834194183,1.274900197982788
1631021663182,1.1587653160095217,-0.4024618268013,0.3839984834194183,1.241329789161682
1631021663260,1.1587653160095217,-0.4024618268013,0.3839984834194183,1.201958179473877
1631021663400,1.1587653160095217,-0.4024618268013,0.3839984834194183,1.1327929496765137
1631021663479,0.9104487299919128,-0.1562846451997757,0.0657131746411323,0.977274775505066
1631021663541,0.9378511309623718,-0.1644521057605743,0.0501108765602111,0.9507023096084596
1631021663697,0.95676189661026,-0.1650627851486206,0.0538910962641239,0.943571150302887
1631021663791,0.970247745513916,-0.1570291817188263,0.0578963309526443,0.9616859555244446
1631021663885,0.9845550656318665,-0.1425839364528656,0.0540565624833107,0.9997879266738892
1631021663979,1.0017046928405762,-0.1299379765987396,0.0436473973095417,1.0411289930343628
1631021664103,1.0167909860610962,-0.1233501508831977,0.031510517001152,1.0697307586669922
1631021664182,1.0234410762786863,-0.1192381381988525,0.0264691580086946,1.0801506042480469
1631021664322,1.019556760787964,-0.1121005490422248,0.031822346150875,1.0767675638198853
1631021664404,1.0079246759414673,-0.1057962998747825,0.0412459373474121,1.0656342506408691
1631021664498,0.9929640293121338,-0.1060579270124435,0.0425199680030345,1.050478219985962
1631021664576,0.977985382080078,-0.1147394999861717,0.0332092382013797,1.0339120626449585
1631021664669,0.9717240929603576,-0.1296246647834777,0.0004364032356534,1.0161798000335691
1631021664779,0.9630907773971558,-0.1427626311779022,-0.0186499338597059,1.004684329032898
1631021664889,0.950518012046814,-0.1475144475698471,-0.0186661873012781,1.0019022226333618
1631021664999,0.9306529760360718,-0.1451824456453323,-0.0094291381537914,1.0051872730255127
1631021665108,0.9223413467407228,-0.1415975689888,0.0032282164320349,1.0156245231628418
1631021665217,0.911753475666046,-0.1396222710609436,-0.0021538436412811,1.0230112075805664
1631021665311,0.8987460136413574,-0.1420305520296096,-0.0092787388712167,1.020064353942871
1631021665389,0.8787552118301392,-0.1511041224002838,-0.0123688867315649,0.9992182850837708
1631021665545,0.8454433083534241,-0.1639295816421508,-0.0091000637039542,0.9581968784332277
1631021665623,0.7975571751594543,-0.1760004460811615,-0.0012650985736399,0.9051730632781982
1631021665748,0.7434042096138,-0.1896217465400695,0.0015493378741666,0.856337308883667
1631021665826,0.6975080966949463,-0.2158191204071045,-0.0103756058961153,0.82292640209198
1631021665920,0.6692507266998291,-0.2544859945774078,-0.037003930658102,0.8079197406768799
1631021666014,0.6562801599502563,-0.290359228849411,-0.0552366338670253,0.8130131363868713
1631021666123,0.6489382386207581,-0.2985593378543854,-0.042733896523714,0.8385480642318726
1631021666248,0.6489382386207581,-0.2985593378543854,0.0024614352732896,0.8385480642318726
1631021666326,0.6489382386207581,-0.2985593378543854,0.0024614352732896,0.8385480642318726
1631021666404,0.6489382386207581,-0.2985593378543854,0.0024614352732896,0.8385480642318726
1631021666482,0.6489382386207581,-0.2985593378543854,0.0024614352732896,0.8385480642318726
1631021666623,0.6489382386207581,-0.2985593378543854,0.0024614352732896,0.8385480642318726
1631021666764,0.6489382386207581,-0.2985593378543854,0.0024614352732896,0.8385480642318726
1631021666826,0.6489382386207581,-0.2985593378543854,0.0024614352732896,0.8385480642318726
1631021666967,0.6489382386207581,-0.2985593378543854,0.0024614352732896,0.8385480642318726
1631021667060,0.6489382386207581,-0.2985593378543854,0.0024614352732896,0.8385480642318726
1631021667154,0.6489382386207581,-0.2985593378543854,0.0024614352732896,0.8385480642318726
1631021667217,0.6489382386207581,-0.2985593378543854,0.0024614352732896,0.8385480642318726
1631021667373,0.6489382386207581,-0.2985593378543854,0.0024614352732896,0.8385480642318726
1631021667435,0.6489382386207581,-0.2985593378543854,0.0024614352732896,0.8385480642318726
1631021667529,0.6489382386207581,-0.2985593378543854,0.0024614352732896,0.8385480642318726
1631021667638,0.6489382386207581,-0.2985593378543854,0.0024614352732896,0.8385480642318726
1631021667748,0.6489382386207581,-0.2985593378543854,0.0024614352732896,0.8385480642318726
1631021667826,0.6489382386207581,-0.2150599807500839,0.0024614352732896,0.8385480642318726
1631021667982,0.8737123608589172,-0.2484941184520721,-0.0108164902776479,0.8226059079170227
1631021668091,0.8737123608589172,-0.2346545457839965,0.0148540455847978,0.8226059079170227
1631021668170,0.8737123608589172,-0.2346545457839965,0.2701651155948639,0.8226059079170227
1631021668216,0.8737123608589172,-0.2346545457839965,0.2701651155948639,0.8226059079170227
1631021668345,0.8737123608589172,-0.2346545457839965,0.2701651155948639,0.8226059079170227
1631021668454,0.8737123608589172,-0.2346545457839965,0.2701651155948639,0.8226059079170227
1631021668578,0.8737123608589172,-0.2346545457839965,0.2701651155948639,0.8226059079170227
1631021668672,0.8737123608589172,-0.2346545457839965,0.2701651155948639,0.8226059079170227
1631021668766,0.8737123608589172,-0.2346545457839965,0.2701651155948639,0.8226059079170227
1631021668860,0.8737123608589172,-0.2346545457839965,0.2701651155948639,0.8226059079170227
1631021668938,0.8737123608589172,-0.2346545457839965,0.2701651155948639,0.8226059079170227
1631021669063,0.8737123608589172,-0.3062734603881836,0.2701651155948639,0.8226059079170227
1631021669157,0.8737123608589172,-0.3342993557453155,0.3120968341827392,0.8226059079170227
1631021669266,0.8737123608589172,-0.3342993557453155,0.3625332713127136,0.8226059079170227
1631021669364,0.8737123608589172,-0.3342993557453155,0.3625332713127136,0.8226059079170227
1631021669457,0.8737123608589172,-0.3342993557453155,0.3625332713127136,0.8226059079170227
1631021669551,1.0606893301010132,-0.3342993557453155,0.3625332713127136,1.0510061979293823
1631021669629,1.037877321243286,0.5597020387649536,0.3625332713127136,1.013437032699585
1631021669754,1.0020607709884644,0.4907103776931762,0.0600491464138031,1.0004616975784302
1631021669879,0.9710224866867064,0.4240660369396209,0.0577898696064949,1.0059304237365725
1631021669973,0.9565991759300232,0.3668642938137054,0.0609876848757267,1.0123244524002075
1631021670051,0.95721036195755,0.3182173669338226,0.0628959462046623,1.0076789855957031
1631021670160,0.95721036195755,0.2810166478157043,0.0655074641108512,0.9915633797645568
1631021670332,0.95721036195755,0.2810166478157043,0.0655074641108512,0.9915633797645568
1631021670417,0.95721036195755,0.2810166478157043,0.0655074641108512,0.9915633797645568
1631021670480,0.95721036195755,0.2810166478157043,0.0655074641108512,0.9915633797645568
1631021670583,0.95721036195755,0.2810166478157043,0.0655074641108512,0.9915633797645568
1631021670697,0.95721036195755,0.2810166478157043,0.0655074641108512,0.9915633797645568
1631021670797,0.959625780582428,0.2810166478157043,0.0655074641108512,0.9601186513900756
1631021670873,0.9401633739471436,0.2172478586435318,0.0655074641108512,0.9379674792289734
1631021671009,0.8985174894332886,0.0910496711730957,0.0650444477796554,0.9334130883216858
1631021671113,0.8519468307495117,-0.0868143215775489,0.062503308057785,0.9468722343444824
1631021671201,0.8292847871780396,-0.2714553475379944,0.0633728876709938,0.9685293436050416
1631021671267,0.8292847871780396,-0.3684126138687134,0.070898026227951,0.977864384651184
1631021671392,0.8292847871780396,-0.3684126138687134,0.1451459378004074,0.977864384651184
1631021671502,0.8292847871780396,-0.3684126138687134,0.2045399695634842,0.977864384651184
1631021671626,0.8292847871780396,-0.3684126138687134,0.2790103256702423,0.977864384651184
1631021671719,0.8292847871780396,-0.3684126138687134,0.3532944619655609,0.977864384651184
1631021671830,0.8292847871780396,0.3482965230941772,0.3585589230060577,0.977864384651184
1631021671895,1.0818673372268677,0.3380380272865295,0.341213583946228,1.0710947513580322
1631021672055,1.0582245588302612,0.3055969178676605,0.3128074705600738,1.098328948020935
1631021672116,1.0569218397140503,0.2598375976085663,0.2955318093299866,1.121006727218628
1631021672220,1.064437985420227,0.2190244942903518,0.306067943572998,1.1308749914169312
1631021672314,1.0704697370529177,0.1936530917882919,0.3381214737892151,1.1303070783615112
1631021672429,1.0697259902954102,0.1799784004688263,0.3740973472595215,1.1269351243972778
1631021672508,1.06011700630188,0.169895738363266,0.3984616696834564,1.123075008392334
1631021672586,1.0427120923995972,0.1590695679187774,0.4053884148597717,1.1138033866882324
1631021672679,1.022815465927124,0.1488402932882309,0.3994744420051574,1.0972710847854614
1631021672836,1.006289839744568,0.143126904964447,0.3893669247627258,1.0783056020736694
1631021672914,1.006289839744568,0.14165098965168,0.3890201151371002,1.061767339706421
1631021673037,1.006289839744568,0.121273934841156,0.3966493010520935,1.048051834106445
1631021673150,0.9858983755111694,0.0933652892708778,0.402517557144165,1.0324922800064087
1631021673249,0.9674362540245056,0.0497910566627979,0.3988780081272125,1.0185467004776
1631021673314,0.950339138507843,-0.0064860223792493,0.3879637718200683,1.0019763708114624
1631021673434,0.9467350840568542,-0.0609641000628471,0.3793758749961853,0.9798384308815002
1631021673528,0.9437687993049622,-0.0986774787306785,0.3776271045207977,0.959741711616516
1631021673653,0.9311946630477904,-0.0913245677947998,0.3759831488132477,0.931501567363739
1631021673731,0.9056164622306824,-0.0792663693428039,0.3661120235919952,0.901695728302002
1631021673809,0.878614604473114,-0.0782692655920982,0.3659441769123077,0.8740955591201782
1631021673919,0.8521789908409119,-0.0898969545960426,0.4256006777286529,0.8435892462730408
1631021674075,0.8361925482749939,-0.1072472035884857,0.5510355234146118,0.8057859539985657
1631021674137,0.8392223119735718,-0.1236563995480537,0.555637776851654,0.7722868919372559
1631021674231,0.8577045202255249,-0.1423585712909698,0.5696551203727722,0.7589699625968933
1631021674356,0.8786734342575073,-0.1811058223247528,0.6562456488609314,0.7612301707267761
1631021674436,0.8786734342575073,-0.2604949474334717,0.6825031042098999,0.7621257305145264
1631021674546,0.8786734342575073,-0.3825298547744751,0.6812571883201599,0.7551247477531433
1631021674640,0.8786734342575073,-0.5224619507789612,0.6702982187271118,0.7551247477531433
1631021674733,0.8786734342575073,-0.5224619507789612,0.659393846988678,0.7551247477531433
1631021674836,0.8943947553634644,-0.5224619507789612,0.653058648109436,0.7551247477531433
1631021674945,0.8943947553634644,-0.5224619507789612,0.6500692963600159,0.7551247477531433
1631021675031,0.8943947553634644,-0.5224619507789612,0.647824764251709,0.7551247477531433
1631021675153,0.8943947553634644,-0.5224619507789612,0.6451780200004578,0.7551247477531433
1631021675318,0.8943947553634644,0.1345451027154922,0.6413500905036926,0.7551247477531433
1631021675400,0.8943947553634644,0.1275159865617752,0.6251227855682373,0.7551247477531433
1631021675494,0.9562652111053468,0.1514623910188675,0.5629348158836365,0.4713009595870971
1631021675567,0.9562652111053468,0.1982630640268325,0.4005254209041595,0.4713009595870971
1631021675664,0.9562652111053468,0.1982630640268325,0.4108047783374786,0.4713009595870971
1631021675758,0.9562652111053468,0.1982630640268325,0.4108047783374786,0.4713009595870971
1631021675869,0.9562652111053468,0.1982630640268325,0.2619105875492096,0.4713009595870971
1631021675986,0.9562652111053468,0.1982630640268325,0.1790168136358261,0.4713009595870971
1631021676095,0.9562652111053468,0.1982630640268325,0.1527898907661438,0.4713009595870971
1631021676173,0.9562652111053468,0.1982630640268325,0.155331015586853,0.4713009595870971
1631021676267,0.9562652111053468,0.1982630640268325,0.1759196519851684,0.4713009595870971
1631021676386,0.9562652111053468,0.1982630640268325,0.2072753608226776,0.4713009595870971
1631021676484,0.9562652111053468,0.1970797777175903,0.2435748875141143,0.4713009595870971
1631021676599,0.9562652111053468,0.1990946978330612,0.2820695340633392,0.4713009595870971
1631021676692,0.9562652111053468,0.2208955138921737,0.3246848583221435,0.4713009595870971
1631021676786,0.9562652111053468,0.2208955138921737,0.3735372424125671,0.4713009595870971
1631021676893,0.9562652111053468,0.2208955138921737,0.3735372424125671,0.4713009595870971
1631021676953,0.9562652111053468,0.2208955138921737,0.3735372424125671,0.4713009595870971
1631021677118,0.9562652111053468,0.2208955138921737,0.3735372424125671,0.4713009595870971
1631021677211,0.9562652111053468,0.2208955138921737,0.3735372424125671,0.4713009595870971
1631021677288,0.9562652111053468,0.2208955138921737,0.3735372424125671,0.4713009595870971
1631021677387,0.9562652111053468,0.2208955138921737,0.3735372424125671,0.4713009595870971
1631021677514,0.9562652111053468,0.2208955138921737,0.3735372424125671,0.4713009595870971
1631021677592,0.9562652111053468,0.2208955138921737,0.3735372424125671,0.4713009595870971
1631021677717,0.9562652111053468,0.2208955138921737,0.3735372424125671,0.4713009595870971
1631021677811,0.9562652111053468,0.2208955138921737,0.3735372424125671,0.4713009595870971
1631021677907,0.9562652111053468,0.2208955138921737,0.3735372424125671,0.4713009595870971
1631021678001,0.9562652111053468,0.2208955138921737,0.3735372424125671,0.4713009595870971
1631021678126,0.9562652111053468,0.2208955138921737,0.3735372424125671,0.4713009595870971
1631021678235,0.9562652111053468,0.2208955138921737,0.3735372424125671,0.4713009595870971
1631021678345,0.9562652111053468,0.2208955138921737,0.3735372424125671,0.4713009595870971
1631021678438,0.9562652111053468,0.2208955138921737,0.3735372424125671,0.4713009595870971
1631021678532,0.9562652111053468,0.2208955138921737,0.3735372424125671,0.4713009595870971
1631021678626,0.9562652111053468,0.2208955138921737,0.3735372424125671,0.4713009595870971
1631021678704,0.9562652111053468,0.2208955138921737,0.3735372424125671,0.4713009595870971
1631021678798,0.9562652111053468,0.2208955138921737,0.3735372424125671,0.4713009595870971
1631021678923,0.9562652111053468,0.2208955138921737,0.3735372424125671,0.4713009595870971
1631021679016,0.9562652111053468,0.2208955138921737,0.3735372424125671,0.4713009595870971
1631021679126,0.9562652111053468,0.2208955138921737,0.3735372424125671,0.4713009595870971
1631021679220,0.9562652111053468,0.2208955138921737,0.3735372424125671,0.4713009595870971
1631021679330,0.9562652111053468,0.2208955138921737,0.3735372424125671,0.4713009595870971
1631021679396,0.9562652111053468,0.2208955138921737,0.3735372424125671,0.4713009595870971
1631021679550,0.9562652111053468,0.2208955138921737,0.3735372424125671,0.4713009595870971
1631021679618,0.9562652111053468,0.2208955138921737,0.3735372424125671,0.4713009595870971
1631021679727,0.9562652111053468,0.2208955138921737,0.3735372424125671,0.4713009595870971
1631021679836,0.9562652111053468,0.2208955138921737,0.3735372424125671,0.4713009595870971
1631021679914,0.9562652111053468,0.2208955138921737,0.3735372424125671,0.4713009595870971
1631021680055,0.9562652111053468,0.2208955138921737,0.3735372424125671,0.4713009595870971
1631021680133,0.9562652111053468,0.2208955138921737,0.3735372424125671,0.4713009595870971
1631021680258,0.9562652111053468,0.2208955138921737,0.3735372424125671,0.4713009595870971
1631021680352,0.9562652111053468,0.2208955138921737,0.3735372424125671,0.4713009595870971
1631021680449,0.9562652111053468,0.2208955138921737,0.3735372424125671,0.4713009595870971
1631021680532,0.9562652111053468,0.2208955138921737,0.3735372424125671,0.4713009595870971
1631021680626,0.9562652111053468,0.2208955138921737,0.3735372424125671,0.4713009595870971
1631021680751,0.9562652111053468,0.2208955138921737,0.3735372424125671,0.4713009595870971
1631021680878,0.9562652111053468,0.2208955138921737,0.3735372424125671,0.4713009595870971
1631021680954,0.9562652111053468,0.2208955138921737,0.3735372424125671,0.4713009595870971
1631021681079,0.9562652111053468,0.2208955138921737,0.3735372424125671,0.4713009595870971
1631021681142,0.9562652111053468,0.2208955138921737,0.3735372424125671,0.4713009595870971
1631021681235,0.9562652111053468,0.2208955138921737,0.05279291421175,0.4713009595870971
1631021681392,0.9562652111053468,0.2208955138921737,0.2140446901321411,0.4713009595870971
1631021681470,0.9562652111053468,0.2208955138921737,0.3721246123313904,0.4713009595870971
1631021681563,0.9562652111053468,0.2208955138921737,0.4960355460643768,0.4713009595870971
1631021681641,0.9562652111053468,0.2208955138921737,0.5773329138755798,0.4713009595870971
1631021681766,0.9562652111053468,0.2208955138921737,0.619915246963501,0.4713009595870971
1631021681860,0.9562652111053468,0.2208955138921737,0.6382335424423218,0.4713009595870971
1631021681985,0.9562652111053468,0.2208955138921737,0.6425085663795471,0.4713009595870971
1631021682079,0.9562652111053468,0.2208955138921737,0.6361272931098938,0.4713009595870971
1631021682173,0.9562652111053468,0.2208955138921737,0.6244781613349915,0.4713009595870971
1631021682251,0.9562652111053468,0.2208955138921737,0.6115303039550781,0.4713009595870971
1631021682360,0.9562652111053468,0.2208955138921737,0.6006676554679871,0.4713009595870971
1631021682459,0.9562652111053468,0.2208955138921737,0.620183527469635,0.4713009595870971
1631021682584,0.9562652111053468,0.2208955138921737,0.6455531716346741,0.4713009595870971
1631021682677,0.9562652111053468,-0.4871735870838165,0.6697276830673218,0.4713009595870971
1631021682771,1.25315523147583,-0.4541782140731811,0.6824783086776733,1.318238615989685
1631021682865,1.25315523147583,-0.3596601188182831,0.6753584742546082,1.318238615989685
1631021682958,1.25315523147583,-0.1746701002120971,0.6673319935798645,1.318238615989685
1631021683068,1.25315523147583,0.1538422256708145,0.6440704464912415,1.318238615989685
1631021683177,1.25315523147583,0.5353491306304932,0.6109021306037903,1.318238615989685
1631021683318,1.25315523147583,0.5353491306304932,0.5787985324859619,1.318238615989685
1631021683417,1.25315523147583,0.5353491306304932,0.553176760673523,1.318238615989685
1631021683511,1.25315523147583,0.5353491306304932,0.536015510559082,1.318238615989685
1631021683573,1.25315523147583,0.5353491306304932,0.5330622792243958,1.318238615989685
1631021683667,1.25315523147583,0.5353491306304932,0.5433850884437561,1.318238615989685
1631021683792,1.25315523147583,0.5353491306304932,0.5639092922210693,1.318238615989685
1631021683917,1.25315523147583,0.5792502164840698,0.589016854763031,1.318238615989685
1631021683995,1.25315523147583,0.6328193545341492,0.6030258536338806,1.318238615989685
1631021684073,1.25315523147583,0.6964190006256104,0.6030258536338806,1.318238615989685
1631021684213,1.25315523147583,0.7718972563743591,0.6030258536338806,1.318238615989685
1631021684307,1.25315523147583,0.8620840907096863,0.6030258536338806,1.318238615989685
1631021684419,1.25315523147583,0.8620840907096863,0.6030258536338806,1.318238615989685
1631021684497,1.25315523147583,0.8620840907096863,0.6030258536338806,1.318238615989685
1631021684607,1.25315523147583,0.8620840907096863,0.6030258536338806,1.318238615989685
1631021684669,1.25315523147583,0.8620840907096863,0.6030258536338806,1.318238615989685
1631021684794,1.25315523147583,0.8620840907096863,0.6030258536338806,1.318238615989685
1631021684872,1.25315523147583,0.8620840907096863,0.6030258536338806,1.318238615989685
1631021685028,1.25315523147583,0.8620840907096863,0.6030258536338806,1.318238615989685
1631021685122,1.25315523147583,0.8620840907096863,0.6030258536338806,1.318238615989685
1631021685200,1.25315523147583,0.8620840907096863,0.6030258536338806,1.318238615989685
1631021685325,1.25315523147583,0.8620840907096863,0.6030258536338806,1.318238615989685
1631021685393,1.25315523147583,0.8620840907096863,0.6030258536338806,1.318238615989685
1631021685518,1.25315523147583,0.8620840907096863,0.6030258536338806,1.318238615989685
1631021685643,1.25315523147583,0.8620840907096863,0.6030258536338806,1.318238615989685
1631021685737,1.25315523147583,0.8620840907096863,0.6030258536338806,1.318238615989685
1631021685831,1.25315523147583,0.8620840907096863,1.1214300394058228,1.318238615989685
1631021685909,1.25315523147583,0.8620840907096863,1.0545090436935425,1.318238615989685
1631021686018,1.25315523147583,0.8620840907096863,0.8946107625961304,1.318238615989685
1631021686147,1.25315523147583,0.8620840907096863,0.588319718837738,1.318238615989685
1631021686241,1.25315523147583,0.8620840907096863,0.5485208630561829,1.119037628173828
1631021686351,1.30206561088562,0.8620840907096863,0.5148760676383972,1.1336164474487305
1631021686444,1.259147047996521,0.8620840907096863,0.4879275858402252,1.1168166399002075
1631021686554,1.210610032081604,0.3916604518890381,0.4630109667778015,1.082475662231445
1631021686632,1.1625558137893677,0.4166624546051025,0.4395791888236999,1.0435527563095093
1631021686741,1.1173909902572632,0.4449933171272278,0.4214318096637726,1.010501503944397
1631021686882,1.0763676166534424,0.4634252190589905,0.4100726246833801,0.989428699016571
1631021686975,1.040550947189331,0.4647288620471954,0.4035106301307678,0.9784435033798218
1631021687038,1.013249158859253,0.4498179852962494,0.3989896178245544,0.9692732095718384
1631021687132,0.9985315799713136,0.4244304895401001,0.3936050832271576,0.9554173350334167
1631021687225,0.9961518049240112,0.3959194719791412,0.3884077668190002,0.9374619126319884
1631021687319,0.9993960857391356,0.3691456913948059,0.3494943678379059,0.922636330127716
1631021687462,0.9994644522666932,0.3448291718959808,0.3343152701854706,0.9166542887687684
1631021687556,0.9566948413848876,0.3213545083999634,0.3295819163322449,0.9090232849121094
1631021687649,0.8973373770713806,0.2979008853435516,0.327058732509613,0.8900504112243652
1631021687759,0.8344524502754211,0.2668406367301941,0.3254522383213043,0.8560163378715515
1631021687821,0.7867010831832886,0.2337162643671035,0.3262181878089905,0.8171877861022949
1631021687921,0.7664527297019958,0.2046783715486526,0.3371694684028625,0.79304039478302
1631021688061,0.7683358788490295,0.1840792894363403,0.3655394315719604,0.791583240032196
1631021688186,0.7763698697090149,0.1753699034452438,0.4034438729286194,0.8050808906555176
1631021688249,0.792419970035553,0.183892622590065,0.4326448440551758,0.8211900591850281
1631021688342,0.8136453032493591,0.2068181782960891,0.4435434341430664,0.8269234895706177
1631021688439,0.8373998403549194,0.2386657446622848,0.4444566667079925,0.8251033425331116
1631021688548,0.8574931621551514,0.287649393081665,0.4543480575084686,0.8226881623268127
1631021688705,0.8642420768737793,0.368582159280777,0.486673504114151,0.8293728828430176
1631021688767,0.8495803475379944,0.4662233293056488,0.5338423252105713,0.847291111946106
1631021688861,0.8141399621963501,0.4891720712184906,0.5761454701423645,0.8656598925590515
1631021688970,0.7735305428504944,0.5144280791282654,0.5837700366973877,0.8716883063316345
1631021689064,0.7509639263153076,0.5431953072547913,0.5914489030838013,0.8565000891685486
1631021689173,0.7598461508750916,0.5763683319091797,0.6039036512374878,0.8242290616035461
1631021689283,0.7598461508750916,0.6139838695526123,0.6227147579193115,0.796463131904602
1631021689397,0.7598461508750916,0.8821631073951721,0.6447601914405823,0.7976526021957397
1631021689490,0.7598461508750916,1.108586668968201,0.6630364060401917,0.7976526021957397
1631021689553,0.7598461508750916,1.2628061771392822,0.6711959838867188,0.7976526021957397
1631021689662,0.7598461508750916,1.348781943321228,0.6709951758384705,0.7976526021957397
1631021689771,0.7598461508750916,1.383951187133789,0.67745041847229,0.7976526021957397
1631021689928,0.7598461508750916,1.3906804323196411,0.709743320941925,0.7976526021957397
1631021689990,0.7598461508750916,1.3879510164260864,0.7677501440048218,0.7976526021957397
1631021690084,0.7598461508750916,1.3834278583526611,0.7677501440048218,0.7976526021957397
1631021690178,0.7598461508750916,1.3755474090576172,0.7677501440048218,0.7976526021957397
1631021690303,0.7598461508750916,1.362330198287964,0.7677501440048218,0.7976526021957397
1631021690414,0.7598461508750916,1.324372172355652,0.7677501440048218,0.7976526021957397
1631021690508,0.7598461508750916,1.2892324924468994,0.461009532213211,0.7976526021957397
1631021690617,0.7598461508750916,1.257191777229309,0.432075560092926,0.7976526021957397
1631021690695,0.9823632836341858,1.2281066179275513,0.4036312401294708,0.7976526021957397
1631021690820,0.9699499607086182,1.2015458345413208,0.3821665346622467,1.0335315465927124
1631021690898,0.9665977358818054,1.1353087425231934,0.3655938804149627,1.0165605545043943
1631021690992,0.9674206376075744,1.0096595287322998,0.3470463156700134,0.9969857931137084
1631021691117,0.9694605469703674,0.8153436183929443,0.3300545215606689,0.9838926792144777
1631021691211,0.97188001871109,0.5702053308486938,0.3214931488037109,0.9791077375411988
1631021691320,0.97188001871109,0.3461487293243408,0.3200277090072632,0.9777815937995912
1631021691398,0.97188001871109,0.2247102856636047,0.3176865577697754,0.9737669825553894
1631021691523,0.9977023601531982,0.1750169843435287,0.3094022870063782,0.9684743285179138
1631021691633,1.0165404081344604,0.1310226023197174,0.2989029288291931,0.9668207764625548
1631021691758,1.0243725776672363,0.0758183151483535,0.2824947535991668,0.9701729416847228
1631021691804,1.0306246280670166,0.0365383885800838,0.2583076059818268,0.9820742011070251
1631021691929,1.0201133489608765,0.0508936233818531,0.2314408868551254,1.0065739154815674
1631021692039,1.0231894254684448,0.1090477630496025,0.2169883847236633,1.043411374092102
1631021692132,1.035596489906311,0.1046152412891388,0.2280735522508621,1.0742679834365845
1631021692195,1.050465106964111,0.0936867594718933,0.260427713394165,1.0936460494995115
1631021692351,1.0646482706069946,0.0751812532544136,0.296015977859497,1.09827721118927
1631021692418,1.0690661668777466,0.0552658550441265,0.3202373385429382,1.108302354812622
1631021692511,1.0679025650024414,0.0441004149615764,0.3318654298782348,1.122700333595276
1631021692652,1.0673959255218506,0.0516194403171539,0.3400197625160217,1.13847815990448
1631021692730,1.066852569580078,0.0720152035355568,0.3533120453357696,1.153875470161438
1631021692808,1.056058645248413,0.0920454487204551,0.3727533519268036,1.1704281568527222
1631021692933,1.0486434698104858,0.1132784113287925,0.3933113515377044,1.192511796951294
1631021693058,1.03015398979187,0.1498288661241531,0.408981591463089,1.2210955619812012
1631021693152,1.0113919973373413,0.2047493457794189,0.416613221168518,1.209704041481018
1631021693230,0.9985608458518982,0.243441954255104,0.4201824367046356,1.235745906829834
1631021693308,0.9820402264595032,0.2701396346092224,0.4468866288661957,1.256640911102295
1631021693421,0.9820402264595032,0.2496757805347442,0.5505275130271912,1.257290005683899
1631021693561,0.9820402264595032,0.1351311057806015,0.5656214952468872,1.257290005683899
1631021693655,0.9820402264595032,0.1351311057806015,0.5753198266029358,1.257290005683899
1631021693795,0.9820402264595032,0.1351311057806015,0.5765106678009033,1.257290005683899
1631021693858,0.9820402264595032,0.1351311057806015,0.5739940404891968,1.257290005683899
1631021693952,0.9801098108291626,0.1351311057806015,0.5781440138816833,1.257290005683899
1631021694014,0.9839178919792176,0.1351311057806015,0.5967010259628296,1.257290005683899
1631021694186,0.9852545261383056,0.1351311057806015,0.6229607462882996,1.257290005683899
1631021694280,0.9852545261383056,0.1608822345733642,0.6445596814155579,1.257290005683899
1631021694342,0.9852545261383056,0.1608822345733642,0.6582926511764526,1.257290005683899
1631021694456,0.9852545261383056,0.1608822345733642,0.6750246286392212,1.257290005683899
1631021694550,0.9852545261383056,0.1608822345733642,0.7153192162513733,1.257290005683899
1631021694644,0.9852545261383056,0.1608822345733642,0.7153192162513733,1.257290005683899
1631021694800,0.9852545261383056,0.1608822345733642,0.7153192162513733,1.257290005683899
1631021694894,0.9852545261383056,0.1608822345733642,0.7153192162513733,1.257290005683899
1631021694988,0.9852545261383056,0.1608822345733642,0.7153192162513733,1.257290005683899
1631021695050,0.9852545261383056,0.1608822345733642,0.7153192162513733,1.257290005683899
1631021695147,0.9852545261383056,0.1608822345733642,0.7153192162513733,1.257290005683899
1631021695243,0.9852545261383056,0.1608822345733642,0.7153192162513733,1.257290005683899
1631021695383,0.9852545261383056,0.1608822345733642,0.7153192162513733,1.257290005683899
1631021695495,0.9852545261383056,0.1608822345733642,0.7153192162513733,1.257290005683899
1631021695604,0.9852545261383056,0.1608822345733642,0.7153192162513733,1.257290005683899
1631021695667,0.9852545261383056,0.1608822345733642,0.7153192162513733,1.257290005683899
1631021695791,0.9852545261383056,0.1608822345733642,0.7153192162513733,1.257290005683899
1631021695854,0.9852545261383056,0.1608822345733642,0.7153192162513733,1.257290005683899
1631021695979,0.9852545261383056,0.1608822345733642,0.7153192162513733,1.257290005683899
1631021696073,0.9852545261383056,0.1608822345733642,0.7153192162513733,1.257290005683899
1631021696198,0.9852545261383056,0.1608822345733642,0.7153192162513733,1.257290005683899
1631021696276,0.9852545261383056,0.1608822345733642,0.7153192162513733,1.257290005683899
1631021696374,0.9852545261383056,0.1608822345733642,0.7153192162513733,1.257290005683899
1631021696450,0.9852545261383056,0.1608822345733642,0.7153192162513733,1.257290005683899
1631021696637,0.9852545261383056,0.1608822345733642,0.7153192162513733,1.257290005683899
1631021696700,0.9852545261383056,0.1608822345733642,0.7153192162513733,1.257290005683899
1631021696809,0.9852545261383056,0.1608822345733642,0.7153192162513733,1.257290005683899
1631021696903,0.9852545261383056,0.1608822345733642,0.7153192162513733,1.257290005683899
1631021696997,0.9852545261383056,0.1608822345733642,0.7153192162513733,1.257290005683899
1631021697075,0.9852545261383056,0.1608822345733642,0.7153192162513733,1.257290005683899
1631021697233,0.9852545261383056,0.1608822345733642,0.7153192162513733,1.257290005683899
1631021697296,0.9852545261383056,0.1608822345733642,0.7153192162513733,1.257290005683899
1631021697390,0.9852545261383056,0.1608822345733642,0.7153192162513733,1.257290005683899
1631021697483,0.9852545261383056,0.1608822345733642,0.7153192162513733,1.257290005683899
1631021697577,0.9852545261383056,-0.0336352549493312,0.7153192162513733,1.0186126232147217
1631021697691,0.8922529816627502,-0.0171280726790428,0.0303502976894378,1.0582739114761353
1631021697824,0.9173959493637084,-0.0214120224118232,0.003756797639653,1.0673905611038208
1631021697934,0.9646933674812316,-0.0368641354143619,0.0009696839260868,1.0585495233535769
1631021698012,1.0102232694625854,-0.0530630387365818,0.0210199896246194,1.0447261333465576
1631021698137,1.0102232694625854,-0.0530630387365818,0.0210199896246194,1.0447261333465576
1631021698205,1.0102232694625854,-0.0530630387365818,0.0210199896246194,1.0447261333465576
1631021698361,1.0102232694625854,-0.0530630387365818,0.0210199896246194,1.0447261333465576
1631021698453,1.0102232694625854,-0.0530630387365818,0.0210199896246194,1.0447261333465576
1631021698541,1.0102232694625854,-0.0530630387365818,0.0210199896246194,1.0447261333465576
1631021698687,1.0102232694625854,-0.0530630387365818,0.0210199896246194,1.0447261333465576
1631021698784,1.0102232694625854,-0.0530630387365818,0.0210199896246194,1.0447261333465576
1631021698844,1.0102232694625854,-0.0381770655512809,0.0210199896246194,1.0706785917282104
1631021698892,1.0174089670181274,-0.0303804688155651,0.0085778422653675,1.0914243459701538
1631021699045,1.0393412113189695,-0.0408489853143692,-0.0098322769626975,1.0940364599227903
1631021699137,1.0782535076141355,-0.0734007656574249,-0.0163842029869556,1.0693581104278564
1631021699294,1.0782535076141355,-0.0734007656574249,-0.0163842029869556,1.0693581104278564
1631021699325,1.0782535076141355,-0.0734007656574249,-0.0163842029869556,1.0693581104278564
1631021699419,1.0782535076141355,-0.0734007656574249,-0.0163842029869556,1.0693581104278564
1631021699513,1.0782535076141355,-0.0734007656574249,-0.0163842029869556,1.0693581104278564
1631021699654,1.0782535076141355,-0.2899909615516662,-0.4027273654937744,1.2131261825561523
1631021699748,1.0782535076141355,-0.1925510466098785,-0.2523540556430816,1.2131261825561523
1631021699872,1.0782535076141355,-0.1925510466098785,-0.2523540556430816,1.2131261825561523
1631021699958,1.0782535076141355,-0.1925510466098785,-0.2523540556430816,1.2131261825561523
1631021700057,1.0782535076141355,-0.1925510466098785,-0.2523540556430816,1.2131261825561523
1631021700148,1.0782535076141355,-0.1925510466098785,-0.2523540556430816,1.2131261825561523
1631021700269,1.0782535076141355,-0.1925510466098785,-0.2523540556430816,1.2131261825561523
1631021700332,1.0782535076141355,-0.1925510466098785,-0.2523540556430816,1.2131261825561523
1631021700441,1.0782535076141355,-0.1925510466098785,-0.2523540556430816,1.2131261825561523
1631021700535,1.0782535076141355,-0.1925510466098785,-0.2523540556430816,1.2131261825561523
1631021700644,1.0782535076141355,-0.1925510466098785,-0.2523540556430816,1.2131261825561523
1631021700722,1.0782535076141355,-0.1925510466098785,-0.2523540556430816,1.2131261825561523
1631021700894,1.0782535076141355,-0.1413689851760864,-0.1772588342428207,1.2131261825561523
1631021700957,1.0782535076141355,-0.1413689851760864,-0.1772588342428207,1.2131261825561523
1631021701066,1.0782535076141355,-0.1413689851760864,-0.1772588342428207,1.2131261825561523
1631021701160,1.0782535076141355,-0.1413689851760864,-0.1772588342428207,1.2131261825561523
1631021701254,1.0782535076141355,-0.1413689851760864,-0.1772588342428207,1.2131261825561523
1631021701363,1.0782535076141355,-0.1413689851760864,-0.1772588342428207,1.2131261825561523
1631021701519,1.0782535076141355,-0.1413689851760864,-0.1772588342428207,1.2131261825561523
1631021701566,1.0782535076141355,-0.1413689851760864,-0.1772588342428207,1.2131261825561523
1631021701660,1.0782535076141355,-0.1413689851760864,-0.1772588342428207,1.2131261825561523
1631021701769,1.0782535076141355,-0.1413689851760864,-0.1772588342428207,1.2131261825561523
1631021701879,1.0782535076141355,-0.1413689851760864,-0.1772588342428207,1.2131261825561523
1631021701941,1.0782535076141355,-0.1413689851760864,-0.1772588342428207,1.2131261825561523
1631021702097,1.0782535076141355,-0.1413689851760864,-0.1772588342428207,1.2131261825561523
1631021702191,1.0782535076141355,-0.1413689851760864,-0.1772588342428207,1.2131261825561523
1631021702269,1.0782535076141355,-0.1413689851760864,-0.1772588342428207,1.2131261825561523
1631021702347,1.0782535076141355,-0.1413689851760864,-0.1772588342428207,1.2131261825561523
1631021702472,1.0782535076141355,-0.1413689851760864,-0.1772588342428207,1.2131261825561523
1631021702565,1.0782535076141355,-0.1413689851760864,-0.1772588342428207,1.2131261825561523
1631021702706,1.0782535076141355,-0.1413689851760864,-0.1772588342428207,1.2131261825561523
1631021702800,1.0782535076141355,-0.1413689851760864,-0.1772588342428207,1.2131261825561523
1631021702878,1.0782535076141355,-0.1413689851760864,-0.1772588342428207,1.2131261825561523
1631021703000,1.0782535076141355,-0.1413689851760864,-0.1772588342428207,1.2131261825561523
1631021703062,1.0782535076141355,-0.1413689851760864,-0.1772588342428207,1.2131261825561523
1631021703203,1.0782535076141355,-0.1413689851760864,-0.1772588342428207,1.2131261825561523
1631021703328,1.0782535076141355,-0.1413689851760864,-0.1772588342428207,1.2131261825561523
1631021703375,1.0782535076141355,-0.1413689851760864,-0.1772588342428207,1.2131261825561523
1631021703515,1.0782535076141355,-0.1413689851760864,-0.1772588342428207,1.2131261825561523
1631021703593,1.0782535076141355,-0.1413689851760864,-0.1772588342428207,1.2131261825561523
1631021703687,1.0782535076141355,-0.1413689851760864,-0.1772588342428207,1.2131261825561523
1631021703796,1.0782535076141355,-0.1413689851760864,-0.1772588342428207,1.2131261825561523
1631021703937,1.0782535076141355,-0.1413689851760864,-0.1772588342428207,1.2131261825561523
1631021704031,1.0782535076141355,-0.1413689851760864,-0.1772588342428207,1.2131261825561523
1631021704109,1.0782535076141355,-0.1413689851760864,-0.1772588342428207,1.2131261825561523
1631021704202,1.0782535076141355,-0.1413689851760864,-0.1772588342428207,1.2131261825561523
1631021704296,1.0782535076141355,-0.1413689851760864,-0.1772588342428207,1.2131261825561523
1631021704416,1.0782535076141355,-0.1413689851760864,-0.1772588342428207,1.2131261825561523
1631021704525,1.0782535076141355,-0.1413689851760864,-0.1772588342428207,1.2131261825561523
1631021704619,1.0782535076141355,-0.1413689851760864,-0.1772588342428207,1.2131261825561523
1631021704728,1.0782535076141355,-0.1413689851760864,-0.1772588342428207,1.2131261825561523
1631021704791,1.0782535076141355,-0.1413689851760864,-0.1772588342428207,1.2131261825561523
1631021704885,1.0782535076141355,-0.1413689851760864,-0.1772588342428207,1.2131261825561523
1631021704994,1.0782535076141355,-0.1413689851760864,-0.1772588342428207,1.2131261825561523
1631021705119,1.0782535076141355,-0.1413689851760864,-0.1772588342428207,1.2131261825561523
1631021705228,1.0782535076141355,-0.1413689851760864,-0.1772588342428207,1.2131261825561523
1631021705377,1.0782535076141355,-0.1413689851760864,-0.1772588342428207,1.2131261825561523
1631021705420,1.0782535076141355,-0.1413689851760864,-0.1772588342428207,1.2131261825561523
1631021705545,1.0782535076141355,-0.1413689851760864,-0.1772588342428207,1.2131261825561523
1631021705592,1.0782535076141355,-0.1413689851760864,-0.1772588342428207,1.2131261825561523
1631021705748,1.0782535076141355,-0.1413689851760864,-0.1772588342428207,1.2131261825561523
1631021705857,1.0782535076141355,-0.1413689851760864,-0.1772588342428207,1.2131261825561523
1631021705967,1.0782535076141355,-0.1413689851760864,-0.1772588342428207,1.2131261825561523
1631021706030,1.0782535076141355,-0.1413689851760864,0.775671660900116,1.2131261825561523
1631021706123,1.0782535076141355,-0.1413689851760864,0.775671660900116,1.2131261825561523
1631021706217,1.0782535076141355,-0.1413689851760864,0.775671660900116,1.2131261825561523
1631021706385,1.0782535076141355,-0.1413689851760864,0.775671660900116,1.2131261825561523
1631021706471,1.0782535076141355,-0.1413689851760864,0.775671660900116,1.2131261825561523
1631021706559,1.0782535076141355,-0.1413689851760864,0.775671660900116,1.2131261825561523
1631021706619,1.0782535076141355,-0.1413689851760864,0.775671660900116,1.2131261825561523
1631021706728,1.0782535076141355,-0.1413689851760864,0.775671660900116,1.2131261825561523
1631021706806,1.0782535076141355,-0.1413689851760864,0.775671660900116,1.2131261825561523
1631021706978,1.0782535076141355,-0.1413689851760864,0.775671660900116,1.2131261825561523
1631021707072,1.0782535076141355,-0.1413689851760864,0.775671660900116,1.2131261825561523
1631021707165,1.0782535076141355,-0.1413689851760864,0.775671660900116,1.2131261825561523
1631021707259,1.0782535076141355,-0.1413689851760864,0.775671660900116,1.2131261825561523
1631021707353,1.0782535076141355,-0.1413689851760864,0.775671660900116,1.2131261825561523
1631021707446,1.0782535076141355,-0.1413689851760864,0.775671660900116,1.2131261825561523
1631021707571,1.0782535076141355,-0.1413689851760864,0.775671660900116,1.2131261825561523
1631021707665,1.0782535076141355,-0.1413689851760864,0.775671660900116,1.2131261825561523
1631021707759,1.0782535076141355,-0.1413689851760864,0.775671660900116,1.2131261825561523
1631021707868,1.0782535076141355,0.9105591177940368,0.775671660900116,1.2131261825561523
1631021707946,1.0782535076141355,0.8232549428939819,0.775671660900116,1.2131261825561523
1631021708071,1.0782535076141355,0.752832293510437,0.775671660900116,1.2131261825561523
1631021708181,1.0782535076141355,0.6948104500770569,0.3025216460227966,1.2131261825561523
1631021708306,1.0782535076141355,0.6477640867233276,0.5923956036567688,1.2131261825561523
1631021708387,1.0782535076141355,0.6142278909683228,0.8903764486312866,1.2131261825561523
1631021708481,1.0782535076141355,0.6142278909683228,1.1148601770401,1.2131261825561523
1631021708543,1.0782535076141355,0.6142278909683228,1.1148601770401,1.2131261825561523
1631021708684,1.0782535076141355,0.6142278909683228,1.1148601770401,1.2131261825561523
1631021708793,1.0782535076141355,0.6142278909683228,1.1148601770401,1.2131261825561523
1631021708902,1.0782535076141355,0.6142278909683228,1.1148601770401,1.2131261825561523
1631021708996,1.0782535076141355,0.6142278909683228,1.1148601770401,1.2131261825561523
1631021709074,1.0782535076141355,0.4127387404441833,1.1148601770401,1.2131261825561523
1631021709152,1.0782535076141355,0.1685772538185119,1.1148601770401,1.2131261825561523
1631021709262,1.0782535076141355,-0.0078198695555329,1.1148601770401,1.2131261825561523
1631021709390,1.0782535076141355,-0.0488770194351673,1.1782933473587036,1.2131261825561523
1631021709484,1.0782535076141355,-0.0292226746678352,1.251983404159546,1.2131261825561523
1631021709577,1.0782535076141355,-0.0292226746678352,1.3390560150146484,1.2131261825561523
1631021709687,1.0782535076141355,-0.0292226746678352,1.3390560150146484,1.2131261825561523
1631021709781,1.0782535076141355,-0.0292226746678352,1.3390560150146484,1.2131261825561523
1631021709874,1.0782535076141355,-0.0292226746678352,1.3390560150146484,1.2131261825561523
1631021709999,1.0782535076141355,-0.0292226746678352,1.3390560150146484,1.2131261825561523
1631021710140,1.0782535076141355,-0.0292226746678352,1.3390560150146484,1.2131261825561523
1631021710202,1.0782535076141355,-0.0292226746678352,1.3390560150146484,1.2131261825561523
1631021710327,1.0782535076141355,-0.0292226746678352,1.3390560150146484,1.2131261825561523
1631021710425,1.0782535076141355,-0.0292226746678352,0.5023371577262878,0.9568431973457336
1631021710487,1.0782535076141355,-0.0292226746678352,0.4700245261192322,0.9568431973457336
1631021710612,1.0782535076141355,-0.0292226746678352,0.4474794566631317,0.9568431973457336
1631021710722,1.0782535076141355,-0.0292226746678352,0.4333111941814422,0.9568431973457336
1631021710800,1.0782535076141355,-0.0292226746678352,0.4348156750202179,0.9568431973457336
1631021710909,1.0782535076141355,-0.0292226746678352,0.446404367685318,0.9568431973457336
1631021711018,1.0782535076141355,-0.0292226746678352,0.4558300673961639,0.9568431973457336
1631021711097,1.0782535076141355,-0.0292226746678352,0.4558300673961639,0.9568431973457336
1631021711221,1.0782535076141355,-0.0292226746678352,0.4558300673961639,0.9568431973457336
1631021711346,1.0782535076141355,-0.0292226746678352,0.4331949949264526,0.9568431973457336
1631021711425,1.0782535076141355,-0.0292226746678352,0.4108060598373413,0.9568431973457336
1631021711518,1.0782535076141355,-0.0292226746678352,0.3914059996604919,0.9568431973457336
1631021711628,1.0782535076141355,-0.0292226746678352,0.3299699127674103,0.9568431973457336
1631021711690,1.0782535076141355,-0.0292226746678352,0.3050774037837982,0.9568431973457336
1631021711831,1.0782535076141355,-0.0292226746678352,0.2973470389842987,0.9568431973457336
1631021711987,1.0782535076141355,-0.0292226746678352,0.2898678779602051,0.9568431973457336
1631021712049,1.0782535076141355,-0.0292226746678352,0.2867615222930908,0.9568431973457336
1631021712130,1.0782535076141355,0.2145142555236816,0.3022093176841736,0.9568431973457336
1631021712225,1.2868024110794067,0.2500184178352356,0.3377675116062164,0.9568431973457336
1631021712304,1.3376381397247314,0.2563773393630981,0.372611790895462,0.6593824625015259
1631021712429,1.3484203815460205,0.2410079091787338,0.3921507000923157,0.7079991698265076
1631021712569,1.339047074317932,0.2155527621507644,0.3958920538425445,0.7079991698265076
1631021712663,1.329066276550293,0.2007607966661453,0.4001761078834533,0.7079991698265076
1631021712741,1.3300718069076538,0.2221466600894928,0.4034588634967804,0.7079991698265076
1631021712803,1.3432575464248655,0.2780695259571075,0.4301941394805908,0.7079991698265076
1631021712923,1.3577991724014282,0.3381215333938598,0.4732154011726379,0.7079991698265076
1631021713048,1.362803339958191,0.3767262697219848,0.5254935622215271,0.7079991698265076
1631021713141,1.3554623126983645,0.3890699446201324,0.57323157787323,0.7079991698265076
1631021713251,1.3406473398208618,0.3851743638515472,0.6073635816574097,0.7079991698265076
1631021713345,1.3240818977355957,0.3878116309642792,0.6272826790809631,0.7079991698265076
1631021713442,1.3268977403640747,0.3911241292953491,0.6369401812553406,0.7079991698265076
1631021713520,1.3204097747802734,0.3872299492359161,0.6390867829322815,0.6748436093330383
1631021713661,1.2993888854980469,0.3751658797264099,0.6320176720619202,0.6524040699005127
1631021713754,1.2669259309768677,0.3618606925010681,0.6143505573272705,0.6207200884819031
1631021713832,1.232531189918518,0.3540682196617126,0.5896515846252441,0.5785537958145142
1631021713926,1.203812837600708,0.3509388864040375,0.5672935843467712,0.5667698979377747
1631021714051,1.1810773611068726,0.3481151163578033,0.5584474802017212,0.68117755651474
1631021714160,1.156597375869751,0.3383664488792419,0.5644763112068176,0.7705274820327759
1631021714285,1.1211485862731934,0.3100425601005554,0.5758278965950012,0.8200610876083374
1631021714383,1.0699260234832764,0.2540654838085174,0.5815166234970093,0.8375868201255798
1631021714460,1.011608362197876,0.1759245693683624,0.5767528414726257,0.840864360332489
1631021714570,0.966709852218628,0.1047340780496597,0.5659036040306091,0.8430925011634827
1631021714663,0.9493919014930724,0.072033017873764,0.5566450357437134,0.8446813225746155
1631021714741,0.950796604156494,0.0747931972146034,0.5529194474220276,0.8409326076507568
1631021714882,0.9523994326591492,0.0826456844806671,0.556210994720459,0.8310681581497192
1631021715007,0.9444918632507324,0.0818315744400024,0.5692113041877747,0.8197439312934875
1631021715070,0.943701982498169,0.0934676975011825,0.5923268795013428,0.8382843732833862
1631021715163,0.9399896264076232,0.1884593963623047,0.6309808492660522,0.8596002459526062
1631021715273,0.9320282936096193,0.412461519241333,0.7024890184402466,0.8813907504081726
1631021715366,0.9240861535072328,0.4273591339588165,0.8061113357543945,0.8999546766281128
1631021715507,0.9227949380874634,0.4463346600532532,0.8275352120399475,0.9063700437545776
1631021715585,0.9320989847183228,0.4722760021686554,0.8476996421813965,0.8924027681350708
1631021715679,0.9517369270324708,0.5050901174545288,0.8650773763656616,0.858660876750946
1631021715772,0.9788243770599364,0.5424549579620361,0.8989827036857605,0.8193811774253845
1631021715866,1.0054049491882324,0.5821296572685242,0.9230468273162842,0.7915249466896057
1631021715960,1.021967887878418,0.6225536465644836,0.94818514585495,0.7741471529006958
1631021716101,1.0187348127365112,0.6618927717208862,0.9718500971794128,0.7739453315734863
1631021716226,1.0187348127365112,0.7015514969825745,0.9921934604644777,0.7831196784973145
1631021716288,1.0187348127365112,0.747327983379364,1.0092726945877075,0.7974653244018555
1631021716419,1.0187348127365112,0.8122269511222839,1.0205559730529783,0.8123104572296143
1631021716497,1.0187348127365112,0.8122269511222839,1.0220752954483032,0.8130982518196106
1631021716591,1.0187348127365112,0.8122269511222839,1.0139000415802002,0.7699626088142395
1631021716716,1.0187348127365112,0.8122269511222839,0.9958484172821044,0.7262689471244812
1631021716794,1.0187348127365112,0.8122269511222839,0.9553143382072448,0.6856989860534668
1631021716935,0.4637570977210998,0.8122269511222839,0.8701745271682739,0.6478710174560547
1631021716997,0.4527730643749237,0.8122269511222839,0.8468068242073059,0.6105267405509949
1631021717091,0.4527730643749237,0.8122269511222839,0.8218727111816406,0.6105267405509949
1631021717190,0.4527730643749237,0.8122269511222839,0.7961093187332153,0.6105267405509949
1631021717330,0.4527730643749237,0.8122269511222839,0.7473390102386475,0.6105267405509949
1631021717408,0.4527730643749237,0.8122269511222839,0.7193294763565063,0.6105267405509949
1631021717564,0.4527730643749237,0.8122269511222839,0.7344526052474976,0.6105267405509949
1631021717627,0.4527730643749237,0.8122269511222839,0.6989665031433105,0.5705034732818604
1631021717705,0.4527730643749237,0.8122269511222839,0.6535261273384094,0.504614531993866
1631021717799,0.4527730643749237,0.8122269511222839,0.6028841733932495,0.4182403683662414
1631021717924,0.4527730643749237,0.8122269511222839,0.5611851811408997,0.318531185388565
1631021718002,0.4527730643749237,0.8122269511222839,0.5444400310516357,0.2187259942293167
1631021718111,0.4508756399154663,0.8122269511222839,0.5531041622161865,0.1351237446069717
1631021718208,0.4508756399154663,0.8122269511222839,0.571618914604187,0.1351237446069717
1631021718348,0.4508756399154663,0.8122269511222839,0.588070809841156,0.1351237446069717
1631021718395,0.4508756399154663,0.8122269511222839,0.6069693565368652,0.1351237446069717
1631021718536,0.4508756399154663,0.8122269511222839,0.6416142582893372,0.1351237446069717
1631021718661,0.4508756399154663,0.8122269511222839,0.7069104313850403,0.1351237446069717
1631021718739,0.4508756399154663,0.8122269511222839,0.7069104313850403,0.1351237446069717
1631021718817,0.4508756399154663,0.8122269511222839,0.7069104313850403,0.1351237446069717
1631021718911,0.4508756399154663,0.8122269511222839,0.7069104313850403,0.1351237446069717
1631021719036,0.4508756399154663,0.8122269511222839,0.7069104313850403,0.1351237446069717
1631021719147,0.4508756399154663,0.8122269511222839,0.7069104313850403,0.1351237446069717
1631021719241,0.4508756399154663,0.8122269511222839,0.7069104313850403,0.1351237446069717
1631021719335,0.4508756399154663,0.8122269511222839,0.7069104313850403,0.1351237446069717
1631021719460,0.4508756399154663,0.8122269511222839,0.7069104313850403,0.1351237446069717
1631021719538,0.4508756399154663,0.8122269511222839,0.7069104313850403,0.1351237446069717
1631021719616,0.4508756399154663,0.8122269511222839,0.7069104313850403,0.1351237446069717
1631021719757,0.4508756399154663,0.8122269511222839,0.7069104313850403,0.1351237446069717
1631021719850,0.4508756399154663,0.8122269511222839,0.7069104313850403,0.1351237446069717
1631021719960,0.4508756399154663,0.8122269511222839,0.7069104313850403,0.1351237446069717
1631021720038,0.4508756399154663,0.8122269511222839,0.4582596123218536,0.1351237446069717
1631021720178,0.4508756399154663,0.8122269511222839,0.4582596123218536,0.1351237446069717
1631021720303,0.4508756399154663,0.3710352182388305,0.4582596123218536,0.1351237446069717
1631021720385,0.4508756399154663,0.3504232466220855,0.4582596123218536,0.1351237446069717
1631021720481,0.4508756399154663,0.3273379206657409,0.4582596123218536,0.1351237446069717
1631021720559,0.4508756399154663,0.3273379206657409,0.4582596123218536,0.1351237446069717
1631021720669,0.4508756399154663,0.3273379206657409,0.4582596123218536,0.1351237446069717
1631021720778,0.4508756399154663,0.3273379206657409,0.4582596123218536,0.1351237446069717
1631021720887,0.4508756399154663,0.3273379206657409,0.4582596123218536,0.1351237446069717
1631021720981,0.4508756399154663,0.3273379206657409,0.4582596123218536,0.1351237446069717
1631021721090,0.4508756399154663,0.3273379206657409,0.4582596123218536,0.1351237446069717
1631021721169,0.4508756399154663,0.3273379206657409,0.4582596123218536,0.1351237446069717
1631021721262,0.4508756399154663,0.3273379206657409,0.4582596123218536,0.1351237446069717
1631021721381,0.4508756399154663,0.3273379206657409,0.4582596123218536,0.1351237446069717
1631021721454,0.4508756399154663,0.2953713536262512,0.4582596123218536,0.1351237446069717
1631021721594,0.4508756399154663,0.2621324956417084,0.4582596123218536,0.1351237446069717
1631021721704,0.4508756399154663,0.2621324956417084,0.4582596123218536,0.1351237446069717
1631021721766,0.4508756399154663,0.2621324956417084,0.4582596123218536,0.1351237446069717
1631021721875,0.4508756399154663,0.2621324956417084,0.4582596123218536,0.1351237446069717
1631021721969,0.4508756399154663,0.2621324956417084,0.4582596123218536,0.1351237446069717
1631021722079,0.4508756399154663,0.2621324956417084,0.4582596123218536,0.1351237446069717
1631021722188,0.4508756399154663,0.2621324956417084,0.4582596123218536,0.1351237446069717
1631021722282,0.4508756399154663,0.2621324956417084,0.4582596123218536,0.1351237446069717
1631021722394,0.4508756399154663,0.2621324956417084,0.4582596123218536,0.1351237446069717
1631021722487,0.4508756399154663,0.2621324956417084,0.4582596123218536,0.1351237446069717
1631021722581,0.4508756399154663,0.2621324956417084,0.4582596123218536,0.1351237446069717
1631021722675,0.4508756399154663,0.2621324956417084,0.4582596123218536,0.1351237446069717
1631021722800,0.4508756399154663,0.2621324956417084,0.4582596123218536,0.1351237446069717
1631021722925,0.4508756399154663,0.2621324956417084,0.4582596123218536,0.1351237446069717
1631021722972,0.4508756399154663,0.2621324956417084,0.4582596123218536,0.1351237446069717
1631021723081,0.4508756399154663,0.2621324956417084,0.4582596123218536,0.1351237446069717
1631021723190,0.4508756399154663,0.2621324956417084,0.4582596123218536,0.1351237446069717
1631021723268,0.4508756399154663,0.2621324956417084,0.4582596123218536,0.1351237446069717
1631021723415,0.4508756399154663,0.2621324956417084,0.4582596123218536,0.1351237446069717
1631021723509,0.4508756399154663,0.2621324956417084,0.4582596123218536,0.1351237446069717
1631021723603,0.4508756399154663,0.2621324956417084,0.4582596123218536,0.1351237446069717
1631021723696,0.4508756399154663,0.2621324956417084,0.4582596123218536,0.1351237446069717
1631021723806,0.4508756399154663,0.2621324956417084,0.4582596123218536,0.1351237446069717
1631021723884,0.4508756399154663,0.2621324956417084,0.4582596123218536,0.1351237446069717
1631021724009,0.4508756399154663,0.2621324956417084,0.4582596123218536,0.1351237446069717
1631021724134,0.4508756399154663,0.2621324956417084,0.4582596123218536,0.1351237446069717
1631021724227,0.4508756399154663,0.2621324956417084,0.4582596123218536,0.1351237446069717
1631021724306,0.4508756399154663,0.2621324956417084,0.4582596123218536,0.1351237446069717
1631021724386,0.4508756399154663,0.2621324956417084,0.4582596123218536,0.1351237446069717
1631021724511,0.4508756399154663,0.2621324956417084,0.4582596123218536,0.1351237446069717
1631021724636,0.4508756399154663,0.2621324956417084,0.4582596123218536,0.1351237446069717
1631021724715,0.4508756399154663,0.2621324956417084,0.4582596123218536,0.1351237446069717
1631021724871,0.4508756399154663,0.150064155459404,0.3262570202350616,0.1351237446069717
1631021724933,0.4508756399154663,0.1899258196353912,0.6930782794952393,0.1351237446069717
1631021725011,0.4508756399154663,0.2778441309928894,0.9302554726600648,0.1351237446069717
1631021725121,0.4508756399154663,0.3686452805995941,1.0613374710083008,0.1351237446069717
1631021725230,0.4508756399154663,0.4230868518352508,1.0613374710083008,0.1351237446069717
1631021725324,0.4508756399154663,0.4356765449047088,1.0613374710083008,0.1351237446069717
1631021725426,0.4508756399154663,0.4172901213169098,1.0613374710083008,0.1351237446069717
1631021725520,0.4508756399154663,0.385692834854126,1.0613374710083008,0.1351237446069717
1631021725614,0.4508756399154663,0.3534334301948547,1.0613374710083008,0.1351237446069717
1631021725707,0.4508756399154663,0.3294998407363891,1.01627516746521,0.1351237446069717
1631021725879,0.4508756399154663,0.3216521441936493,0.977635145187378,0.1351237446069717
1631021725941,0.4508756399154663,0.3285518884658813,0.9431816935539246,0.1351237446069717
1631021726019,0.4508756399154663,0.3416163623332977,0.950953483581543,0.1351237446069717
1631021726148,0.4508756399154663,0.3522575199604034,0.9559090733528136,0.1351237446069717
1631021726226,0.4508756399154663,0.3641842305660248,0.9524753093719482,0.1351237446069717
1631021726351,0.4508756399154663,0.3787561058998108,0.9236416816711426,0.1351237446069717
1631021726460,0.4508756399154663,0.384172648191452,0.8762954473495483,0.1351237446069717
1631021726569,0.4508756399154663,0.3593405485153198,0.712406575679779,0.1351237446069717
1631021726679,0.4508756399154663,0.2901510298252105,0.2244438976049423,0.1351237446069717
1631021726741,0.4508756399154663,0.1871353536844253,0.2244438976049423,0.1351237446069717
1631021726882,0.4508756399154663,0.0922622233629226,0.2244438976049423,0.1351237446069717
1631021726975,0.4508756399154663,0.0662220492959022,0.2244438976049423,0.1351237446069717
1631021727054,0.4508756399154663,0.1162214651703834,0.2244438976049423,0.1351237446069717
1631021727194,0.4508756399154663,0.1162214651703834,0.2244438976049423,0.1351237446069717
1631021727272,0.4508756399154663,0.1162214651703834,0.1903482973575592,0.1351237446069717
1631021727335,0.4508756399154663,0.1162214651703834,0.1381537616252899,0.1351237446069717
1631021727477,0.4508756399154663,0.1162214651703834,0.0624362006783485,0.1351237446069717
1631021727555,0.4508756399154663,0.1162214651703834,0.0624362006783485,0.1351237446069717
1631021727696,0.4508756399154663,0.1162214651703834,0.0624362006783485,0.1351237446069717
1631021727759,0.4508756399154663,0.1162214651703834,0.0624362006783485,0.1351237446069717
1631021727853,0.4508756399154663,0.1162214651703834,0.0624362006783485,0.1351237446069717
1631021727962,0.4508756399154663,0.1162214651703834,0.0624362006783485,0.1351237446069717
1631021728055,0.4508756399154663,0.1162214651703834,0.0624362006783485,0.1351237446069717
1631021728149,0.4508756399154663,0.1162214651703834,0.0624362006783485,0.1351237446069717
1631021728321,0.4508756399154663,0.1162214651703834,0.0624362006783485,0.1351237446069717
1631021728386,0.4508756399154663,0.1162214651703834,0.0624362006783485,0.1351237446069717
1631021728480,0.4508756399154663,0.1162214651703834,0.0624362006783485,0.1351237446069717
1631021728574,0.4508756399154663,0.1162214651703834,0.0624362006783485,0.1351237446069717
1631021728683,0.4508756399154663,0.1162214651703834,-0.2989672124385834,0.1351237446069717
1631021728746,0.4508756399154663,0.283396303653717,-0.2972321510314941,0.1351237446069717
1631021728917,0.8474153876304626,0.2728481590747833,-0.2753966450691223,0.1351237446069717
1631021728964,0.9590770602226256,0.3095656037330627,-0.2328194826841354,0.1351237446069717
1631021729120,0.9590770602226256,0.352088987827301,-0.1844045370817184,0.1351237446069717
1631021729198,0.9590770602226256,0.376522421836853,-0.142739251255989,0.1351237446069717
1631021729292,0.9590770602226256,0.3968973159790039,-0.1178534626960754,0.1351237446069717
1631021729381,0.9590770602226256,0.4665426611900329,-0.1049628630280494,0.1351237446069717
1631021729513,0.9590770602226256,0.6060156226158142,-0.0876509249210357,0.1351237446069717
1631021729607,0.9590770602226256,0.7550950050354004,-0.0505675710737705,0.1351237446069717
1631021729685,0.9590770602226256,0.862831175327301,0.0008464238489978,0.1351237446069717
1631021729826,0.9590770602226256,0.9161758422851562,0.0473317764699459,0.1351237446069717
1631021729920,0.9590770602226256,0.9260733723640442,0.0915503948926925,0.6694573163986206
1631021729982,0.9590770602226256,0.929490089416504,0.1645246744155883,0.637589693069458
1631021730107,1.007412075996399,0.9342467188835144,0.2956430613994598,0.629845142364502
1631021730248,1.007412075996399,0.948300838470459,0.319539725780487,0.5998830795288086
1631021730326,1.007412075996399,0.9678801894187928,0.3440403342247009,0.5417982935905457
1631021730407,1.007412075996399,0.9842945337295532,0.3686940968036651,0.7114391326904297
1631021730485,1.007412075996399,0.9941293597221376,0.3921123743057251,0.9128130078315736
1631021730579,1.007412075996399,0.9993840456008912,0.4149143993854522,1.071207046508789
1631021730719,1.007412075996399,1.019698977470398,0.4393284022808075,1.1660044193267822
1631021730813,1.007412075996399,1.0416597127914429,0.4699199497699737,1.1660044193267822
1631021730907,1.007412075996399,1.0551741123199463,0.5088250041007996,1.1660044193267822
1631021731048,1.007412075996399,1.0418641567230225,0.5527050495147705,1.1660044193267822
1631021731114,1.007412075996399,0.9879196286201476,0.5945594906806946,1.1660044193267822
1631021731208,1.007412075996399,0.8667594790458679,0.6335031390190125,1.1660044193267822
1631021731361,1.007412075996399,0.7523626685142517,0.6335031390190125,1.1660044193267822
1631021731450,1.007412075996399,0.6885027289390564,0.6335031390190125,1.2032370567321775
1631021731574,1.007412075996399,0.6703386306762695,0.6335031390190125,1.250841736793518
1631021731630,1.007412075996399,0.6557066440582275,0.6335031390190125,1.3098090887069702
1631021731730,1.007412075996399,0.6211704611778259,0.6335031390190125,1.379885196685791
1631021731809,1.007412075996399,0.5649335980415344,0.6335031390190125,1.456714749336243
1631021731986,1.007412075996399,0.4974908232688904,0.6335031390190125,1.456714749336243
1631021732076,1.007412075996399,0.4249897301197052,0.6335031390190125,1.456714749336243
1631021732142,1.007412075996399,0.348110556602478,0.6335031390190125,1.456714749336243
1631021732253,1.007412075996399,0.3239331841468811,-0.3337449729442596,1.456714749336243
1631021732372,1.007412075996399,0.3041141927242279,-0.2576480209827423,1.456714749336243
1631021732419,-0.0491592474281787,0.2866261899471283,-0.2029923200607299,-0.0544437393546104
1631021732559,0.0255513414740562,0.269229531288147,-0.1693458259105682,-0.0671659857034683
1631021732622,0.1260608285665512,0.2501565515995025,-0.1525694876909256,-0.0640085786581039
1631021732772,0.2029566764831543,0.2099942415952682,-0.1474117785692215,-0.0392253883183002
1631021732852,0.2433061152696609,0.1512061804533004,-0.1507098376750946,0.00400235876441
1631021732961,0.2760971486568451,0.1093422397971153,-0.1480859816074371,0.059557020664215
1631021733074,0.3782697916030884,0.0793018266558647,-0.1010148227214813,0.1324015110731125
1631021733168,0.5967384576797485,0.0583901889622211,-0.1010148227214813,0.2202079147100448
1631021733277,0.8407290577888489,0.0318090431392192,-0.1010148227214813,0.3161453604698181
1631021733355,1.0266196727752686,-0.0033855740912258,-0.1010148227214813,0.4021313786506653
1631021733462,1.1357392072677612,-0.0390215590596199,-0.0792102888226509,0.4626537561416626
1631021733593,1.1357392072677612,-0.0624485798180103,0.0577287152409553,0.4626537561416626
1631021733666,1.1649713516235352,-0.0704940855503082,0.0940891280770301,0.4804697036743164
1631021733769,1.1979190111160278,-0.0742425918579101,0.1123696863651275,0.5068816542625427
1631021733862,1.234336495399475,-0.0861560180783271,0.1265726238489151,0.5365602374076843
1631021733940,1.2736845016479492,-0.1035221666097641,0.1401978731155395,0.5801896452903748
1631021734034,1.315420150756836,-0.115151546895504,0.1264124661684036,0.6303203105926514
1631021734162,1.3156700134277344,-0.0976674705743789,0.1159971356391906,0.6700425744056702
1631021734235,1.319927215576172,0.0024549937807023,0.1130073517560958,0.6903773546218872
1631021734376,1.3318270444869995,0.2490801662206649,0.1809962838888168,0.6928038597106934
1631021734454,1.3552881479263306,0.2490801662206649,0.3903363943099975,0.6865295171737671
1631021734563,1.3862626552581787,0.2490801662206649,0.6612735390663147,0.680535614490509
1631021734697,1.4023663997650146,0.2490801662206649,0.8546953797340393,0.6776721477508545
1631021734785,1.3753337860107422,0.2490801662206649,0.8546953797340393,0.6695159077644348
1631021734847,1.2909022569656372,0.2490801662206649,0.8546953797340393,0.6467501521110535
1631021735003,1.185759425163269,0.2490801662206649,0.8546953797340393,0.6116738319396973
1631021735113,1.185759425163269,0.2490801662206649,0.8800094723701477,0.6008152961730957
1631021735175,1.185759425163269,0.2490801662206649,0.926559567451477,0.5932674407958984
1631021735285,1.185759425163269,0.2490801662206649,0.926559567451477,0.5930158495903015
1631021735394,1.185759425163269,0.2490801662206649,0.926559567451477,0.6035631895065308
1631021735471,1.1377441883087158,0.1716751456260681,0.8768978714942932,0.6104428768157959
1631021735596,1.1377441883087158,0.108110673725605,0.8841455578804016,0.6154652833938599
1631021735690,1.178855299949646,0.1584413200616836,0.9016194939613342,0.6254680752754211
1631021735784,1.2185463905334473,0.1681643426418304,0.954765558242798,0.6522795557975769
1631021735893,1.254151701927185,0.1681643426418304,1.0047434568405151,0.669097363948822
1631021736018,1.2741998434066772,0.1681643426418304,1.0202654600143433,0.6918744444847107
1631021736080,1.2554796934127808,0.1681643426418304,0.9252990484237672,0.7097238898277283
1631021736221,1.2554796934127808,0.1681643426418304,0.9252990484237672,0.715869665145874
1631021736299,1.2554796934127808,0.1681643426418304,0.9252990484237672,0.7131499648094177
1631021736409,1.2554796934127808,0.1681643426418304,0.9252990484237672,0.7137477993965149
1631021736518,1.2554796934127808,0.1681643426418304,0.9252990484237672,0.7291328310966492
1631021736596,1.2554796934127808,0.1681643426418304,0.9252990484237672,0.7580471038818359
1631021736705,1.2554796934127808,0.1681643426418304,0.9252990484237672,0.7909135818481445
1631021736815,1.2554796934127808,0.1681643426418304,0.9252990484237672,0.8220087885856628
1631021736908,1.2554796934127808,0.1681643426418304,0.9252990484237672,0.8498257994651794
1631021737002,1.2554796934127808,0.1681643426418304,0.9252990484237672,0.8498257994651794
1631021737136,1.2554796934127808,0.1681643426418304,0.9252990484237672,0.8498257994651794
1631021737199,1.2554796934127808,0.1681643426418304,0.9252990484237672,0.8498257994651794
1631021737307,1.2554796934127808,0.1681643426418304,0.9252990484237672,0.8498257994651794
1631021737434,1.2554796934127808,0.1681643426418304,0.9252990484237672,0.8498257994651794
1631021737528,1.2554796934127808,0.1681643426418304,0.9252990484237672,0.8498257994651794
1631021737622,1.2554796934127808,0.1681643426418304,0.9252990484237672,0.8498257994651794
1631021737715,1.2554796934127808,0.1681643426418304,0.9252990484237672,0.8498257994651794
1631021737825,1.2554796934127808,0.1681643426418304,0.9252990484237672,0.8498257994651794
1631021737903,1.2554796934127808,0.1681643426418304,0.9252990484237672,0.8498257994651794
1631021738043,1.2554796934127808,0.1681643426418304,0.9252990484237672,0.8498257994651794
1631021738137,1.2554796934127808,0.1681643426418304,0.9252990484237672,0.8498257994651794
1631021738216,1.2554796934127808,0.1681643426418304,0.9252990484237672,0.8498257994651794
1631021738309,1.2554796934127808,0.1681643426418304,0.9252990484237672,0.8498257994651794
1631021738422,1.2554796934127808,0.1681643426418304,0.9252990484237672,0.8498257994651794
1631021738516,1.2554796934127808,0.1681643426418304,0.9252990484237672,0.8498257994651794
1631021738641,1.2554796934127808,0.1681643426418304,0.9252990484237672,0.8498257994651794
1631021738735,1.2554796934127808,0.1681643426418304,0.9252990484237672,0.8498257994651794
1631021738844,1.2554796934127808,0.1681643426418304,0.9252990484237672,0.8498257994651794
1631021738922,1.2554796934127808,0.1681643426418304,0.5639897584915161,0.8498257994651794
1631021739001,1.2554796934127808,0.1681643426418304,0.5549439787864685,0.8498257994651794
1631021739125,1.2554796934127808,0.1681643426418304,0.5374124646186829,0.8498257994651794
1631021739282,1.2554796934127808,0.1681643426418304,0.5235776901245117,0.8498257994651794
1631021739344,1.2554796934127808,0.1681643426418304,0.5143833160400391,0.8498257994651794
1631021739457,1.2554796934127808,-0.3642533123493194,0.5025440454483032,0.8498257994651794
1631021739529,1.2554796934127808,-0.3677699863910675,0.4833872616291046,0.8498257994651794
1631021739695,1.2554796934127808,-0.3829383850097656,0.4584558606147766,0.5316098928451538
1631021739741,1.2554796934127808,-0.3884553611278534,0.4315250813961029,0.4818187355995178
1631021739866,1.2554796934127808,-0.3805987238883972,0.4064235091209411,0.4486277997493744
1631021739945,1.2554796934127808,-0.3660078346729278,0.3858459889888763,0.4200857579708099
1631021740054,1.2554796934127808,-0.3495721220970154,0.3690398037433624,0.3957342803478241
1631021740148,1.2554796934127808,-0.3381069302558899,0.3531357049942016,0.3797695636749267
1631021740257,1.2554796934127808,-0.3322491347789764,0.3152765035629272,0.3728904724121094
1631021740351,1.2554796934127808,-0.3322491347789764,0.2739019393920898,0.3728904724121094
1631021740509,1.2554796934127808,-0.3322491347789764,0.2383371442556381,0.3728904724121094
1631021740588,1.2554796934127808,-0.3322491347789764,0.2072326242923736,0.301885187625885
1631021740681,1.2554796934127808,-0.3136154115200043,0.1811946332454681,0.1972329169511795
1631021740775,1.2554796934127808,-0.3069674074649811,0.1495683789253235,0.1972329169511795
1631021740869,1.2554796934127808,-0.3121061623096466,0.1052817702293396,0.1972329169511795
1631021740994,1.2554796934127808,-0.317090094089508,0.0550246350467205,0.1972329169511795
1631021741103,1.2554796934127808,-0.3085457384586334,0.0144233331084251,0.2078506797552108
1631021741197,1.2554796934127808,-0.2868626117706299,-0.0047049787826836,0.2216197103261947
1631021741259,1.2554796934127808,-0.2640808224678039,-0.0035251923836767,0.2271513193845749
1631021741384,1.2554796934127808,-0.2492084950208664,0.0061019929125905,0.2267208397388458
1631021741447,1.2554796934127808,-0.2492084950208664,0.0059400820173323,0.2267208397388458
1631021741619,1.2554796934127808,-0.2492084950208664,-0.0095017440617084,0.2267208397388458
1631021741697,1.2554796934127808,-0.2492084950208664,0.0044563603587448,0.2267208397388458
1631021741775,1.2554796934127808,-0.2492084950208664,0.0508902184665203,0.2267208397388458
1631021741900,1.2554796934127808,-0.2492084950208664,0.0763875767588615,0.2267208397388458
1631021741962,1.2554796934127808,-0.2492084950208664,0.0670091435313224,0.2267208397388458
1631021742072,1.2554796934127808,-0.2492084950208664,0.043690089136362,0.2267208397388458
1631021742165,1.2554796934127808,-0.2492084950208664,0.0160014051944017,0.2267208397388458
1631021742306,1.2554796934127808,-0.2492084950208664,0.0259750485420227,0.2267208397388458
1631021742422,1.2554796934127808,-0.2492084950208664,0.0259750485420227,0.2267208397388458
1631021742516,1.2554796934127808,-0.2492084950208664,0.0259750485420227,0.2267208397388458
1631021742594,1.2554796934127808,-0.2492084950208664,0.0259750485420227,0.2267208397388458
1631021742672,1.2554796934127808,-0.2492084950208664,0.0259750485420227,1.5157933235168457
1631021742797,1.2554796934127808,-0.2492084950208664,0.0259750485420227,1.5513966083526611
1631021742922,1.2554796934127808,-0.2492084950208664,0.0259750485420227,1.5513966083526611
1631021743016,1.2554796934127808,-0.2492084950208664,0.0259750485420227,1.5513966083526611
1631021743125,1.2554796934127808,-0.2492084950208664,0.0296993982046842,1.5513966083526611
1631021743203,1.2554796934127808,-0.2492084950208664,0.0205126777291297,1.5513966083526611
1631021743313,1.2554796934127808,-0.2492084950208664,-0.0017848713323473,1.5513966083526611
1631021743391,1.2554796934127808,-0.2492084950208664,-0.0310673285275697,1.5513966083526611
1631021743518,1.2554796934127808,-0.2492084950208664,-0.0310673285275697,1.6225160360336304
1631021743643,1.2554796934127808,-0.2492084950208664,-0.0310673285275697,1.6225160360336304
1631021743705,1.2554796934127808,-0.2492084950208664,-0.0310673285275697,1.6225160360336304
1631021743814,1.2554796934127808,-0.2492084950208664,-0.0310673285275697,1.6225160360336304
1631021743892,1.2554796934127808,-0.2492084950208664,-0.0310673285275697,1.6225160360336304
1631021744002,1.2554796934127808,-0.2492084950208664,-0.0310673285275697,1.6225160360336304
1631021744167,1.2554796934127808,-0.2492084950208664,-0.0310673285275697,1.6225160360336304
1631021744213,1.2554796934127808,-0.2492084950208664,-0.0310673285275697,1.6225160360336304
1631021744322,1.2554796934127808,-0.2492084950208664,-0.0310673285275697,1.6225160360336304
1631021744432,1.2554796934127808,-0.2492084950208664,-0.0310673285275697,1.6225160360336304
1631021744525,1.2554796934127808,-0.2492084950208664,-0.0310673285275697,1.6225160360336304
1631021744619,1.2554796934127808,-0.2492084950208664,-0.0310673285275697,1.6225160360336304
1631021744752,1.2554796934127808,-0.2492084950208664,0.2867792546749115,1.6225160360336304
1631021744846,1.2554796934127808,-0.2492084950208664,0.2216969728469848,1.6225160360336304
1631021744940,1.2554796934127808,-0.2492084950208664,0.1740730106830597,1.6225160360336304
1631021745018,1.2554796934127808,-0.2492084950208664,0.1361605077981948,1.6225160360336304
1631021745112,1.2554796934127808,-0.2492084950208664,0.1102780550718307,1.6225160360336304
1631021745256,1.2554796934127808,-0.2492084950208664,0.1489109396934509,1.6225160360336304
1631021745381,1.2554796934127808,-0.2492084950208664,0.1489109396934509,1.6225160360336304
1631021745427,1.2554796934127808,0.6474353075027466,0.1489109396934509,1.6225160360336304
1631021745568,1.2554796934127808,0.805628776550293,0.1489109396934509,1.6225160360336304
1631021745631,1.2554796934127808,0.8804595470428467,0.1489109396934509,1.6225160360336304
1631021745724,1.2554796934127808,0.8969816565513611,0.1489109396934509,1.6225160360336304
1631021745818,1.2554796934127808,0.8876460194587708,0.1489109396934509,1.6225160360336304
1631021745974,1.2554796934127808,0.879264235496521,0.0781519338488578,1.6225160360336304
1631021746052,1.2554796934127808,0.8766710758209229,0.0061084297485649,1.6225160360336304
1631021746151,1.2554796934127808,0.8699228167533875,-0.0244673769921064,1.6225160360336304
1631021746259,1.2554796934127808,0.8527381420135498,-0.0053092744201421,1.6225160360336304
1631021746352,1.2554796934127808,0.8267455697059631,-0.021316235885024,1.6225160360336304
1631021746446,1.424307107925415,0.7982075214385986,-0.0413573756814003,1.6225160360336304
1631021746571,1.3315856456756592,0.7719306349754333,-0.0436522290110588,1.6225160360336304
1631021746665,1.3315856456756592,0.7760679125785828,0.0199325773864984,-0.0071716965176165
1631021746774,1.3315856456756592,0.7906480431556702,-0.1447189003229141,0.0602397955954074
1631021746884,1.3315856456756592,0.7958210110664368,-0.1447189003229141,0.218902975320816
1631021746977,1.2172365188598633,0.7727068066596985,-0.1447189003229141,0.3819514214992523
1631021747040,1.2172365188598633,0.7189927101135254,-0.1447189003229141,0.4971842765808105
1631021747168,1.2172365188598633,0.6508157253265381,-0.1447189003229141,0.5537712574005127
1631021747278,1.2172365188598633,0.5973939299583435,-0.1447189003229141,0.5651086568832397
1631021747356,1.2172365188598633,0.5646177530288696,-0.1447189003229141,0.5582769513130188
1631021747434,1.2172365188598633,0.5223463773727417,-0.1447189003229141,0.5707351565361023
1631021747590,1.2172365188598633,0.4452012777328491,-0.1447189003229141,0.6112173795700073
1631021747653,1.2172365188598633,0.3444176316261291,-0.1447189003229141,0.6592499017715454
1631021747778,1.2172365188598633,0.2694948315620422,-0.1447189003229141,0.6894019842147827
1631021747902,1.2172365188598633,0.2762193381786346,-0.1447189003229141,0.7116912603378296
1631021748012,1.2172365188598633,0.2762193381786346,-0.1447189003229141,0.7216368913650513
1631021748090,1.2172365188598633,0.2762193381786346,-0.1447189003229141,0.7252293825149536
1631021748172,1.2172365188598633,0.2762193381786346,-0.1447189003229141,0.725424587726593
1631021748250,1.2172365188598633,0.2762193381786346,-0.1447189003229141,0.7190141081809998
1631021748391,1.2172365188598633,0.2762193381786346,-0.1447189003229141,0.6989155411720276
1631021748485,1.2172365188598633,0.2762193381786346,-0.1447189003229141,0.6639718413352966
1631021748594,1.2172365188598633,0.2762193381786346,-0.1447189003229141,0.629707932472229
1631021748688,1.2172365188598633,0.2762193381786346,-0.1447189003229141,0.6336730122566223
1631021748750,1.2172365188598633,0.2762193381786346,-0.1447189003229141,0.7063962817192078
1631021748844,1.2172365188598633,0.2762193381786346,-0.1447189003229141,0.8141282796859741
1631021749031,1.2172365188598633,0.2762193381786346,-0.1447189003229141,0.9020571112632751
1631021749094,1.2172365188598633,0.2762193381786346,-0.1447189003229141,0.9002368450164795
1631021749190,1.2172365188598633,0.2762193381786346,-0.1447189003229141,0.8881915807723999
1631021749283,1.2172365188598633,0.2762193381786346,-0.1447189003229141,0.8799030184745789
1631021749393,1.2172365188598633,0.2762193381786346,-0.1447189003229141,0.8888961672782898
1631021749471,1.2172365188598633,0.2762193381786346,-0.1447189003229141,0.9168302416801452
1631021749611,1.2172365188598633,0.2762193381786346,-0.1447189003229141,1.0153298377990725
1631021749725,1.2172365188598633,0.2762193381786346,-0.1447189003229141,1.0846314430236816
1631021749821,1.2172365188598633,0.2762193381786346,-0.1447189003229141,1.1213034391403198
1631021749911,1.2172365188598633,0.2762193381786346,-0.1447189003229141,1.1375209093093872
1631021750032,1.2172365188598633,0.2762193381786346,-0.1447189003229141,1.1453163623809814
1631021750086,1.2172365188598633,0.2762193381786346,-0.1447189003229141,1.1470026969909668
1631021750264,1.2172365188598633,0.2762193381786346,-0.1447189003229141,1.1344072818756104
1631021750353,1.2172365188598633,0.2762193381786346,-0.1447189003229141,1.0902727842330933
1631021750410,1.2172365188598633,0.2762193381786346,-0.1447189003229141,1.0039358139038086
1631021750516,1.2172365188598633,0.2762193381786346,-0.1447189003229141,0.8803286552429199
1631021750610,0.1877419203519821,-0.0887481421232223,-0.4120149612426758,0.8475592136383057
1631021750742,0.2113170176744461,-0.1201167479157447,-0.4148218631744385,0.8162137866020203
1631021750833,0.2113170176744461,-0.1348154246807098,-0.4109265506267547,0.8162137866020203
1631021750935,0.2113170176744461,-0.1348154246807098,-0.354352205991745,0.8162137866020203
1631021751064,0.2113170176744461,-0.1348154246807098,-0.354352205991745,0.8162137866020203
1631021751124,0.2113170176744461,-0.1348154246807098,-0.354352205991745,0.7103656530380249
1631021751224,0.2113170176744461,-0.1348154246807098,-0.354352205991745,0.5775980949401855
1631021751318,0.2113170176744461,-0.1348154246807098,-0.354352205991745,0.4683679342269897
1631021751436,0.2113170176744461,-0.1348154246807098,-0.354352205991745,0.4148487150669098
1631021751523,0.2113170176744461,-0.1348154246807098,-0.354352205991745,0.38968625664711
1631021751632,0.2113170176744461,-0.1348154246807098,-0.354352205991745,0.3556701242923736
1631021751742,0.2113170176744461,-0.1348154246807098,-0.354352205991745,0.2990903258323669
1631021751846,0.2264985740184784,-0.1722334772348404,-0.3264705836772918,0.2326563447713852
1631021751920,0.2264985740184784,-0.2176759988069534,-0.3108364641666412,0.2326563447713852
1631021752066,0.2264985740184784,-0.2176759988069534,-0.3045408725738525,0.2326563447713852
1631021752135,0.2264985740184784,-0.2176759988069534,-0.3045408725738525,0.2326563447713852
1631021752232,0.2264985740184784,-0.2176759988069534,-0.3045408725738525,0.2326563447713852
1631021752310,0.2264985740184784,-0.2176759988069534,-0.3045408725738525,0.2326563447713852
1631021752419,0.2264985740184784,-0.2176759988069534,-0.3045408725738525,0.2326563447713852
1631021752513,0.2264985740184784,-0.2176759988069534,-0.3045408725738525,0.2326563447713852
1631021752653,0.2264985740184784,-0.2176759988069534,-0.3045408725738525,0.2326563447713852
1631021752738,0.2264985740184784,-0.2176759988069534,-0.3045408725738525,0.2326563447713852
1631021752848,0.2264985740184784,-0.2176759988069534,-0.3045408725738525,0.2326563447713852
1631021752941,0.2264985740184784,-0.2176759988069534,-0.3045408725738525,0.2326563447713852
1631021753066,0.2264985740184784,-0.2176759988069534,-0.3045408725738525,0.2326563447713852
1631021753144,0.2264985740184784,-0.2176759988069534,-0.3045408725738525,0.2326563447713852
1631021753302,0.2264985740184784,-0.2176759988069534,-0.3045408725738525,0.2326563447713852
1631021753365,0.2264985740184784,-0.2176759988069534,-0.3045408725738525,0.8656914830207825
1631021753474,0.2264985740184784,-0.2176759988069534,-0.3045408725738525,1.0574179887771606
1631021753552,0.2264985740184784,-0.2176759988069534,-0.3045408725738525,1.1826237440109253
1631021753661,0.2264985740184784,-0.2176759988069534,-0.3045408725738525,1.1826237440109253
1631021753724,0.2264985740184784,-0.2176759988069534,-0.3045408725738525,1.1826237440109253
1631021753896,0.2264985740184784,-0.2176759988069534,-0.3045408725738525,1.1826237440109253
1631021753974,0.2264985740184784,-0.2176759988069534,-0.3045408725738525,1.1826237440109253
1631021754068,0.2264985740184784,-0.2176759988069534,-0.3045408725738525,1.1826237440109253
1631021754177,0.2264985740184784,-0.2176759988069534,-0.3045408725738525,1.1826237440109253
1631021754273,0.2264985740184784,-0.2176759988069534,-0.3045408725738525,1.1826237440109253
1631021754351,0.2264985740184784,0.1864454001188278,-0.3045408725738525,1.1826237440109253
1631021754492,0.2264985740184784,0.3170414865016937,-0.3045408725738525,1.1826237440109253
1631021754664,0.2264985740184784,0.4190071225166321,-0.3045408725738525,1.2473372220993042
1631021754741,0.2264985740184784,0.4744558334350586,-0.3045408725738525,1.3254503011703491
1631021754757,0.2264985740184784,0.4935517013072967,-0.3045408725738525,1.3254503011703491
1631021754882,0.2264985740184784,0.507392168045044,-0.3045408725738525,1.3254503011703491
1631021754929,0.2264985740184784,0.5335308909416199,-0.3045408725738525,1.3254503011703491
1631021755116,0.2264985740184784,0.563417911529541,-0.3045408725738525,1.3254503011703491
1631021755210,0.2264985740184784,0.5819292068481445,-0.3045408725738525,1.3254503011703491
1631021755273,0.2264985740184784,0.5866454839706421,-0.3045408725738525,1.3254503011703491
1631021755366,0.2264985740184784,0.5905356407165527,-0.3045408725738525,1.3254503011703491
1631021755474,0.2264985740184784,0.6031127572059631,-0.3045408725738525,1.3254503011703491
1631021755568,0.2264985740184784,0.6388915777206421,0.2572928071022033,0.4834814667701721
1631021755691,0.2264985740184784,0.6726752519607544,0.2065771371126175,0.462005466222763
1631021755832,0.2264985740184784,0.6945313811302185,0.1501665860414505,0.4613929688930511
1631021755957,0.2264985740184784,0.710273027420044,0.1501665860414505,0.4613929688930511
1631021756019,0.2264985740184784,0.7160993814468384,0.1501665860414505,0.4613929688930511
1631021756113,0.2264985740184784,0.7149228453636169,0.1501665860414505,0.4613929688930511
1631021756191,0.2264985740184784,0.7153879404067993,0.1501665860414505,0.4613929688930511
1631021756347,0.2264985740184784,0.7248092889785767,0.1501665860414505,0.4613929688930511
1631021756410,0.2264985740184784,0.7363206744194031,0.1501665860414505,0.4613929688930511
1631021756519,0.2264985740184784,0.7386763691902161,0.1501665860414505,0.4613929688930511
1631021756613,0.2264985740184784,0.7316620349884033,0.1501665860414505,0.4613929688930511
1631021756691,0.2264985740184784,0.7292278409004211,0.1501665860414505,0.4613929688930511
1631021756785,0.2264985740184784,0.7451339364051819,0.1468608528375625,0.4085594117641449
1631021756941,0.2264985740184784,0.7682120203971863,0.0863402336835861,0.3697954714298248
1631021757066,0.2264985740184784,0.7682120203971863,0.0863402336835861,0.3697954714298248
1631021757160,0.2264985740184784,0.7682120203971863,0.0863402336835861,0.3697954714298248
1631021757222,0.2264985740184784,0.7682120203971863,0.0863402336835861,0.3697954714298248
1631021757316,0.2264985740184784,0.7682120203971863,0.0863402336835861,0.3697954714298248
1631021757409,0.2264985740184784,0.7682120203971863,0.0863402336835861,0.3697954714298248
1631021757569,0.2264985740184784,0.7682120203971863,0.0863402336835861,0.3697954714298248
1631021757632,0.2264985740184784,0.7682120203971863,0.0863402336835861,0.3697954714298248
1631021757726,0.2264985740184784,0.7682120203971863,0.0863402336835861,0.3697954714298248
1631021757835,0.2264985740184784,0.7682120203971863,0.0863402336835861,0.3697954714298248
1631021757944,0.2264985740184784,0.7682120203971863,0.0863402336835861,0.3697954714298248
1631021758038,0.2264985740184784,0.7682120203971863,0.0863402336835861,0.3697954714298248
1631021758179,0.2264985740184784,0.7682120203971863,0.0863402336835861,0.3697954714298248
1631021758241,0.2264985740184784,0.7682120203971863,0.0863402336835861,0.3697954714298248
1631021758319,0.2264985740184784,0.7682120203971863,0.0863402336835861,0.3697954714298248
1631021758438,0.2264985740184784,0.7682120203971863,0.0863402336835861,0.3697954714298248
1631021758563,0.2264985740184784,0.7682120203971863,0.0863402336835861,0.3697954714298248
1631021758657,0.2264985740184784,0.7682120203971863,0.0863402336835861,0.3697954714298248
1631021758766,0.3265912532806396,-0.3091529011726379,0.0863402336835861,0.3697954714298248
1631021758876,0.3265912532806396,-0.3099152147769928,0.0863402336835861,0.3697954714298248
1631021758969,0.3265912532806396,-0.2770057916641235,0.0863402336835861,0.3697954714298248
1631021759063,0.3265912532806396,-0.2076057940721511,0.0863402336835861,0.4999894499778747
1631021759157,0.3265912532806396,-0.1317815780639648,0.0863402336835861,0.5020283460617065
1631021759235,0.3265912532806396,-0.0716495215892791,0.0863402336835861,0.4835539162158966
1631021759360,0.3265912532806396,-0.0276483725756406,0.0863402336835861,0.4646179676055908
1631021759456,0.3265912532806396,0.0042860275134444,0.0863402336835861,0.4518456161022186
1631021759565,0.3796339929103851,0.0254617314785718,-0.0238771755248308,0.4383511543273926
1631021759659,0.3979516923427582,0.0329731591045856,-0.0314050540328025,0.4183396399021148
1631021759753,0.3843347728252411,0.0300196222960948,-0.0619493871927261,0.3911539912223816
1631021759847,0.3499787747859955,0.0256276410073041,-0.1019416972994804,0.3616758584976196
1631021759972,0.2938159704208374,0.0361313670873642,-0.1395938247442245,0.3545598983764648
1631021760081,0.2291469573974609,0.0532989725470542,-0.172263815999031,0.3545598983764648
1631021760159,0.1807780563831329,0.0668339133262634,-0.2011391371488571,0.3253645002841949
1631021760287,0.1514659374952316,0.0697976499795913,-0.2241880446672439,0.2978438436985016
1631021760397,0.1223808377981185,0.0629937276244163,-0.2379586100578308,0.2450364381074905
1631021760459,0.0986159071326255,0.0469708442687988,-0.2447291910648346,0.1656743586063385
1631021760553,0.0775632783770561,0.0182836558669805,-0.2507309913635254,0.0711859613656997
1631021760693,0.0775632783770561,-0.0185883566737175,-0.245903342962265,0.0084999343380332
1631021760803,0.0775632783770561,-0.0291111189872026,-0.1347998678684234,-0.0428018420934677
1631021760881,0.0775632783770561,0.0576088801026344,-0.1419278383255005,-0.0999649763107299
1631021760959,0.0775632783770561,0.2385970503091812,-0.1595485061407089,-0.1871359050273895
1631021761068,-0.0153897823765873,0.4220040142536163,-0.1814065724611282,-0.3060561716556549
1631021761178,-0.1323689073324203,0.5525268912315369,-0.1939739733934402,-0.4347376525402069
1631021761287,-0.2332497984170913,0.6238670349121094,-0.1880011707544326,-0.5293992161750793
1631021761425,-0.2737375795841217,0.6509295105934143,-0.1651407182216644,-0.5890401601791382
1631021761511,-0.2662176191806793,0.6546836495399475,-0.1331373900175094,-0.6347362995147705
1631021761573,-0.2417827993631363,0.6512389779090881,-0.0941584706306457,-0.6347362995147705
1631021761682,-0.228497177362442,0.6474393606185913,-0.0461067743599414,-0.694014310836792
1631021761839,-0.163104772567749,0.6456868648529053,0.0433542095124721,-0.694014310836792
1631021761917,-0.143360361456871,0.6463065147399902,0.1224693953990936,-0.694014310836792
1631021761964,-0.138173907995224,0.6482234597206116,0.1742980182170868,-0.694014310836792
1631021762073,-0.0643965825438499,0.6506220102310181,0.2058199793100357,-0.694014310836792
1631021762167,0.032736137509346,0.6532891392707825,0.2199738621711731,0.0152325024828314
1631021762276,0.1174772828817367,0.6527739763259888,0.113162450492382,0.0539907403290271
1631021762385,0.1674420237541198,0.634476900100708,0.0984997302293777,0.097149834036827
1631021762513,0.1906550079584121,0.5764756202697754,0.0824289321899414,0.1336581856012344
1631021762591,0.206312209367752,0.4626555740833282,0.0651980265974998,0.1581045985221862
1631021762705,0.2267264276742935,0.2988740503787994,0.05258359760046,0.1733153909444809
1631021762783,0.2446244210004806,0.1301718056201934,0.0459857247769832,0.1791757047176361
1631021762908,0.2525331377983093,0.025850998237729,0.0408784970641136,0.175668716430664
1631021763017,0.245805025100708,-0.0059300232678651,0.0313316062092781,0.1649612188339233
1631021763111,0.2288679182529449,-0.009961387142539,0.0177474189549684,0.152550458908081
1631021763205,0.2076345533132553,-0.0068548782728612,0.0051048495806753,0.1475248038768768
1631021763330,0.199308156967163,6.987643428146839e-05,-0.0194080974906682,0.1560083478689193
1631021763377,0.2007035911083221,0.0088391853496432,-0.0513274371623992,0.1781448274850845
1631021763486,0.2189852446317672,0.0201686918735504,-0.080801323056221,0.2042241692543029
1631021763611,0.2477513998746872,0.0317939706146717,-0.1034131795167923,0.2238866239786148
1631021763705,0.2763387560844421,0.0353790298104286,-0.1236339509487152,0.2381476312875747
1631021763823,0.3010085821151733,0.017028484493494,-0.1474350690841674,0.2567360401153564
1631021763923,0.322630226612091,-0.0319051668047905,-0.1716359108686447,0.2853615283966064
1631021763992,0.3415226638317108,-0.1067062765359878,-0.1875425279140472,0.3196249306201935
1631021764137,0.3511377871036529,-0.185798242688179,-0.1937558799982071,0.3480110466480255
1631021764258,0.3450686931610107,-0.2443053424358368,-0.2026363164186477,0.3614872395992279
1631021764327,0.3293562829494476,-0.2749418318271637,-0.2246783226728439,0.36216801404953
1631021764436,0.3137318193912506,-0.287739098072052,-0.2582369148731231,0.3583310544490814
1631021764545,0.3100624084472656,-0.2923851311206817,-0.2896738648414612,0.3594823479652405
1631021764617,0.3202875554561615,-0.2932062745094299,-0.3112764060497284,0.3695322573184967
1631021764752,0.3380639851093292,-0.2946203351020813,-0.3306463658809662,0.3841173946857452
1631021764887,0.3544657826423645,-0.3023729026317596,-0.3567224740982055,0.3950972855091095
1631021764965,0.3632195591926574,-0.3196504116058349,-0.3868563771247864,0.3989419341087341
1631021765057,0.357611745595932,-0.3520955741405487,-0.4138201773166656,0.3969482481479645
1631021765122,0.3349189162254333,-0.3988605737686157,-0.4363626539707184,0.3929306864738464
1631021765216,0.2966776192188263,-0.4505660831928253,-0.4577326774597168,0.386900395154953
1631021765325,0.2458632141351699,-0.4907398819923401,-0.481548935174942,0.3719329237937927
1631021765455,0.1879568547010421,-0.5101869106292725,-0.5110009908676147,0.3410608768463135
1631021765548,0.1289763748645782,-0.5144957304000854,-0.5535538792610168,0.2949345111846924
1631021765642,0.0775023102760315,-0.5137180089950562,-0.6155712604522705,0.2453603297472
1631021765767,0.0432007275521755,-0.5151391625404358,-0.6862586140632629,0.211216390132904
1631021765856,0.0213463846594095,-0.5258499383926392,-0.7314810752868652,0.2027888745069503
1631021765934,0.0224732793867588,-0.5425305962562561,-0.6485732197761536,0.2240989804267883
1631021766059,0.0187068600207567,-0.51768958568573,-0.3130006790161133,0.2900222241878509
1631021766153,0.0008807708509266,-0.3493377566337585,0.128797635436058,0.2935059070587158
1631021766247,-0.0314064621925354,-0.0841729715466499,0.1528261601924896,0.28620445728302
1631021766371,-0.0706112533807754,0.1515563130378723,0.1792003512382507,0.2706251442432403
1631021766465,-0.1083138138055801,0.3148733377456665,0.2086377143859863,0.254319429397583
1631021766512,-0.141194462776184,0.4146782755851745,0.2413572669029235,0.2464947700500488
1631021766668,-0.1750237494707107,0.488470047712326,0.277963638305664,0.2486200779676437
1631021766762,-0.2142194360494613,0.5704041719436646,0.319734513759613,0.2570235431194305
1631021766856,-0.2495673149824142,0.6631520986557007,0.3680595159530639,0.2702628076076507
1631021766934,-0.2691991925239563,0.7431067824363708,0.4238917529582977,0.2929212749004364
1631021767043,-0.2691991925239563,0.7717723846435547,0.488612562417984,0.3303700983524322
1631021767168,-0.2691991925239563,0.8024740219116211,0.5656879544258118,0.3884798586368561
1631021767293,-0.2691991925239563,0.8357856273651123,0.6604923009872437,0.3884798586368561
1631021767371,-0.2691991925239563,0.8760629296302795,0.6604923009872437,0.3884798586368561
1631021767499,-0.2691991925239563,0.9198220372200012,0.6604923009872437,0.3884798586368561
1631021767578,-0.2691991925239563,0.9522033929824828,0.6604923009872437,0.3884798586368561
1631021767687,-0.2691991925239563,0.961542546749115,0.6604923009872437,0.3884798586368561
1631021767765,-0.2691991925239563,0.9452232122421264,0.6604923009872437,0.3884798586368561
1631021767874,-0.2691991925239563,0.9090169072151184,0.0607770569622516,0.3884798586368561
1631021768015,-0.2691991925239563,0.864615261554718,0.0764742642641067,0.3884798586368561
1631021768093,-0.2691991925239563,0.8241767883300781,0.0539770871400833,0.3884798586368561
1631021768190,-0.2691991925239563,0.784069836139679,0.0133074335753917,0.3884798586368561
1631021768268,-0.2691991925239563,0.7242710590362549,-0.0266968198120594,0.3884798586368561
1631021768346,-0.2691991925239563,0.625312864780426,-0.0516189150512218,0.3884798586368561
1631021768518,-0.2691991925239563,0.4908440113067627,-0.0563023686408996,0.3884798586368561
1631021768612,-0.2691991925239563,0.4656228721141815,-0.0488318912684917,0.3884798586368561
1631021768674,-0.2691991925239563,0.4447647631168365,-0.0426474176347255,0.3884798586368561
1631021768815,-0.2691991925239563,0.4447647631168365,-0.0401992686092853,0.3884798586368561
1631021768877,-0.2691991925239563,0.3740973770618438,-0.0401992686092853,0.3884798586368561
1631021768971,-0.2691991925239563,0.2421435117721557,-0.0401992686092853,0.3884798586368561
1631021769111,-0.2691991925239563,0.0562141090631485,-0.0232848525047302,0.3884798586368561
1631021769190,-0.2691991925239563,-0.1207230463624,-0.0239769387990236,0.3884798586368561
1631021769299,-0.2691991925239563,-0.2089785039424896,-0.049947939813137,0.3884798586368561
1631021769442,-0.2691991925239563,-0.2256388366222381,-0.0939127132296562,0.3884798586368561
1631021769504,-0.2691991925239563,-0.2231888324022293,-0.1331233531236648,0.3884798586368561
1631021769614,-0.2691991925239563,-0.2073146551847458,-0.1412344276905059,0.3884798586368561
1631021769707,-0.2691991925239563,-0.173945352435112,-0.1122991070151329,0.3884798586368561
1631021769840,-0.2691991925239563,-0.1278568655252456,-0.0627163052558898,0.3884798586368561
1631021769934,-0.2691991925239563,-0.1278568655252456,-0.0155527163296937,0.3884798586368561
1631021769996,-0.2691991925239563,-0.1278568655252456,-0.0155527163296937,0.3884798586368561
1631021770152,-0.2691991925239563,-0.1278568655252456,-0.0155527163296937,0.3884798586368561
1631021770215,-0.2691991925239563,-0.1278568655252456,-0.0155527163296937,0.3884798586368561
1631021770356,-0.2691991925239563,-0.1278568655252456,-0.0155527163296937,0.3884798586368561
1631021770437,-0.2691991925239563,-0.1278568655252456,-0.1938621401786804,0.3884798586368561
1631021770562,-0.2691991925239563,-0.1278568655252456,-0.1938621401786804,0.3884798586368561
1631021770640,-0.2691991925239563,-0.1278568655252456,-0.1938621401786804,0.3884798586368561
1631021770703,-0.2691991925239563,-0.1278568655252456,-0.1938621401786804,0.3884798586368561
1631021770796,-0.2691991925239563,-0.1278568655252456,-0.1938621401786804,0.3884798586368561
1631021770953,-0.2691991925239563,-0.1278568655252456,-0.1938621401786804,0.3884798586368561
1631021771031,-0.2691991925239563,-0.1278568655252456,-0.1938621401786804,0.3884798586368561
1631021771125,-0.2691991925239563,-0.1278568655252456,-0.1938621401786804,0.3884798586368561
1631021771234,-0.2691991925239563,-0.1278568655252456,-0.1938621401786804,0.3884798586368561
1631021771312,-0.2691991925239563,-0.1278568655252456,-0.1938621401786804,0.3884798586368561
1631021771424,-0.2691991925239563,-0.1278568655252456,-0.1938621401786804,0.3884798586368561
1631021771565,-0.2691991925239563,-0.1278568655252456,-0.1938621401786804,0.3884798586368561
1631021771659,-0.2691991925239563,-0.1278568655252456,-0.1938621401786804,0.3884798586368561
1631021771753,-0.2691991925239563,-0.1278568655252456,-0.1938621401786804,0.3884798586368561
1631021771831,-0.2691991925239563,-0.1278568655252456,-0.1938621401786804,0.3884798586368561
1631021771956,-0.2691991925239563,-0.1278568655252456,-0.1938621401786804,0.3884798586368561
1631021772050,-0.2691991925239563,-0.1278568655252456,-0.1938621401786804,0.3884798586368561
1631021772143,-0.2691991925239563,-0.1278568655252456,-0.1938621401786804,0.3884798586368561
1631021772253,-0.2691991925239563,-0.1278568655252456,-0.1077987998723983,0.3884798586368561
1631021772346,-0.2691991925239563,-0.1278568655252456,0.001337235677056,0.3884798586368561
1631021772441,-0.2691991925239563,-0.1278568655252456,0.0921254605054855,0.3884798586368561
1631021772552,-0.2691991925239563,-0.1278568655252456,0.1494722664356231,0.3884798586368561
1631021772646,-0.2691991925239563,0.05379144474864,0.1883496940135955,0.3884798586368561
1631021772771,-0.2691991925239563,-0.0121553624048829,0.223635658621788,0.3884798586368561
1631021772833,-0.2691991925239563,-0.0601570978760719,0.253883808851242,0.3884798586368561
1631021772974,-0.2691991925239563,-0.0968901887536048,0.268598735332489,0.3884798586368561
1631021773052,-0.2691991925239563,-0.1286671757698059,0.2622162401676178,0.3884798586368561
1631021773161,-0.2691991925239563,-0.1215342655777931,0.2404935956001281,0.3884798586368561
1631021773224,-0.2691991925239563,-0.0195142868906259,0.213907241821289,0.3884798586368561
1631021773380,-0.2691991925239563,0.1675802767276764,0.1900206506252288,0.3884798586368561
1631021773476,-0.2691991925239563,0.349277913570404,0.1839253306388855,0.3884798586368561
1631021773570,-0.2691991925239563,0.4719651341438293,0.1922388970851898,0.3884798586368561
1631021773648,-0.2691991925239563,0.5292158126831055,0.2053047567605972,0.3884798586368561
1631021773788,-0.2691991925239563,0.5388239622116089,0.2100747972726822,0.3884798586368561
1631021773851,-0.2691991925239563,0.5417787432670593,0.2014852613210678,0.3884798586368561
1631021773976,-0.2691991925239563,0.5534709095954895,0.1859706044197082,0.3884798586368561
1631021774085,-0.2691991925239563,0.5771577954292297,0.1744140535593032,0.3884798586368561
1631021774179,-0.2691991925239563,0.6061381697654724,0.1662534773349762,0.3884798586368561
1631021774257,-0.2691991925239563,0.6381232738494873,0.1509637087583542,0.3884798586368561
1631021774366,-0.2691991925239563,0.6614900231361389,0.1254515051841735,0.3884798586368561
1631021774432,-0.2691991925239563,0.6751803755760193,0.0998254939913749,0.3884798586368561
1631021774588,-0.2691991925239563,0.682523787021637,0.0875817239284515,0.3884798586368561
1631021774729,-0.2691991925239563,0.6823593378067017,0.0898307040333747,0.3884798586368561
1631021774791,-0.2691991925239563,0.6659237742424011,0.0974010229110717,0.3884798586368561
1631021774854,-0.2691991925239563,0.6156043410301208,0.1023522317409515,0.3884798586368561
1631021774963,-0.2691991925239563,0.5156674981117249,0.100315548479557,0.3884798586368561
1631021775103,-0.2691991925239563,0.3678553998470306,0.0874398201704025,0.3884798586368561
1631021775187,0.3273521959781647,0.2104698866605758,0.0644056051969528,0.4012139737606048
1631021775296,0.2826944291591644,0.1062275767326355,0.0368575789034366,0.4316226840019226
1631021775421,0.2533115148544311,0.0568787194788455,0.0079083489254117,0.4499994814395904
1631021775483,0.2657330632209778,0.0185468364506959,-0.0253765806555748,0.4918747842311859
1631021775593,0.3382271528244018,0.0876549482345581,-0.0662806928157806,0.5757399201393127
1631021775687,0.3382271528244018,0.1697649657726287,-0.1129711270332336,0.5757399201393127
1631021775812,0.3382271528244018,0.2316516786813736,-0.157342255115509,0.5757399201393127
1631021775905,0.3382271528244018,0.2452528625726699,-0.1911168843507766,0.5757399201393127
1631021775999,0.3382271528244018,0.2641927897930145,-0.201451763510704,0.5757399201393127
1631021776093,0.3382271528244018,0.2728892862796783,-0.2204880267381668,0.5757399201393127
1631021776190,0.3382271528244018,0.2910731434822082,-0.2295951545238495,0.5757399201393127
1631021776299,0.3382271528244018,0.3152321875095367,-0.2313434481620788,0.5757399201393127
1631021776408,0.2980747520923614,0.5053251385688782,-0.2280616015195846,0.598017692565918
1631021776533,0.2854540050029754,0.635750412940979,-0.219943031668663,0.6323736906051636
1631021776596,0.3052326738834381,0.708715558052063,-0.2040279954671859,0.6668540835380554
1631021776705,0.3488364517688751,0.7395815253257751,-0.1803313195705413,0.6998938918113708
1631021776799,0.3488364517688751,0.7475864291191101,-0.1509015262126922,0.6998938918113708
1631021776955,0.3488364517688751,0.7462437152862549,-0.1172724738717079,0.6998938918113708
1631021777033,0.3488364517688751,0.7366487383842468,-0.0817721411585807,0.6998938918113708
1631021777142,0.3488364517688751,0.7154049277305603,-0.050592940300703,0.6998938918113708
1631021777225,0.3488364517688751,0.6831030249595642,-0.0791657790541648,0.6998938918113708
1631021777318,0.3488364517688751,0.6487045288085938,-0.1464447528123855,0.6998938918113708
1631021777412,0.3488364517688751,0.6210036873817444,-0.2572457492351532,-0.0200104061514139
1631021777506,0.3488364517688751,0.6013046503067017,-0.4475549757480621,-0.0200104061514139
1631021777631,0.3488364517688751,0.5776949524879456,-0.372385561466217,-0.0200104061514139
1631021777756,0.3488364517688751,0.5561823844909668,-0.2363525331020355,-0.0200104061514139
1631021777881,0.3488364517688751,0.537590742111206,-0.0967197641730308,-0.0200104061514139
1631021777943,0.3488364517688751,0.4236493706703186,0.0246605575084686,-0.0200104061514139
1631021778037,0.3488364517688751,0.2919952869415283,0.11968544870615,-0.0200104061514139
1631021778162,0.3488364517688751,0.1978857815265655,0.183589220046997,-0.0200104061514139
1631021778243,0.3488364517688751,0.1724365502595901,0.2144381403923034,-0.0200104061514139
1631021778352,0.3488364517688751,0.1816190779209137,0.2156254798173904,-0.0200104061514139
1631021778446,0.3488364517688751,0.1902615875005722,0.1981607973575592,-0.0200104061514139
1631021778524,0.3488364517688751,0.1941352039575576,0.1747686117887497,-0.0200104061514139
1631021778649,0.3488364517688751,0.1971586495637893,0.1524354815483093,-0.0544146671891212
1631021778759,0.3488364517688751,0.1998725235462188,0.1503575593233108,-0.0042157033458352
1631021778868,0.3488364517688751,0.1997319757938385,0.1517161279916763,0.1000867187976837
1631021778962,0.3488364517688751,0.1930854469537735,0.1559378951787948,0.1947928220033645
1631021779087,0.3488364517688751,0.1788009256124496,0.1613628268241882,0.2202492505311966
1631021779149,0.3161770403385162,0.1622976064682006,0.1656752377748489,0.239687293767929
1631021779261,0.4540133476257324,0.1515701115131378,0.1668553948402404,0.2590808868408203
1631021779324,0.5807856917381287,0.1489842683076858,0.1608851552009582,0.2747810184955597
1631021779480,0.6707990765571594,0.1400465071201324,0.1410187184810638,0.2843540906906128
1631021779558,0.7178024053573608,0.1085638180375099,0.1030872538685798,0.2878725826740265
1631021779652,0.7292000651359558,0.0538192130625247,0.0503796525299549,0.2881751656532287
1631021779746,0.7160618901252747,-0.0034253059420734,-0.0037926801014691,0.2855022549629211
1631021779871,0.6888065934181213,-0.0320867113769054,-0.0414438359439373,0.2780219316482544
1631021779917,0.6888065934181213,-0.0165378227829933,-0.0470042638480663,0.2780219316482544
1631021780105,0.6888065934181213,0.0505314543843269,-0.0307938307523727,0.2780219316482544
1631021780177,0.6888065934181213,0.1942335963249206,-0.0111453579738736,0.2947670221328735
1631021780279,0.6888065934181213,0.3985160291194916,0.0093450099229812,0.3058418929576874
1631021780357,0.7144902348518372,0.5920785665512085,0.0319124683737754,0.3101681470870971
1631021780435,0.7484899759292603,0.7316256761550903,0.0563670508563518,0.3104432821273803
1631021780560,0.7849626541137695,0.8116010427474976,0.0792147889733314,0.3105798065662384
1631021780685,0.8123774528503418,0.8455302715301514,0.0920993760228157,0.3083851933479309
1631021780779,0.8185017704963684,0.8534741401672363,0.0827609077095985,0.2991238236427307
1631021780888,0.7906391620635986,0.8516512513160706,0.0446413531899452,0.283157616853714
1631021780982,0.7186276912689209,0.8460786938667297,-0.0217243432998657,0.2634277641773224
1631021781076,0.7186276912689209,0.8391713500022888,-0.1102051585912704,0.2634277641773224
1631021781139,0.7186276912689209,0.8328953981399536,-0.2467215657234192,0.2634277641773224
1631021781295,0.7186276912689209,0.8286511301994324,-0.2521905899047851,0.2634277641773224
1631021781386,0.7186276912689209,0.8260223269462585,-0.1243880614638328,0.2634277641773224
1631021781482,0.7186276912689209,0.8231282830238342,-0.0068150609731674,0.2634277641773224
1631021781586,0.7186276912689209,0.8154957294464111,0.072490394115448,0.2634277641773224
1631021781677,0.7186276912689209,0.7915969491004944,0.1587233990430832,0.2634277641773224
1631021781778,0.7186276912689209,0.7309209704399109,0.2390294224023819,0.2634277641773224
1631021781924,0.7186276912689209,0.6150208711624146,0.2899224758148193,0.2634277641773224
1631021782034,0.7186276912689209,0.4401040077209472,0.30246102809906,0.2634277641773224
1631021782130,0.7186276912689209,0.2362820953130722,0.2856007814407348,0.2634277641773224
1631021782242,0.7186276912689209,0.0807502344250679,0.2558090984821319,0.2634277641773224
1631021782305,0.7186276912689209,0.0189905483275651,0.2260906398296356,0.2634277641773224
1631021782383,0.7186276912689209,0.0009042618330568,0.2019782811403274,0.2634277641773224
1631021782555,0.7186276912689209,-0.007739667315036,0.184907391667366,0.2634277641773224
1631021782633,0.7186276912689209,-0.0103179942816495,0.1715838760137558,0.2634277641773224
1631021782696,0.7186276912689209,-0.0041287564672529,0.1790668815374374,0.2634277641773224
1631021782789,0.7186276912689209,0.0045819771476089,0.1773146688938141,0.2634277641773224
1631021782961,0.3103435933589935,0.0060772877186536,0.1651796400547027,0.4293586015701294
1631021783008,0.2711582779884338,-0.0043478310108184,0.1450724452733993,0.4079753458499908
1631021783102,0.2236431986093521,-0.0268454421311616,0.1130927875638008,0.400003969669342
1631021783223,0.1776372790336609,-0.0674674063920974,0.0561237595975399,0.3871181905269623
1631021783333,0.138816237449646,-0.1336686313152313,-0.0363031663000583,0.3611574470996856
1631021783467,0.1097355037927627,-0.220623180270195,-0.1527941077947616,0.3273604810237884
1631021783513,0.1048454344272613,-0.3034887909889221,-0.2384330630302429,0.3008059859275818
1631021783620,0.1669241040945053,-0.3362033665180206,-0.1778319180011749,0.3106224834918976
1631021783747,0.3308065831661224,-0.2847946286201477,0.0764267370104789,0.3910440504550934
1631021783825,0.3308065831661224,-0.1589402556419372,0.3803160190582275,0.5201953649520874
1631021783935,0.3308065831661224,-0.0091424575075507,0.6191867589950562,0.6383938789367676
1631021784028,0.3308065831661224,0.1147363632917404,0.7730560898780823,0.7126708626747131
1631021784107,0.3270745873451233,0.1942785531282425,0.7989131808280945,0.749200165271759
1631021784205,0.3268867135047912,0.2333683669567108,0.8272274136543274,0.7587094902992249
1631021784330,0.3293664753437042,0.2476636320352554,0.8586601614952087,0.7575141787528992
1631021784471,0.3406875133514404,0.2532452344894409,0.8934239745140076,0.753340482711792
1631021784517,0.3688958883285522,0.2571701109409332,0.8924385905265808,0.7460517883300781
1631021784627,0.4057379066944122,0.2589765191078186,0.8929606676101685,0.7370433211326599
1631021784755,0.4704756438732147,0.2567679286003113,0.8955568075180054,0.729144811630249
1631021784849,0.537037193775177,0.2527628242969513,0.899934709072113,0.7243810892105103
1631021784974,0.5840001702308655,0.2501504719257355,0.9045705795288086,0.7227855324745178
1631021785052,0.5984833836555481,0.2499057203531265,0.9064737558364868,0.7214646339416504
1631021785130,0.5598540902137756,0.2472148388624191,0.8971018195152283,0.7120042443275452
1631021785242,0.3784195184707641,0.230654239654541,0.8548994064331055,0.6777902245521545
1631021785335,0.3481715023517608,0.1846263706684112,0.7412706613540649,0.6016659140586853
1631021785445,0.3249232769012451,0.0963699072599411,0.4917096495628357,0.4796753823757171
1631021785570,0.2987273931503296,-0.0346121974289417,-0.1801493465900421,0.3371569514274597
1631021785648,0.2683798670768738,-0.190024584531784,-0.1971137672662735,0.2309855222702026
1631021785757,0.2371246665716171,-0.3295299708843231,-0.2120532840490341,0.1968865692615509
1631021785870,0.2090865969657898,-0.4184242188930511,-0.2194824367761612,0.2081231027841568
1631021785980,0.1841897517442703,-0.4610245823860168,-0.2177121490240097,0.2283119708299636
1631021786042,0.1617337316274643,-0.4788144826889038,-0.2012798488140106,0.247605487704277
1631021786183,0.1262257397174835,-0.4878305494785309,-0.1992398202419281,0.2624459862709045
1631021786268,0.066102996468544,-0.4931529760360718,-0.2170940041542053,0.2733899652957916
1631021786377,-0.0043753562495112,-0.5015906691551208,-0.2484327405691146,0.2885066568851471
1631021786455,-0.0498327165842056,-0.5031489133834839,-0.2782894670963287,0.3149686157703399
1631021786580,-0.0262030102312564,-0.4392043054103851,-0.2939019501209259,0.3360942602157593
1631021786658,-0.0301748942583799,-0.2840611338615417,-0.292927473783493,0.3566846251487732
1631021786799,-0.027992270886898,-0.1049867570400238,-0.2765311896800995,0.3737338483333587
1631021786877,-0.0344520546495914,0.0468974858522415,-0.2408856302499771,0.3788797855377197
1631021786986,-0.0456998012959957,0.1576738804578781,-0.1886965334415435,0.3650970458984375
1631021787080,-0.0445472635328769,0.2308159619569778,-0.1350792199373245,0.3318796455860138
1631021787143,-0.0241768956184387,0.2749243080615997,-0.0975979194045066,0.29008948802948
1631021787238,0.0109015675261616,0.2988406121730804,-0.083591841161251,0.2550958693027496
1631021787395,0.0514348521828651,0.3102596700191498,-0.0894691348075866,0.2315995395183563
1631021787504,0.098302461206913,0.3170021474361419,-0.1049453094601631,0.215033933520317
1631021787566,0.155398741364479,0.3213269114494324,-0.1178741157054901,0.1720024347305297
1631021787676,0.2243243157863617,0.3231798410415649,-0.1168455630540847,0.1564596593379974
1631021787769,0.2243243157863617,0.3229121267795563,-0.1026802137494087,0.1754831224679947
1631021787863,0.2243243157863617,0.3226017951965332,-0.0891463756561279,0.1906403303146362
1631021787988,0.2243243157863617,0.3208936750888824,-0.0886507034301757,0.1498512327671051
1631021788129,0.2243243157863617,0.3081399500370025,-0.1011039242148399,0.1517247706651687
1631021788208,-0.1909580677747726,0.2717296481132507,-0.1174091175198555,0.1576634049415588
1631021788289,-0.1113197728991508,0.2066512405872345,-0.1319793164730072,0.1813440024852752
1631021788382,-0.0383818708360195,0.1254213452339172,-0.1501321494579315,0.2121509611606598
1631021788476,0.024174166843295,0.0779046863317489,-0.1759541034698486,0.2474610358476638
1631021788632,0.0990854278206825,0.123929388821125,-0.200885996222496,0.2961983382701874
1631021788695,0.1875417828559875,0.2351662814617157,-0.2051633149385452,0.3568936586380005
1631021788804,0.1875417828559875,0.337564617395401,-0.1836654543876648,0.3568936586380005
1631021788882,0.1875417828559875,0.3983384072780609,-0.1539194583892822,0.3568936586380005
1631021789023,0.1875417828559875,0.4215338230133056,-0.13616843521595,0.3568936586380005
1631021789085,0.1875417828559875,0.4434928894042969,-0.1345643997192382,0.3783712983131408
1631021789230,0.1875417828559875,0.4698818624019623,-0.1433714777231216,0.3990533351898193
1631021789324,0.1875417828559875,0.5011762380599976,-0.1383213549852371,0.4172014594078064
1631021789417,0.2162676304578781,0.5357968211174011,-0.029140556231141,0.4359193742275238
1631021789527,0.2579977512359619,0.5732851624488831,-0.0182142704725265,0.4609883427619934
1631021789636,0.3067264258861542,0.6146520972251892,0.0028905293438583,0.4956723153591156
1631021789730,0.3534833192825317,0.6547719240188599,0.0301019754260778,0.5373328924179077
1631021789855,0.3975582420825958,0.686001718044281,0.056683000177145,0.578308641910553
1631021789921,0.3975582420825958,0.7064876556396484,0.0771700590848922,0.578308641910553
1631021790046,0.3975582420825958,0.7021852731704712,0.089144043624401,0.578308641910553
1631021790108,0.3975582420825958,0.6580976247787476,0.093624323606491,0.578308641910553
1631021790220,0.3975582420825958,0.5697201490402222,0.0929063782095909,0.578308641910553
1631021790283,0.3975582420825958,0.4555142521858215,0.0937986820936203,0.578308641910553
1631021790439,0.3975582420825958,0.3616135418415069,0.1104650497436523,0.578308641910553
1631021790532,0.3975582420825958,0.3263783454895019,0.0905409157276153,0.578308641910553
1631021790626,0.3975582420825958,0.3274102509021759,0.1129073575139045,0.578308641910553
1631021790705,0.3975582420825958,0.3484266996383667,0.1764184832572937,0.578308641910553
1631021790798,0.3975582420825958,0.3766725063323974,0.2349869906902313,0.578308641910553
1631021790892,0.3975582420825958,0.4062503278255462,0.1349110603332519,0.578308641910553
1631021791048,0.3975582420825958,0.4351388216018677,0.1581191420555114,0.578308641910553
1631021791142,0.3975582420825958,0.4351388216018677,0.152741253376007,0.578308641910553
1631021791251,0.3975582420825958,0.4194982647895813,0.1378019750118255,0.578308641910553
1631021791329,0.3975582420825958,0.4072093367576599,0.122771993279457,0.578308641910553
1631021791454,0.3975582420825958,0.3969224095344543,0.1086908131837844,0.578308641910553
1631021791532,0.3975582420825958,0.3965299725532532,0.093969814479351,0.578308641910553
1631021791657,0.3975582420825958,0.375975102186203,0.0781376734375953,0.578308641910553
1631021791751,0.3975582420825958,0.3673926293849945,0.063788503408432,0.578308641910553
1631021791829,0.3975582420825958,0.3697963058948517,0.0532024316489696,0.578308641910553
1631021791954,0.3975582420825958,0.3747633695602417,0.0460098348557949,0.578308641910553
1631021792063,0.3975582420825958,0.3726771473884582,0.0598954483866691,0.578308641910553
1631021792141,0.2690387070178985,0.3486462533473968,0.0631498619914054,0.578308641910553
1631021792304,0.2228162586688995,0.2931671440601349,0.0450805872678756,0.2407008707523346
1631021792398,0.1882888674736023,0.208856388926506,0.0052459519356489,0.2549659609794616
1631021792445,0.176870584487915,0.0950975865125656,-0.0448569022119045,0.2508364915847778
1631021792554,0.1915215700864792,-0.0648795887827873,-0.0885666534304618,0.2471578419208526
1631021792648,0.2191662937402725,-0.0488117784261703,-0.1174639239907264,0.2553201019763946
1631021792742,0.2397496402263641,-0.0487303845584392,-0.1389606148004531,0.2673795819282532
1631021792882,0.2451522499322891,-0.0651408284902572,-0.1616251319646835,0.2681062221527099
1631021792961,0.2357182055711746,-0.0897931978106498,-0.1883510500192642,0.2523379623889923
1631021793054,0.2201476544141769,-0.1141507253050804,-0.216393694281578,0.2278840690851211
1631021793148,0.2036874890327453,-0.1271181404590606,-0.240639790892601,0.2063587307929992
1631021793244,0.1872685104608535,-0.139380544424057,-0.2602454721927643,0.1908177584409713
1631021793354,0.1575130969285965,-0.1573919355869293,-0.2804892361164093,0.1791412830352783
1631021793510,0.1302111446857452,-0.1643556505441665,-0.3083374500274658,0.1673859506845474
1631021793588,0.1135184168815612,-0.1364268958568573,-0.3496962785720825,0.1573604345321655
1631021793666,0.1142012700438499,-0.0743549466133117,-0.4019774198532104,0.1460331976413726
1631021793775,0.1282398402690887,-0.0093808639794588,-0.4526330530643463,0.129892885684967
1631021793869,0.1405033022165298,0.0307370033115148,-0.4919500648975372,0.1081421822309494
1631021793963,0.1346630603075027,0.0376248322427272,-0.5225870013237,0.0848025158047676
1631021794103,0.1040564030408859,0.0204403270035982,-0.55197674036026,0.0599302276968956
1631021794199,0.0539390929043293,-0.0039011356420814,-0.5741348266601562,0.0356052629649639
1631021794293,0.0159362833946943,-0.0167414061725139,-0.5519363880157471,0.030039208009839
1631021794356,-0.0153923798352479,-0.0086663588881492,-0.458050787448883,0.0059266262687742
1631021794512,-0.0283283963799476,0.0202534329146146,-0.3262190818786621,0.0021843474823981
1631021794606,-0.0281637646257877,0.0617916285991668,-0.2047974318265915,0.0160695370286703
1631021794717,-0.0216571222990751,0.0867295861244201,-0.1092438772320747,0.0313979126513004
1631021794780,-0.0095293642953038,0.1109183952212333,-0.0387656576931476,0.041704922914505
1631021794905,0.0029864062089473,0.1611731797456741,0.0095227863639593,0.0489438809454441
1631021794983,0.0132121797651052,0.1822541803121566,0.0371860042214393,0.0581628680229187
1631021795077,0.0162163358181715,0.1681725680828094,0.0493306033313274,0.0634732842445373
1631021795155,-0.0045582135207951,0.1220511347055435,0.054485984146595,0.0575291886925697
1631021795314,-0.0722780525684356,0.0619201846420764,0.0584168098866939,0.0445655100047588
1631021795407,-0.0722780525684356,0.0103797959163784,0.0630884394049644,0.0218772180378437
1631021795501,-0.0722780525684356,-0.0159697104245424,0.0698573291301727,0.0039585120975971
1631021795595,-0.0722780525684356,-0.0206645783036947,0.0781412050127983,-0.0239749662578105
1631021795673,-0.0722780525684356,-0.017076089978218,0.0830084234476089,-0.1037566438317298
1631021795782,-0.0722780525684356,-0.018725898116827,0.0758144110441207,-0.3438748717308044
1631021795907,-0.1119812279939651,-0.0345446839928627,0.04786167293787,-0.3379581868648529
1631021796017,-0.0793375372886657,-0.0736088529229164,-0.0030748953577131,-0.3302805125713348
1631021796110,-0.03441758826375,-0.1407020539045334,-0.071956492960453,-0.3336821496486664
1631021796220,0.028216304257512,-0.1583586931228637,-0.1549326777458191,-0.3452433049678802
1631021796282,0.104418858885765,-0.1558526158332824,-0.2511441707611084,-0.3510189950466156
1631021796423,0.1730070561170578,-0.2135528773069381,-0.3532442450523376,-0.3392761647701263
1631021796532,0.223869577050209,-0.232811838388443,-0.4319293200969696,-0.3015704154968261
1631021796641,0.251987487077713,-0.2218222469091415,-0.4540551900863647,-0.2440526336431503
1631021796735,0.2618334591388702,-0.2051239162683487,-0.4238616526126861,-0.1764018237590789
1631021796829,0.2618334591388702,-0.1975666880607605,-0.3481081128120422,-0.1764018237590789
1631021796938,0.2618334591388702,-0.1821412444114685,-0.1658117920160293,-0.1811833381652832
1631021797016,0.2618334591388702,-0.1231281980872154,0.1325917541980743,-0.1713214516639709
1631021797157,0.2819177806377411,0.0005396102787926,0.1503737866878509,-0.1525889933109283
1631021797255,0.3100833892822265,0.1496505588293075,0.1709778755903244,-0.1285273879766464
1631021797317,0.3408659100532532,0.2706726789474487,0.1967318058013916,-0.1053442656993866
1631021797442,0.371943324804306,0.3436153829097748,0.2275303453207016,-0.0854447707533836
1631021797536,0.4044335484504699,0.3752506971359253,0.2621870636940002,-0.0630104765295982
1631021797614,0.4363199770450592,0.3840191662311554,0.3006616830825805,-0.0286954268813133
1631021797755,0.4611652493476867,0.3841552734375,0.3443483710289001,0.0222002770751714
1631021797848,0.4681401550769806,0.3784275650978088,0.3954149484634399,0.08549515157938
1631021797958,0.4681401550769806,0.3659307658672333,0.3991984128952026,0.08549515157938
1631021798036,0.4681401550769806,0.3490310609340668,0.4010218679904938,0.08549515157938
1631021798161,0.4681401550769806,0.3333252668380737,0.4022226333618164,0.08549515157938
1631021798210,0.4681401550769806,0.3239267766475677,0.40484419465065,0.08549515157938
1631021798398,0.4681401550769806,0.3222988843917846,0.3988798260688782,-0.0572651512920856
1631021798492,0.176313504576683,0.3216450810432434,0.3247115612030029,0.0112821143120527
1631021798554,0.1561824828386306,0.3057047724723816,-0.1425644904375076,0.0288804396986961
1631021798663,0.1218214705586433,0.2502872347831726,-0.1556097567081451,0.0125957895070314
1631021798726,0.085572101175785,0.1334679573774337,-0.1782484352588653,-0.01344979647547
1631021798851,0.0697459056973457,-0.0488132983446121,-0.1970700472593307,-0.0327767580747604
1631021798960,0.0858300402760505,-0.2609820067882538,-0.2039446979761123,-0.0451066903769969
1631021799054,0.118556797504425,-0.4103146195411682,-0.1986792087554931,-0.0538506433367729
1631021799163,0.1453866064548492,-0.4484792649745941,-0.1886230111122131,-0.0589524693787097
1631021799257,0.1536671072244644,-0.4374928474426269,-0.1842047721147537,-0.0589131899178028
1631021799351,0.146922767162323,-0.4223400950431824,-0.1875014156103134,-0.0480958707630634
1631021799491,0.1345900297164917,-0.4083315134048462,-0.1789368838071823,-0.0256077609956264
1631021799570,0.1196415498852729,-0.3914505541324615,-0.158320814371109,0.0162941943854093
1631021799663,0.100497081875801,-0.3737237751483917,-0.1361584067344665,0.0475850105285644
1631021799741,0.0753908678889274,-0.36424520611763,-0.1327998042106628,0.0568150989711284
1631021799866,0.0514913834631443,-0.3703956305980682,-0.1548963785171508,0.0513180159032344
1631021799960,0.0472891777753829,-0.3832414150238037,-0.1903649121522903,0.0458413027226924
1631021800038,0.0761965662240982,-0.3773173093795776,-0.2173167765140533,0.0482840687036514
1631021800195,0.136453777551651,-0.329659640789032,-0.2231155931949615,0.0574056096374988
1631021800289,0.2087578773498535,-0.2378178685903549,-0.2116271406412124,0.0754241272807121
1631021800367,0.2887449264526367,-0.0944548770785331,-0.1937150061130523,0.1374569684267044
1631021800460,0.3768304884433746,0.0729956105351448,-0.1779552549123764,0.2598099708557129
1631021800585,0.3795467317104339,0.2225709855556488,-0.1691411584615707,0.278424471616745
1631021800679,0.3817914426326751,0.3277598321437835,-0.1669678092002868,0.2980173528194427
1631021800804,0.3920118510723114,0.3513043820858001,-0.1624311357736587,0.31782266497612
1631021800913,0.4127525687217712,0.3769013285636902,-0.1472620964050293,0.3345401585102081
1631021800991,0.4409299194812774,0.4050696492195129,-0.1259976774454116,0.3454905450344085
1631021801100,0.4759926199913025,0.4357613921165466,-0.1126571595668792,0.3533217012882232
1631021801210,0.5193630456924438,0.4696400165557861,-0.1141880229115486,0.3663150072097778
1631021801288,0.5701416730880737,0.5086280107498169,-0.1233696863055229,0.390653133392334
1631021801428,0.6255097985267639,0.5541170239448547,-0.1292386651039123,0.4235127866268158
1631021801522,0.6804957985877991,0.5562189221382141,-0.1280157715082168,0.4622659981250763
1631021801600,0.7333335876464844,0.5576997399330139,-0.1247138679027557,0.5158935189247131
1631021801678,0.7333335876464844,0.5520090460777283,-0.1212821751832962,0.5158935189247131
1631021801803,0.7333335876464844,0.5339566469192505,-0.107775330543518,0.5158935189247131
1631021801897,0.7333335876464844,0.4921174347400665,-0.0623517110943794,0.5158935189247131
1631021802022,0.7333335876464844,0.4162061512470245,0.017084902152419,0.5158935189247131
1631021802116,0.7402758002281189,0.2986420392990112,0.1054568886756897,0.7555912137031555
1631021802194,0.759011447429657,0.147586703300476,0.1817370951175689,0.770171582698822
1631021802288,0.7541848421096802,0.164002239704132,0.2612920701503753,0.761595606803894
1631021802436,0.7793286442756653,0.1741460561752319,0.2759678959846496,0.7711130380630493
1631021802542,0.8540222644805908,0.2113780081272125,0.2892457246780395,0.8131025433540344
1631021802636,0.939738631248474,0.2687038779258728,0.5568432807922363,0.8618634343147278
1631021802745,0.939738631248474,0.3154048025608063,0.714284360408783,0.8887405395507812
1631021802823,0.939738631248474,0.336986780166626,0.7939597964286804,0.885574460029602
1631021802933,0.922648549079895,0.3349401354789734,0.8246837854385376,0.8615996241569519
1631021802995,0.922648549079895,0.3406099379062652,0.8325042724609375,0.831745982170105
1631021803120,0.922648549079895,0.3370368480682373,0.8344146013259888,0.8039398789405823
1631021803245,0.922648549079895,0.3300619721412658,0.8347687721252441,0.7791833877563477
1631021803323,0.9129091501235962,0.3220377564430237,0.8329271674156189,0.7720599174499512
1631021803417,0.8941565752029419,0.3096754550933838,0.8252939581871033,0.7553910613059998
1631021803545,0.86195969581604,0.2900205850601196,0.8095753788948059,0.7269579768180847
1631021803623,0.8200032711029053,0.2724555730819702,0.7884275317192078,0.6937021017074585
1631021803717,0.7870054841041565,0.278326004743576,0.7680968642234802,0.6733720898628235
1631021803811,0.7722281813621521,0.3127169609069824,0.7454678416252136,0.6761892437934875
1631021803951,0.7423810958862305,0.3469927608966827,0.7248460054397583,0.6827235221862793
1631021804045,0.642885684967041,0.3502070009708404,0.7052281498908997,0.6658620238304138
1631021804123,0.4030379056930542,0.316239058971405,0.5617355704307556,0.6023547649383545
1631021804202,0.4030379056930542,0.2678791284561157,0.3594604730606079,0.5306693911552429
1631021804326,0.4030379056930542,0.2503379881381988,0.1546820253133773,0.4889750182628631
1631021804455,0.3379594385623932,0.2890614867210388,0.0466248877346515,0.4934518337249756
1631021804549,0.3379594385623932,0.3545919358730316,0.0386428646743297,0.522088885307312
1631021804689,0.3379594385623932,0.409268707036972,0.0502241812646389,0.5560152530670166
1631021804767,0.3379594385623932,0.4392085671424866,0.052073486149311,0.5925025343894958
1631021804830,0.3595986664295196,0.4498575925827026,0.0450381860136985,0.6317125558853149
1631021804939,0.3942117691040039,0.4526369869709015,0.0379397124052047,0.6754046082496643
1631021805048,0.4466035962104797,0.4519658088684082,0.0346766002476215,0.7273029685020447
1631021805173,0.5132104158401489,0.4448505938053131,0.0311900787055492,0.7895233035087585
1631021805236,0.5132104158401489,0.4245225787162781,0.0159906465560197,0.7531335949897766
1631021805361,0.5132104158401489,0.3915979564189911,-0.0216750167310237,0.6657858490943909
1631021805470,0.5132104158401489,0.3612912595272064,-0.0801383778452873,0.4971127510070801
1631021805533,0.5132104158401489,0.3622626364231109,-0.1438860893249511,0.2711440324783325
1631021805689,0.5132104158401489,0.4033422768115997,-0.1956974416971206,0.3756326735019684
1631021805783,0.5132104158401489,0.4560638666152954,-0.2385620772838592,0.4568875730037689
1631021805861,0.5132104158401489,0.4815514683723449,-0.2939344048500061,0.4568875730037689
1631021805970,0.5132104158401489,0.4654287993907928,-0.3678761422634125,0.4568875730037689
1631021806048,0.5132104158401489,0.4227663874626159,-0.4225971400737762,0.4568875730037689
1631021806142,0.5132104158401489,0.3889586925506592,-0.4016545712947845,0.4568875730037689
1631021806329,0.5132104158401489,0.3810502588748932,-0.3188635110855102,0.4568875730037689
1631021806423,0.5132104158401489,0.3967978060245514,-0.2360912710428238,0.4568875730037689
1631021806486,0.5132104158401489,0.4163713753223419,-0.1827931106090545,0.4568875730037689
1631021806579,0.5132104158401489,0.4232379496097564,-0.1546275019645691,0.4568875730037689
1631021806657,0.5132104158401489,0.4208725094795227,-0.1395278871059417,0.4568875730037689
1631021806782,0.5132104158401489,0.4147910475730896,-0.130498930811882,0.5019001960754395
1631021806925,0.5132104158401489,0.408076524734497,-0.1245328411459922,0.5547531247138977
1631021807033,0.5132104158401489,0.3985466957092285,-0.1198018193244934,0.5547531247138977
1631021807098,0.5132104158401489,0.3720599412918091,-0.1163655221462249,0.5547531247138977
1631021807185,0.5132104158401489,0.3113161325454712,-0.1146843507885932,0.5547531247138977
1631021807277,0.5132104158401489,0.2171209454536438,-0.1084098294377327,0.5547531247138977
1631021807376,0.219940572977066,0.1290996372699737,-0.056823257356882,0.020174341276288
1631021807503,0.3501913547515869,0.1188771799206733,0.0999243631958961,0.067571073770523
1631021807616,0.5490729808807373,0.2089969664812088,0.1107033863663673,0.1987241804599762
1631021807744,0.7203842997550964,0.3374881446361542,0.1061993762850761,0.3458099365234375
1631021807810,0.8275774121284485,0.4496974647045135,0.0878201872110366,0.4527761340141296
1631021807877,0.8708251118659973,0.5158807635307312,0.0674211382865905,0.5027951002120972
1631021807997,0.8688778877258301,0.5520309805870056,0.0592271126806736,0.5069161653518677
1631021808137,0.8441569209098816,0.567830502986908,0.068025067448616,0.4832895696163177
1631021808194,0.813356876373291,0.5730006098747253,0.0893730670213699,0.4506381750106811
1631021808313,0.7832390069961548,0.5741269588470459,0.1214222833514213,0.4184434413909912
1631021808424,0.75607830286026,0.5727860331535339,0.1210333183407783,0.3928262889385223
1631021808482,0.75607830286026,0.5715665221214294,0.1276348829269409,0.3827478587627411
1631021808604,0.7793259024620056,0.5740076303482056,0.1417047828435897,0.3972896635532379
1631021808738,0.805893063545227,0.5858564376831055,0.1654445081949234,0.4153702557086944
1631021808819,0.8351831436157227,0.611446738243103,0.1919717341661453,0.4386003315448761
1631021808897,0.8645107746124268,0.6470929384231567,0.1698221713304519,0.4640379548072815
1631021809006,0.8823274970054626,0.6764283180236816,-0.1190274953842163,0.4824327528476715
1631021809100,0.8647629618644714,0.6795912981033325,-0.1169440150260925,0.4727469980716705
1631021809197,0.789060115814209,0.6452018618583679,-0.1361052095890045,0.4126768410205841
1631021809322,0.6376834511756897,0.578782856464386,-0.1656637340784073,0.2858539223670959
1631021809421,0.4147255420684814,0.5020721554756165,-0.1967165619134903,0.1007508039474487
1631021809538,0.1686195433139801,0.4432062208652496,-0.2267705202102661,-0.0882588475942611
1631021809602,0.1686195433139801,0.4120316505432129,-0.2562705278396606,-0.1644939631223678
1631021809712,0.1686195433139801,0.3991215825080871,-0.2845420837402344,-0.1644939631223678
1631021809796,0.1686195433139801,0.3920593857765198,-0.3102151751518249,-0.1644939631223678
1631021809935,0.1686195433139801,0.3858735859394073,-0.3285798728466034,-0.1644939631223678
1631021810038,0.1686195433139801,0.3761259019374847,-0.3447699248790741,-0.1644939631223678
1631021810131,0.1255792826414108,0.3586156368255615,-0.3610882759094238,0.1291413307189941
1631021810225,0.186552956700325,0.3264901041984558,-0.3837421536445617,0.164445012807846
1631021810335,0.2771142125129699,0.2693439126014709,-0.4165556728839874,0.2197563350200653
1631021810413,0.4284770488739013,0.1779402196407318,-0.4477178454399109,0.3317798972129822
1631021810538,0.4284770488739013,0.0596145763993263,-0.4479991495609283,0.3317798972129822
1631021810663,0.4284770488739013,-0.1005037352442741,-0.4019553065299988,0.3317798972129822
1631021810741,0.4284770488739013,-0.2552203834056854,-0.3127282857894897,0.3317798972129822
1631021810850,0.4284770488739013,-0.3413812816143036,-0.2082595080137252,0.3317798972129822
1631021810944,0.4284770488739013,-0.0613942630589008,-0.1155690550804138,0.3317798972129822
1631021811022,0.4284770488739013,0.1295161098241806,-0.0483426786959171,0.3317798972129822
1631021811131,0.4284770488739013,0.2462570667266845,-0.0079234279692173,0.3317798972129822
1631021811269,0.4284770488739013,0.3067085146903991,0.0118610737845301,0.3317798972129822
1631021811378,0.4781023859977722,0.3358150124549866,0.0209717452526092,0.3713599145412445
1631021811440,0.5295020937919617,0.350671648979187,0.0248852930963039,0.4128729403018951
1631021811534,0.5830593705177307,0.3594438731670379,0.0263950861990451,0.4542019069194793
1631021811628,0.5830593705177307,0.3647375106811523,0.0264200437813997,0.4542019069194793
1631021811772,0.5830593705177307,0.3683131337165832,0.0245555285364389,0.4542019069194793
1631021811866,0.5830593705177307,0.3699072599411011,0.0198546927422285,0.4542019069194793
1631021811991,0.5830593705177307,0.3670737743377685,0.0097699873149394,0.4542019069194793
1631021812038,-0.1251503676176071,0.3556943833827972,-0.0094160940498113,-0.4418002665042877
1631021812163,-0.1282354742288589,0.3361817896366119,-0.0404113419353961,-0.4664497673511505
1631021812228,-0.1333638131618499,0.3167434334754944,-0.0920124724507331,-0.492476612329483
1631021812384,-0.1347771137952804,0.2970046997070312,-0.1581994891166687,-0.4817577302455902
1631021812494,-0.1026735007762909,0.2229006141424179,-0.1596406400203704,-0.389627605676651
1631021812556,0.0273297447711229,0.1517369300127029,0.0349990874528884,-0.1792870312929153
1631021812650,0.2360066473484039,0.1573074460029602,0.3215092420578003,0.0935670360922813
1631021812744,0.4261711835861206,0.2597986757755279,0.5519485473632812,0.324262410402298
1631021812853,0.551082968711853,0.3783952593803406,0.6967851519584656,0.4746763110160827
1631021812978,0.6130920648574829,0.4599931836128235,0.7701298594474792,0.5492963194847107
1631021813087,0.6266049742698669,0.4993026554584503,0.7973034977912903,0.566421389579773
1631021813165,0.6266049742698669,0.5114226937294006,0.8034528493881226,0.5522045493125916
1631021813275,0.6537370085716248,0.5121958255767822,0.8043156862258911,0.5538507103919983
1631021813390,0.6548759937286377,0.5095280408859253,0.8045257329940796,0.5559271574020386
1631021813483,0.6561934351921082,0.5048856139183044,0.8049017190933228,0.5591239333152771
1631021813593,0.6619935035705566,0.4989771544933319,0.8050723075866699,0.563936710357666
1631021813702,0.683020293712616,0.4963808357715606,0.8053850531578064,0.5758888125419617
1631021813765,0.712959885597229,0.5033721327781677,0.8072941303253174,0.6041389107704163
1631021813858,0.7456806898117065,0.5235158801078796,0.8104690313339233,0.6333959698677063
1631021813968,0.7786009311676025,0.5554649233818054,0.8071746826171875,0.6606867909431458
1631021814093,0.8000540137290955,0.5674707293510437,0.7776260375976562,0.6766372323036194
1631021814201,0.7885116338729858,0.5517840385437012,0.6962593793869019,0.6608188152313232
1631021814313,0.7234647870063782,0.4924772679805755,0.5448088049888611,0.5897051692008972
1631021814391,0.5964847803115845,0.3888522982597351,0.324567586183548,0.5677673816680908
1631021814485,0.4163059294223785,0.2672489285469055,0.08714210242033,0.5119318962097168
1631021814595,0.2505233883857727,0.1825248748064041,-0.0584881864488124,0.4694995284080505
1631021814688,0.2505233883857727,0.134445920586586,-0.0906440317630767,0.4612399637699127
1631021814829,0.2505233883857727,0.1253098100423813,-0.0892300084233284,0.4656969904899597
1631021814939,0.2505233883857727,0.1243526265025138,-0.0863493010401725,0.4713017642498016
1631021815016,0.2505233883857727,0.1230937913060188,-0.0807469561696052,0.4813401103019714
1631021815095,0.2505233883857727,0.1203372329473495,-0.0645043551921844,0.498198002576828
1631021815193,0.2505233883857727,0.1035498902201652,-0.0425760187208652,0.5092547535896301
1631021815301,0.1039302200078964,0.0495993383228778,-0.0314803272485733,0.498733639717102
1631021815441,0.1376242041587829,-0.079175941646099,-0.0422934591770172,0.4835763573646545
1631021815503,0.1605946570634842,-0.4249606728553772,-0.0730144008994102,0.4638517498970032
1631021815613,0.1769028455018997,-0.3780106008052826,-0.111129380762577,0.4415238201618194
1631021815722,0.1866695135831833,-0.3257006108760834,-0.1369578689336776,0.4172556698322296
1631021815800,0.1952663660049438,-0.2733545303344726,-0.1166115328669548,0.393957644701004
1631021815902,0.2149571031332016,-0.1986821591854095,0.0136592248454689,0.2588592171669006
1631021816043,0.2740718722343445,-0.0740334615111351,0.2686688005924225,0.1901013553142547
1631021816105,0.3705963492393493,0.0797695890069007,0.2875852286815643,0.2114321291446685
1631021816218,0.4661222994327545,0.2296318709850311,0.3093344867229461,0.2719032168388366
1631021816312,0.5303370356559753,0.334375262260437,0.3353268206119537,0.3274099826812744
1631021816437,0.5565568804740906,0.3919573128223419,0.364480197429657,0.3622225522994995
1631021816499,0.5756336450576782,0.4170042872428894,0.3941044211387634,0.3758520483970642
1631021816640,0.5853121876716614,0.4280259609222412,0.4229975342750549,0.3745663464069366
1631021816734,0.595698356628418,0.4369217455387115,0.4533434510231018,0.3672770857810974
1631021816827,0.6067394018173218,0.4452236294746399,0.4405592083930969,0.3652797043323517
1631021816952,0.6155645847320557,0.4505643546581268,0.4344108700752258,0.3748272061347961
1631021817031,0.6194325089454651,0.4513851404190063,0.4354951083660126,0.3951500952243805
1631021817109,0.6190580725669861,0.4480373561382293,0.4420652091503143,0.4190189838409424
1631021817249,0.616629958152771,0.4423373937606811,0.4497557878494262,0.4409858286380768
1631021817359,0.6112483143806458,0.4343821108341217,0.443025678396225,0.4569613039493561
1631021817452,0.5992355346679688,0.4184132814407348,0.3633708953857422,0.4624689519405365
1631021817515,0.570195734500885,0.3810988664627075,-0.0964920222759246,0.4492876231670379
1631021817640,0.5214532613754272,0.3055711388587951,-0.0136541249230504,0.4190278947353363
1631021817702,0.4881031811237335,0.1897942572832107,0.2070303559303283,0.401169866323471
1631021817890,0.4185627698898315,0.0660527348518371,0.4769476652145386,0.4495795369148254
1631021817937,0.3652786612510681,0.0102761527523398,0.4769476652145386,0.441226452589035
1631021818062,0.3451980352401733,-0.037428118288517,0.4769476652145386,0.444954514503479
1631021818155,0.344387024641037,-0.0503770373761653,0.4769476652145386,0.4560988247394562
1631021818252,0.3351325392723083,-0.0578253045678138,0.4769476652145386,0.4686722159385681
1631021818361,0.3116512596607208,-0.0662496387958526,0.5129494667053223,0.4780949652194977
1631021818470,0.2849323749542236,-0.0678298324346542,0.5510024428367615,0.4824089109897613
1631021818580,0.2703071534633636,-0.0556436851620674,0.5921120047569275,0.4808114767074585
1631021818658,0.2734847068786621,-0.0316119827330112,0.5842997431755066,0.4788865149021148
1631021818752,0.2937677204608917,-0.0013248865725472,0.5763036608695984,0.4862473011016845
1631021818861,0.341669887304306,-0.0072813793085515,0.5681354403495789,0.4895349442958832
1631021818955,0.341669887304306,0.0335563756525516,0.5625327229499817,0.5573194622993469
1631021819111,0.341669887304306,0.1348256468772888,0.5609742999076843,0.6867420673370361
1631021819199,0.341669887304306,0.259685069322586,0.5431795120239258,0.837886393070221
1631021819275,0.341669887304306,0.296850174665451,0.4384362399578094,0.8790128231048584
1631021819400,0.341669887304306,0.311383992433548,-0.0845299363136291,0.8546011447906494
1631021819462,0.341669887304306,0.2646454274654388,-0.0498638041317462,0.8546011447906494
1631021819587,0.341669887304306,0.2646454274654388,-0.0372817777097225,0.8546011447906494
1631021819696,0.341669887304306,0.3510652482509613,-0.0469371266663074,0.8546011447906494
1631021819775,0.341669887304306,0.3354762494564056,-0.0718629136681556,0.8546011447906494
1631021819868,0.341669887304306,0.2880250811576843,-0.1013122946023941,0.8020456433296204
1631021819962,0.341669887304306,0.2351515293121338,-0.1281226724386215,0.8020456433296204
1631021820071,0.341669887304306,0.1871105730533599,-0.1495925039052963,0.8020456433296204
1631021820165,0.341669887304306,0.1439955681562423,-0.1505093723535537,0.8020456433296204
1631021820290,0.341669887304306,0.1053538918495178,-0.1541339755058288,0.7577784061431885
1631021820368,0.341669887304306,0.09751508384943,-0.160581037402153,0.7800697088241577
1631021820493,0.341669887304306,0.0687709376215934,-0.1724166125059127,0.7769345641136169
1631021820587,0.1450411975383758,-0.0059893033467233,-0.1950121521949768,0.7084331512451172
1631021820665,0.1018828898668289,-0.156446099281311,-0.2294645458459854,0.4995428919792175
1631021820790,0.0755751430988311,-0.1603561043739318,-0.2738898992538452,0.4470599591732025
1631021820931,0.0704569295048713,-0.1567181646823883,-0.320109486579895,0.4019331932067871
1631021821009,0.1143383309245109,-0.1480466723442077,-0.354848563671112,0.3819641768932342
1631021821071,0.2391107380390167,-0.1327081769704818,-0.365499198436737,0.4060240089893341
1631021821195,0.4024559557437897,-0.2442238330841064,-0.3511046469211578,0.4711252152919769
1631021821341,0.53403240442276,-0.2545311152935028,-0.328105479478836,0.5440435409545898
1631021821372,0.6065881848335266,-0.2093972861766815,-0.312033474445343,0.6051674485206604
1631021821513,0.6267116665840149,-0.1660293042659759,-0.3058167695999145,0.6333978176116943
1631021821607,0.6154847145080566,-0.1432346999645233,-0.3045287430286407,0.6405366659164429
1631021821723,0.5935888290405273,-0.1339340507984161,-0.3034844696521759,0.6355889439582825
1631021821801,0.5876439213752747,-0.1290731132030487,-0.301718920469284,0.634669303894043
1631021821880,0.5810015797615051,-0.1238655224442482,-0.300176054239273,0.6188315153121948
1631021821989,0.5755377411842346,-0.1210820972919464,-0.3015817999839782,0.5966686606407166
1631021822146,0.5719895958900452,-0.1250468343496322,-0.3081240653991699,0.5781096816062927
1631021822228,0.5705382227897644,-0.1359637230634689,-0.3192056119441986,0.5688168406486511
1631021822337,0.5701862573623657,-0.1475288271903991,-0.3342168033123016,0.566033661365509
1631021822384,0.5707475543022156,-0.1546567678451538,-0.34941366314888,0.5647147297859192
1631021822525,0.5649176239967346,-0.158772736787796,-0.3624250292778015,0.5586622357368469
1631021822634,0.5340549349784851,-0.1730079501867294,-0.3722653090953827,0.5371406078338623
1631021822728,0.4588886201381683,-0.2082452774047851,-0.3759885728359222,0.4867039024829864
1631021822821,0.342986911535263,-0.2598884701728821,-0.3685506582260132,0.401942491531372
1631021822931,0.2298261374235153,-0.3037140667438507,-0.3533046543598175,0.2911626994609833
1631021823009,0.1310115605592727,-0.3164303302764892,-0.3188496530056,0.17216457426548
1631021823103,0.0957987755537033,-0.2988500893115997,-0.191817358136177,0.0773792937397956
1631021823228,0.1005297526717186,-0.2517692148685455,-0.1755373626947403,0.056576918810606
1631021823368,0.4035170674324035,-0.1626227349042892,-0.1591747552156448,0.1418309509754181
1631021823446,0.6447228789329529,-0.0373311638832092,-0.1395616680383682,0.2769962847232818
1631021823571,0.8098220229148865,0.0864444449543953,-0.1146146059036254,0.3958483040332794
1631021823649,0.9090723395347596,0.1777964830398559,-0.0845818445086479,0.4789139330387115
1631021823712,0.9444034695625304,0.2301244437694549,-0.0511635430157184,0.5367119908332825
1631021823806,0.982312262058258,0.2523986101150512,-0.0162575636059045,0.581393301486969
1631021823962,1.022769570350647,0.2577215135097503,0.0147206271067261,0.6191720962524414
1631021824040,1.067314386367798,0.2572833597660064,0.0382510535418987,0.6472733616828918
1631021824149,1.0865049362182615,0.2606832385063171,0.058461770415306,0.6649337410926819
1631021824262,1.1124780178070068,0.2749655842781067,0.0586088746786117,0.6743802428245544
1631021824324,1.1382694244384766,0.2985163629055023,0.0661361962556839,0.6800788640975952
1631021824418,1.154546856880188,0.3241150081157684,0.0972910448908805,0.6871416568756104
1631021824559,1.122052550315857,0.3464013934135437,0.1263733208179474,0.6971926689147949
1631021824652,1.085712432861328,0.3616454899311065,0.0379189662635326,0.7045206427574158
1631021824746,1.04966139793396,0.364298939704895,0.0259978454560041,0.6990357637405396
1631021824855,0.9956764578819276,0.3467224538326263,0.0042437901720404,0.6693198084831238
1631021824949,0.902841329574585,0.3069387376308441,-0.0060280077159404,0.6167847514152527
1631021825027,0.7819544076919556,0.2645955979824066,0.014431532472372,0.5625177025794983
1631021825168,0.6643043160438538,0.2564803063869476,0.0583335794508457,0.518139660358429
1631021825280,0.6643043160438538,0.2934252619743347,0.0988223031163215,0.4810329079627991
1631021825358,0.6643043160438538,0.346859723329544,0.1200852543115615,0.4455082416534424
1631021825452,0.6643043160438538,0.3898754715919494,0.1228490620851516,0.4034518897533417
1631021825592,0.6643043160438538,0.4163132011890411,0.1176317930221557,0.3605688810348511
1631021825639,0.653465211391449,0.4305672943592071,0.1172278970479965,0.3249216377735138
1631021825795,0.6155149340629578,0.4328317940235138,0.1269765049219131,0.30321004986763
1631021825858,0.5425195097923279,0.4206231534481048,0.1355288177728653,0.2963858842849731
1631021825952,0.4499654173851013,0.3968717753887176,0.1335453391075134,0.2926419079303741
1631021826061,0.3764351010322571,0.3687715530395508,0.1193251386284828,0.2807605862617492
1631021826155,0.3656286299228668,0.3448074460029602,0.0993602946400642,0.2641167342662811
1631021826248,0.3656286299228668,0.3305301070213318,0.0832548290491104,0.2641167342662811
1631021826405,0.3656286299228668,0.3248999714851379,0.0744877085089683,0.2641167342662811
1631021826483,0.3656286299228668,0.3181456625461578,0.065123438835144,0.2641167342662811
1631021826577,0.3656286299228668,0.2940143048763275,0.0472350418567657,0.2641167342662811
1631021826670,0.3656286299228668,0.2426318526268005,0.0483890622854232,0.2641167342662811
1631021826748,0.3656286299228668,0.1819673925638198,0.0086941812187433,0.2832595407962799
1631021826889,0.3656286299228668,0.1570460796356201,-0.0272780861705541,0.4639238119125366
1631021826998,0.3656286299228668,0.1881530582904815,-0.0468760132789611,0.6259412169456482
1631021827123,0.3656286299228668,0.2396062612533569,-0.0553842149674892,0.7326014041900635
1631021827196,0.3656286299228668,0.2728450298309326,-0.0684451386332511,0.781584620475769
1631021827329,0.3656286299228668,0.2833597064018249,-0.094849944114685,0.7914562821388245
1631021827407,0.8341909050941467,0.2867427766323089,-0.1289177238941192,0.7847199440002441
1631021827485,0.8774415254592896,0.2934304177761078,-0.1550075262784958,0.7771235108375549
1631021827626,0.918319046497345,0.3077898919582367,-0.1494120359420776,0.7709219455718994
1631021827688,0.9581042528152466,0.3376628160476684,-0.1028372570872306,0.7669094204902649
1631021827782,0.983605682849884,0.3855424225330353,0.0460335463285446,0.7650547623634338
1631021827876,1.037045955657959,0.4399965107440948,0.1124685332179069,0.7648802995681763
1631021827985,1.0666561126708984,0.4848619401454925,0.1371218860149383,0.791355311870575
1631021828079,1.034922480583191,0.5137310028076172,0.1338835656642913,0.8223187327384949
1631021828235,1.007856845855713,0.5304871797561646,0.0411681309342384,0.8578625917434692
1631021828313,0.9897928833961488,0.5471963286399841,0.0866684541106224,0.8965637683868408
1631021828407,0.9897928833961488,0.5715723037719727,0.1812028139829635,0.9005171060562134
1631021828532,0.9897928833961488,0.6021267175674438,0.2839249968528747,0.8883643746376038
1631021828594,0.9897928833961488,0.6382370591163635,0.3654979765415191,0.8656536936759949
1631021828704,0.9897928833961488,0.6807688474655151,0.4183249771595001,0.847956657409668
1631021828829,0.9625520706176758,0.7274677753448486,0.44571253657341,0.8463960886001587
1631021828923,0.9529561400413512,0.7708026170730591,0.4539676904678345,0.8585042953491211
1631021829016,0.9442352056503296,0.8020235300064087,0.4480549991130829,0.8753902912139893
1631021829126,0.920964777469635,0.8162593245506287,0.4320584535598755,0.8958806991577148
1631021829206,0.8702409267425537,0.8150441646575928,0.4109192490577698,0.9197980761528016
1631021829285,0.7928067445755005,0.8018761873245239,0.3951738178730011,0.8910151124000549
1631021829441,0.6800830960273743,0.7817462682723999,0.3839654326438904,0.8470779657363892
1631021829550,0.5892525315284729,0.7619287967681885,0.3765395879745483,0.7872413396835327
1631021829628,0.5272448658943176,0.7477123141288757,0.3704951107501983,0.6900631189346313
1631021829753,0.4961945712566376,0.7389188408851624,0.3625708520412445,0.5156758427619934
1631021829831,0.4903101027011871,0.7264322638511658,0.3452973663806915,0.0742648988962173
1631021829909,0.5720905661582947,0.6996544003486633,0.3071436285972595,0.102086454629898
1631021830034,0.6208446025848389,0.6543909907341003,0.2398920208215713,0.1871010959148407
1631021830144,0.6416526436805725,0.5908558368682861,0.1428469717502594,0.294088065624237
1631021830241,0.649269700050354,0.510870099067688,0.035544853657484,0.3813425898551941
1631021830335,0.6652225852012634,0.4185826480388641,-0.0038059910293668,0.4355500042438507
1631021830444,0.717819333076477,0.324668139219284,-0.0878620967268943,0.468689501285553
1631021830522,0.8025574088096619,0.2550806403160095,-0.1553068161010742,0.4957548379898071
1631021830710,0.8841561675071716,0.2325800210237503,-0.1923373639583587,0.5204989910125732
1631021830772,0.9378466606140136,0.2445603460073471,0.2368623465299606,0.5410104393959045
1631021830850,0.9611530303955078,0.2670746445655823,0.3694238364696502,0.5697954893112183
1631021830944,0.982075810432434,0.2903417348861694,0.4144207537174225,0.604999840259552
1631021831069,0.9962452054023744,0.3124431669712066,0.4346003830432892,0.6377678513526917
1631021831131,1.0040807723999023,0.3320804834365845,0.448205292224884,0.6614581942558289
1631021831241,1.0026339292526243,0.3439370095729828,0.4566033482551574,0.6739462018013
1631021831350,0.9926623106002808,0.3431547582149505,0.458755761384964,0.6822255253791809
1631021831491,0.9815021753311156,0.3282769918441772,0.4576045572757721,0.695460319519043
1631021831538,0.9846158623695374,0.3111807107925415,0.4591695964336395,0.7208632230758667
1631021831631,1.010085940361023,0.3079656958580017,0.4685234427452087,0.7560409307479858
1631021831725,1.0254368782043457,0.322207361459732,0.4802952408790588,0.7924262881278992
1631021831881,1.0393131971359253,0.3362843096256256,0.4698054790496826,0.7938020825386047
1631021831991,1.038550853729248,0.3387491106986999,0.4648753404617309,0.7986092567443848
1631021832069,1.009438157081604,0.3354385495185852,0.4627172946929931,0.8036863207817078
1631021832162,0.9494650959968568,0.3410566449165344,0.4613080620765686,0.807770848274231
1631021832241,0.8734300136566162,0.3533098995685577,0.3299333155155182,0.8125011324882507
1631021832381,0.8079865574836731,0.3583758473396301,0.2398232966661453,0.8171016573905945
1631021832509,0.7708433866500854,0.3474125564098358,0.2017972916364669,0.8381883502006531
1631021832587,0.761240541934967,0.3262081444263458,0.1839165538549423,0.8476916551589966
1631021832665,0.7815605401992798,0.3031662404537201,0.169515311717987,0.8697437644004822
1631021832774,0.8390389084815979,0.2816071212291717,0.1584905385971069,0.9123551845550536
1631021832868,0.8390389084815979,0.260829359292984,0.153979942202568,0.9106212854385376
1631021832946,0.8390389084815979,0.2438978850841522,0.1536484509706497,0.8925725221633911
1631021833102,0.8390389084815979,0.2292243540287017,0.1503326892852783,0.832068920135498
1631021833165,0.8390389084815979,0.2118855714797973,0.1363279223442077,0.7141388058662415
1631021833274,0.4959938824176788,0.1876130253076553,0.1092450395226478,0.5468238592147827
1631021833352,0.5757434964179993,0.159901887178421,0.0735555663704872,0.5884623527526855
1631021833477,0.6324917674064636,0.1280242800712585,0.0293674524873495,0.6345473527908325
1631021833587,0.6519436240196228,0.0794839859008789,-0.0255586598068475,0.6647934317588806
1631021833696,0.6465699076652527,0.0024416986852884,-0.0899245589971542,0.6757150292396545
1631021833805,0.6531055569648743,-0.0794680267572403,-0.1629112809896469,0.684490442276001
1631021833899,0.6531055569648743,-0.0873209983110427,-0.226926103234291,0.7175703644752502
1631021833993,0.6531055569648743,0.0139571409672498,-0.2646379470825195,0.7556857466697693
1631021834071,0.6531055569648743,0.1418363153934478,-0.2772599458694458,0.8206086754798889
1631021834180,0.6531055569648743,0.2340303510427475,-0.2752378582954407,0.8608100414276123
1631021834290,0.6531055569648743,0.2847983837127685,-0.2665992975234985,0.8727825880050659
1631021834383,0.6531055569648743,0.3121601045131683,-0.2537561953067779,0.89445960521698
1631021834496,0.6827757358551025,0.3343014121055603,-0.2334746122360229,0.9187377095222472
1631021834605,0.7114677429199219,0.3567791283130646,-0.2006360441446304,0.9460169076919556
1631021834668,0.7360042333602905,0.3752377927303314,-0.1562716662883758,0.9474751353263856
1631021834808,0.6790731549263,0.3856143653392792,-0.1043012514710426,0.9404020309448242
1631021834933,0.5878459215164185,0.3891209363937378,-0.1109668463468551,0.9212804436683656
1631021835043,0.4630838334560394,0.3890871703624725,-0.1434955149888992,0.892431378364563
1631021835136,0.3390140533447265,0.3891821801662445,-0.1530758142471313,0.8617885112762451
1631021835230,0.2474131882190704,0.3915225565433502,-0.0967958495020866,0.8378490209579468
1631021835308,0.0826112255454063,0.3938204348087311,-0.0251236464828252,0.81586092710495
1631021835386,0.1055804640054702,0.3846496939659118,0.027139326557517,0.7732924222946167
1631021835545,0.1092732697725296,0.3512424230575561,0.0469596236944198,0.6870444416999817
1631021835623,0.1020106822252273,0.2927601635456085,0.0401445552706718,0.5454162955284119
1631021835732,0.0993339940905571,0.2276874780654907,0.0193904433399438,0.3636066317558288
1631021835811,0.1109685823321342,0.1804162412881851,-0.0064298552460968,0.1945515275001526
1631021835920,0.1336092948913574,0.1545203477144241,-0.034420758485794,0.1939361840486526
1631021835998,0.1573719829320907,0.1329445093870163,-0.0633796378970146,0.1912456601858139
1631021836123,0.1754921823740005,0.1029819324612617,-0.0907458215951919,0.1834313571453094
1631021836232,0.1864053905010223,0.0661878809332847,-0.1126749813556671,0.1493618041276931
1631021836326,0.2105374336242675,0.0339847169816494,-0.1294624507427215,0.1314605623483657
1631021836420,0.2340001761913299,0.0223978161811828,-0.129235029220581,0.1444376707077026
1631021836500,0.2566464245319366,0.0456157140433788,-0.1182972639799118,0.1866339445114135
1631021836609,0.2755458354949951,0.0930720642209053,-0.1132992804050445,0.2370591759681701
1631021836750,0.2874481976032257,0.1354966461658477,-0.1314128786325454,0.2744095027446747
1631021836844,0.2934226989746094,0.1517710387706756,-0.1773159056901931,0.2963930070400238
1631021836953,0.302524983882904,0.1441645473241806,-0.2306129783391952,0.3164013922214508
1631021837047,0.3266839683055877,0.1390037685632705,-0.2143270224332809,0.3572378158569336
1631021837109,0.3679460883140564,0.1657137721776962,-0.0304651651531457,0.4302857518196106
1631021837203,0.4434582889080047,0.2345179617404937,0.2688019275665283,0.5349910855293274
1631021837359,0.5667344331741333,0.3308556377887726,0.5578196048736572,0.6571341156959534
1631021837437,0.7065540552139282,0.4303914308547973,0.7746450304985046,0.7721282839775085
1631021837562,0.8219649195671082,0.515282928943634,0.9148153066635132,0.8615925312042236
1631021837625,0.9101662635803224,0.5880400538444519,0.9978952407836914,0.9275317192077636
1631021837718,0.93269681930542,0.6655756235122681,1.0272409915924072,0.9840005040168762
1631021837859,0.957517147064209,0.7557271122932434,1.0582503080368042,1.0099862813949585
1631021837984,0.9840458631515504,0.8517939448356628,1.0910897254943848,1.035717487335205
1631021838078,1.0123664140701294,0.9447946548461914,1.1263514757156372,1.060994029045105
1631021838156,1.0439010858535769,1.0231704711914062,1.16514790058136,1.0874217748641968
1631021838236,1.080370545387268,1.0458312034606934,1.2087706327438354,1.117556929588318
1631021838346,1.123059630393982,1.0718432664871216,1.2582789659500122,1.1526148319244385
1631021838455,1.1715694665908811,1.1019747257232666,1.314358830451965,1.1917297840118408
1631021838564,1.2254301309585571,1.134420394897461,1.3758591413497925,1.2321900129318235
1631021838721,1.2858357429504397,1.1669358015060425,1.4370509386062622,1.270397067070007
1631021838768,1.346003770828247,1.1976860761642456,1.4854514598846436,1.2993942499160769
1631021838877,1.346003770828247,1.2258639335632324,1.4854514598846436,1.3094335794448853
1631021838971,1.346003770828247,1.253210186958313,1.4854514598846436,1.3094335794448853
1631021839064,1.346003770828247,1.2852859497070312,1.4854514598846436,1.3094335794448853
1631021839207,1.346003770828247,1.3258246183395386,1.4854514598846436,1.3094335794448853
1631021839301,1.346003770828247,1.3702653646469116,1.4854514598846436,1.3094335794448853
1631021839379,1.346003770828247,1.3702653646469116,1.4854514598846436,1.3094335794448853
1631021839457,1.346003770828247,1.3702653646469116,1.4854514598846436,1.3094335794448853
1631021839582,1.346003770828247,1.3702653646469116,1.4854514598846436,1.3094335794448853
1631021839660,1.346003770828247,1.3702653646469116,1.4854514598846436,1.3094335794448853
1631021839769,1.346003770828247,1.3702653646469116,0.4320618808269501,0.8986392021179199
1631021839863,1.346003770828247,1.3702653646469116,0.665401041507721,1.061049222946167
1631021839972,1.346003770828247,1.3702653646469116,0.665401041507721,1.061049222946167
1631021840066,1.346003770828247,1.3702653646469116,0.665401041507721,1.061049222946167
1631021840160,1.346003770828247,1.3702653646469116,0.665401041507721,1.061049222946167
1631021840272,1.346003770828247,1.3702653646469116,0.665401041507721,1.061049222946167
1631021840428,1.346003770828247,1.3702653646469116,0.665401041507721,1.061049222946167
1631021840491,1.346003770828247,1.3702653646469116,0.665401041507721,1.061049222946167
1631021840584,1.346003770828247,1.3702653646469116,0.665401041507721,1.061049222946167
1631021840678,1.346003770828247,1.3702653646469116,0.665401041507721,1.061049222946167
1631021840787,1.346003770828247,1.3702653646469116,0.665401041507721,1.061049222946167
1631021840866,1.346003770828247,1.3702653646469116,0.5962031483650208,1.061049222946167
1631021841006,0.813704788684845,1.3702653646469116,0.5938400030136108,1.052802801132202
1631021841115,0.8758335709571838,1.3702653646469116,0.5911080837249756,1.031734585762024
1631021841212,0.8670195937156677,1.3702653646469116,0.5611340403556824,0.9732434153556824
1631021841305,0.6475400924682617,0.1259602904319763,0.4389932751655578,0.8156464099884033
1631021841384,0.5817914009094238,0.0902267172932624,-0.0656729191541671,0.231694757938385
1631021841508,0.523398220539093,0.0571594052016735,-0.0710401460528373,0.2269117832183838
1631021841633,0.4821107387542724,0.0314116925001144,-0.0934219285845756,0.2137470692396164
1631021841727,0.4589767456054687,0.0099296644330024,-0.1236170306801796,0.1889558136463165
1631021841821,0.4449330568313598,-0.0105164134874939,-0.1483480334281921,0.1593529731035232
1631021841899,0.4323332607746124,-0.0261405184864997,-0.1571730971336364,0.1353993713855743
1631021842024,0.4192822277545929,-0.0298210587352514,-0.1525971442461013,0.1287317723035812
1631021842102,0.4071980714797973,-0.0161963179707527,-0.1468576788902282,0.1401868760585785
1631021842245,0.3976572751998901,0.0085503729060292,-0.1510794460773468,0.1622551083564758
1631021842354,0.3894351422786712,0.0312562696635723,-0.16688933968544,0.1821200400590896
1631021842448,0.3800821006298065,0.0438430309295654,-0.1833987087011337,0.1952763348817825
1631021842495,0.3310285806655884,0.03622392937541,-0.2042407244443893,0.2043088376522064
1631021842636,0.2851177453994751,0.0350538454949855,-0.1924156844615936,0.2028065770864486
1631021842698,0.243195503950119,0.0842261388897895,-0.2098008692264557,0.1988846510648727
1631021842823,0.2254301160573959,0.2342302799224853,-0.234045997262001,0.1945249289274215
1631021842948,0.2330905050039291,0.4356961250305176,-0.2602896392345428,0.1913088262081146
1631021843026,0.2506099641323089,0.6061761379241943,-0.2776395082473755,0.1902072727680206
1631021843161,0.2641055881977081,0.7153511643409729,-0.2760152220726013,0.1968752741813659
1631021843227,0.6656745076179504,0.7687259316444397,-0.2572326064109802,0.2191929221153259
1631021843323,0.8026125431060791,0.7869881391525269,-0.2364203780889511,0.2560725212097168
1631021843481,0.8877877593040466,0.791144847869873,-0.2335637658834457,0.2993778884410858
1631021843542,0.9231603741645812,0.7919979691505432,-0.2591952681541443,0.3351568877696991
1631021843650,0.9640488624572754,0.7931841611862183,-0.3048807084560394,0.3541604578495025
1631021843744,1.01109778881073,0.7968469262123108,-0.0940895527601242,0.3541604578495025
1631021843829,1.0667568445205688,0.8040471076965332,0.0791215896606445,0.3541604578495025
1631021843925,1.135459303855896,0.8123736381530762,0.2037024348974228,0.3541604578495025
1631021844074,1.2228548526763916,0.8184829950332642,0.2738303542137146,0.3541604578495025
1631021844167,1.2228548526763916,0.8196132779121399,0.2728310525417328,0.3541604578495025
1631021844267,1.2228548526763916,0.8095637559890747,0.2271118015050888,0.3541604578495025
1631021844345,1.2228548526763916,0.7735980153083801,0.1959496736526489,0.3541604578495025
1631021844455,1.2228548526763916,0.6991184949874878,0.2429320365190506,0.3541604578495025
1631021844517,1.2228548526763916,0.6014261245727539,0.4269255399703979,0.3541604578495025
1631021844686,1.2228548526763916,0.5378848314285278,0.6532130837440491,0.3541604578495025
1631021844795,1.2228548526763916,0.5516307950019836,0.8251807689666748,0.3541604578495025
1631021844858,1.2228548526763916,0.6029937267303467,0.9229029417037964,0.3541604578495025
1631021844967,1.2228548526763916,0.6390473246574402,0.9579644203186036,0.3541604578495025
1631021845061,1.2228548526763916,0.6499987840652466,0.9530034065246582,0.3541604578495025
1631021845169,1.2228548526763916,0.6454065442085266,0.9310248494148254,0.3541604578495025
1631021845298,1.2228548526763916,0.6321796774864197,0.9263867139816284,0.3541604578495025
1631021845384,1.2228548526763916,0.6136393547058105,0.9200679063796996,0.3541604578495025
1631021845477,1.2228548526763916,0.5957196950912476,0.914377748966217,0.3541604578495025
1631021845539,1.2228548526763916,0.5835381150245667,0.9107211232185364,0.3541604578495025
1631021845664,1.2228548526763916,0.5785526633262634,0.9091472029685974,0.3541604578495025
1631021845744,1.2228548526763916,0.5787191987037659,0.9088094830513,0.3541604578495025
1631021845885,0.8069854974746704,0.5798572301864624,0.9078220129013062,0.3541604578495025
1631021845979,0.8604020476341248,0.5729233026504517,0.8987731337547302,0.5655649900436401
1631021846088,0.8791753053665161,0.5393725037574768,0.8619440793991089,0.5227375626564026
1631021846166,0.8718128204345703,0.4591886401176452,0.7708543539047241,0.4921184778213501
1631021846257,0.8509415984153748,0.3242337107658386,0.6034508347511292,0.47623410820961
1631021846367,0.824578046798706,0.1521332263946533,0.3499212563037872,0.4714580774307251
1631021846502,0.7958461046218872,0.0030151635874062,0.0473358295857906,0.4787379801273346
1631021846623,0.7669488787651062,-0.0626336708664894,-0.1566007584333419,0.5018301606178284
1631021846670,0.7434373497962952,-0.0539905317127704,-0.1664779633283615,0.5361441373825073
1631021846793,0.7283940315246582,-0.0059310309588909,-0.0950594469904899,0.5747633576393127
1631021846899,0.7197235226631165,0.0576739236712455,-0.0192240830510854,0.6083559989929199
1631021846967,0.7124195694923401,0.115837313234806,0.0367516279220581,0.6327219009399414
1631021847130,0.7243527770042419,0.1547536700963974,0.0716937556862831,0.6470444798469543
1631021847228,0.7257021069526672,0.1710564792156219,0.0898798033595085,0.6478870511054993
1631021847352,0.7100573778152466,0.170520007610321,0.097932256758213,0.6484414339065552
1631021847414,0.6562782526016235,0.1662563383579254,0.1024499163031578,0.660541296005249
1631021847519,0.5989353060722351,0.1775668263435363,0.109110452234745,0.7021101117134094
1631021847612,0.5705738067626953,0.2232506871223449,0.1232552155852317,0.776396632194519
1631021847756,0.5379644632339478,0.2960080504417419,0.1457084119319915,0.8579100370407104
1631021847810,0.5226123332977295,0.3699136972427368,0.1700531840324401,0.8784356713294983
1631021847915,0.5225738286972046,0.4249776005744934,0.1877887547016143,0.899260938167572
1631021848033,0.587803840637207,0.4565954208374023,0.192529022693634,0.9194070100784302
1631021848080,0.6155980825424194,0.4709978401660919,0.1824960708618164,0.9364216327667236
1631021848188,0.6443492770195007,0.4757262468338012,0.1675735712051391,0.9492545127868652
1631021848332,0.6655203700065613,0.4855207204818725,0.1938170343637466,0.9579808115959167
1631021848410,0.6795421242713928,0.5322507619857788,0.1691343784332275,0.9662404656410216
1631021848535,0.6983959078788757,0.5326524376869202,0.1453209519386291,0.9788947105407716
1631021848644,0.6983959078788757,0.5381820797920227,0.1298255026340484,1.0016475915908811
1631021848729,0.6983959078788757,0.5549928545951843,0.1277076452970504,1.0419787168502808
1631021848832,0.6983959078788757,0.5828269124031067,0.1385933309793472,1.1033382415771484
1631021848972,0.6983959078788757,0.6157460808753967,0.1586808711290359,1.1033382415771484
1631021849034,0.6983959078788757,0.6439701914787292,0.1822801083326339,1.1033382415771484
1631021849112,0.6983959078788757,0.6540870070457458,0.1997857987880706,1.1033382415771484
1631021849258,0.6983959078788757,0.5909597873687744,0.1841628104448318,1.1033382415771484
1631021849305,0.6983959078788757,0.505680501461029,0.1559518128633499,1.1033382415771484
1631021849446,0.6983959078788757,0.423132449388504,0.1371819376945495,1.1033382415771484
1631021849555,0.6983959078788757,0.3679700493812561,0.1411096900701522,1.1033382415771484
1631021849649,0.6983959078788757,0.3409648835659027,0.1573270261287689,1.1033382415771484
1631021849736,0.4412084221839905,0.3217847049236297,0.154029831290245,-0.2249894142150879
1631021849821,0.4228747189044952,0.2593510746955871,0.0197745729237794,-0.1376773864030838
1631021849930,0.393102079629898,-0.0472284369170665,0.0039908555336296,-0.0267638228833675
1631021850008,0.3668719232082367,-0.046745091676712,-0.0143933584913611,0.0731740519404411
1631021850149,0.3641105890274048,-0.0373722463846206,-0.0154992016032338,0.1512496620416641
1631021850277,0.3641105890274048,0.0188258569687604,0.038660392165184,0.2456788867712021
1631021850370,0.3641105890274048,0.1594957113265991,0.1788653433322906,0.4175400733947754
1631021850433,0.3641105890274048,0.3313193917274475,0.3538640141487121,0.4175400733947754
1631021850542,0.3641105890274048,0.3313193917274475,0.5058289170265198,0.4175400733947754
1631021850652,0.3641105890274048,0.3313193917274475,0.6402668356895447,0.4175400733947754
1631021850761,0.3641105890274048,0.3538143038749695,0.6641960144042969,0.4175400733947754
1631021850839,0.3641105890274048,0.3766686618328094,0.6917783617973328,0.4175400733947754
1631021850964,0.3591518700122833,0.4002828598022461,0.7213797569274902,0.4562231302261352
1631021851042,0.3384044468402862,0.4281005859375,0.7520161271095276,0.4981354475021362
1631021851183,0.3072271943092346,0.4625891447067261,0.784561038017273,0.5449801087379456
1631021851234,0.2703070640563965,0.50478595495224,0.8213982582092285,0.5979037284851074
1631021851406,0.2703070640563965,0.5554422736167908,0.8654013872146606,0.6534540057182312
1631021851468,0.2703070640563965,0.6170510649681091,0.9181035161018372,0.7099630832672119
1631021851562,0.2703070640563965,0.694527804851532,0.9806005358695984,0.7099630832672119
1631021851671,0.2703070640563965,0.694527804851532,1.0526055097579956,0.7099630832672119
1631021851812,0.2703070640563965,0.694527804851532,1.1298158168792725,0.7099630832672119
1631021851890,0.2703070640563965,0.694527804851532,1.1298158168792725,0.7099630832672119
1631021851999,0.2703070640563965,0.694527804851532,1.1298158168792725,0.7099630832672119
1631021852093,0.2703070640563965,0.694527804851532,1.1298158168792725,0.7099630832672119
1631021852187,0.2703070640563965,0.694527804851532,1.1298158168792725,0.7099630832672119
1631021852299,0.2703070640563965,0.694527804851532,-0.2444395869970321,0.3604598939418793
1631021852372,0.1287457644939422,0.0634413287043571,-0.2130011618137359,0.3660826981067657
1631021852466,0.1671450734138488,0.0799713209271431,-0.1704854667186737,0.3576585650444031
1631021852605,0.1916977316141128,0.1270241439342498,-0.1212735995650291,0.3525233566761017
1631021852714,0.2504518628120422,0.2794840931892395,-0.0127653814852237,0.4017370045185089
1631021852792,0.2504518628120422,0.5084309577941895,0.1780362725257873,0.4017370045185089
1631021852917,0.2504518628120422,0.5084309577941895,0.1780362725257873,0.4017370045185089
1631021852995,0.2504518628120422,0.5084309577941895,0.1780362725257873,0.4017370045185089
1631021853058,0.2504518628120422,0.5084309577941895,0.1780362725257873,0.4017370045185089
1631021853213,0.2504518628120422,0.5084309577941895,0.1780362725257873,0.4017370045185089
1631021853301,0.2504518628120422,0.5084309577941895,0.1780362725257873,0.4017370045185089
1631021853410,0.2504518628120422,0.5084309577941895,0.1780362725257873,0.4017370045185089
1631021853473,0.2504518628120422,0.5084309577941895,0.2042513191699981,0.413116842508316
1631021853597,0.2722787857055664,0.548268735408783,0.2420616447925567,0.4232798516750335
1631021853676,0.3069890141487121,0.5947367548942566,0.2935242652893066,0.4325714409351349
1631021853816,0.3440450429916382,0.6518213152885437,0.3534255623817444,0.439429223537445
1631021853910,0.3440450429916382,0.7235578894615173,0.419081836938858,0.439429223537445
1631021853988,0.3440450429916382,0.7407811284065247,0.419081836938858,0.439429223537445
1631021854082,0.3440450429916382,0.7262139916419983,0.419081836938858,0.439429223537445
1631021854191,0.3440450429916382,0.6214669942855835,0.419081836938858,0.439429223537445
1631021854290,0.3440450429916382,0.0830426514148712,0.419081836938858,0.439429223537445
1631021854415,0.4168789982795715,0.0347870625555515,0.0850491672754287,0.4331291019916534
1631021854571,0.4580440819263458,0.0035155080258846,0.0824896246194839,0.4810055494308471
1631021854649,0.4954312443733215,-0.0064018126577138,0.0675465390086174,0.5112786889076233
1631021854711,0.5133208632469177,0.001447983784601,0.0499971359968185,0.5321259498596191
1631021854821,0.5080389976501465,0.0119614703580737,0.0362551845610141,0.5427522659301758
1631021854899,0.487192302942276,0.0139012169092893,0.024488067254424,0.5384993553161621
1631021855071,0.4603044688701629,0.0059838686138391,0.0084913307800889,0.5188397765159607
1631021855117,0.4338421523571014,-0.00104033597745,-0.0086707836017012,0.4901544153690338
1631021855207,0.4165259599685669,0.0236023887991905,-0.0071465396322309,0.4654290378093719
1631021855292,0.4242973923683166,0.138906255364418,0.0501498728990554,0.4596321880817413
1631021855417,0.4242973923683166,0.3403323888778686,0.1929746568202972,0.4830365777015686
1631021855542,0.4242973923683166,0.5454177856445312,0.1929746568202972,0.5217595100402832
1631021855651,0.4096485674381256,0.7066570520401001,0.204445019364357,0.5752727389335632
1631021855730,0.6018872261047363,0.8053411245346069,0.213614210486412,0.5879937410354614
1631021855855,0.7324883341789246,0.8583414554595947,0.2210915088653564,0.592767596244812
1631021855933,0.8620153665542603,0.8974067568778992,0.2296093106269836,0.5912401080131531
1631021856042,1.0211554765701294,0.9424037337303162,0.2440455257892608,0.7777889370918274
1631021856089,1.176791071891785,0.9908533692359924,0.2678398787975311,0.9603319764137268
1631021856264,1.204711675643921,1.0316072702407837,0.3003588914871216,1.0999566316604614
1631021856373,1.2387847900390625,1.058261156082153,0.3403101563453674,1.1258541345596311
1631021856467,1.2798492908477783,1.0875228643417358,0.3913024365901947,1.1577370166778564
1631021856529,1.327881932258606,1.120019555091858,0.4637070298194885,1.1976377964019775
1631021856638,1.3832905292510986,1.1555548906326294,0.4637070298194885,1.245778203010559
1631021856701,1.4465206861495972,1.1920779943466189,0.4637070298194885,1.300557255744934
1631021856888,1.517280101776123,1.222062349319458,0.4637070298194885,1.3599326610565186
1631021856998,1.517280101776123,1.1850056648254397,0.4637070298194885,1.4226405620574951
1631021857029,1.517280101776123,1.114362120628357,0.1125357300043106,1.4949198961257937
1631021857123,1.517280101776123,1.0153480768203735,0.098751462996006,1.4949198961257937
1631021857263,1.4670040607452393,0.9132254123687744,0.1026270687580108,1.4949198961257937
1631021857357,1.413288712501526,0.8315261602401733,0.1084505394101142,1.4721282720565796
1631021857482,1.3299434185028076,0.7511845231056213,0.1206611841917038,1.3834058046340942
1631021857545,1.1492973566055298,0.6300763487815857,0.1764481663703918,1.2836259603500366
1631021857638,0.7029505968093872,0.4483738243579864,0.3135959506034851,1.097646713256836
1631021857732,0.9031506776809692,0.2405476123094558,0.4874019026756286,0.7672604322433472
1631021857841,1.0353401899337769,0.368655264377594,0.6289066076278687,0.8615849614143372
1631021857935,1.0353401899337769,0.4452939927577972,0.6289066076278687,0.909417688846588
1631021858076,1.0353401899337769,0.4452939927577972,0.6289066076278687,0.9281671047210692
1631021858154,1.0353401899337769,0.4452939927577972,0.6289066076278687,0.9281671047210692
1631021858265,1.0353401899337769,0.4452939927577972,0.6471176743507385,0.9281671047210692
1631021858359,1.0353401899337769,0.4452939927577972,0.6764989495277405,0.9281671047210692
1631021858437,1.0353401899337769,0.4680135548114776,0.714975893497467,0.9281671047210692
1631021858531,1.0353401899337769,0.4929831326007843,0.7585112452507019,0.9281671047210692
1631021858672,1.0353401899337769,0.5267046093940735,0.8060274720191956,0.9281671047210692
1631021858781,1.096017837524414,0.5739380121231079,0.8599529266357422,0.9281671047210692
1631021858875,1.165246605873108,0.6345259547233582,0.9250561594963074,0.9770994782447816
1631021858953,1.245100021362305,0.7060829401016235,1.0053811073303225,1.0290240049362185
1631021859078,1.245100021362305,0.781779408454895,0.9874213933944702,1.0094579458236694
1631021859140,1.245100021362305,0.7584290504455566,0.9084961414337158,0.950675129890442
1631021859284,1.245100021362305,0.6652778387069702,0.6890668869018555,0.8392160534858704
1631021859409,1.245100021362305,0.4828992486000061,-0.1918866485357284,0.6602563261985779
1631021859471,0.5519155859947205,0.1938549578189849,-0.24190254509449,0.3875798285007477
1631021859596,0.5195137858390808,0.1792706996202469,-0.2706653773784637,-0.137346088886261
1631021859721,0.4654922783374786,0.1529901772737503,-0.2847392857074737,-0.0975551754236221
1631021859772,0.4066410958766937,0.115533247590065,-0.2976642847061157,-0.0468923933804035
1631021859897,0.3579660356044769,0.0737608820199966,-0.3187451064586639,-0.011003153398633
1631021859990,0.3229241669178009,0.0333867184817791,-0.3465464413166046,0.0106297191232442
1631021860115,0.3091275990009308,-0.0030887611210346,-0.3739420473575592,0.0541385225951671
1631021860211,0.3405676186084747,-0.0319926366209983,-0.3933408558368683,0.1491229981184005
1631021860321,0.3405676186084747,-0.0488002300262451,-0.3932558298110962,0.1491229981184005
1631021860367,0.3405676186084747,-0.0504694133996963,-0.3667074739933014,0.1491229981184005
1631021860508,0.3405676186084747,-0.0401612669229507,-0.3249527215957641,0.1491229981184005
1631021860617,0.3405676186084747,-0.0261549670249223,-0.3332184255123138,0.1388604044914245
1631021860680,0.2958471179008484,-0.0353425554931163,-0.299195259809494,0.1598603725433349
1631021860774,0.2624319493770599,0.0286849103868007,-0.2056744992733001,0.1927684843540191
1631021860899,0.2140019834041595,0.1996950954198837,-0.0096515575423836,0.2321690320968628
1631021860992,0.1479666531085968,0.4021289348602295,0.2315612584352493,0.2771909236907959
1631021861117,0.1003028601408004,0.5623834133148193,0.4308854043483734,0.3202500939369201
1631021861231,0.1187564060091972,0.5845149755477905,0.5617536902427673,0.3550516664981842
1631021861309,0.1933126896619796,0.6118307113647461,0.5885496735572815,0.3862780332565307
1631021861418,0.1933126896619796,0.6437453627586365,0.6184159517288208,0.3862780332565307
1631021861481,0.1933126896619796,0.6795712113380432,0.6517087817192078,0.3862780332565307
1631021861606,0.1933126896619796,0.7192268371582031,0.6883055567741394,0.3862780332565307
1631021861731,0.1933126896619796,0.7625762224197388,0.7280675172805786,0.3862780332565307
1631021861856,0.1933126896619796,0.809491753578186,0.7705203294754028,0.3862780332565307
1631021861918,0.1933126896619796,0.8602762222290039,0.8153975009918213,0.3862780332565307
1631021861996,0.1933126896619796,0.9169197082519532,0.8643229603767395,0.3862780332565307
1631021862075,0.1933126896619796,0.984015941619873,0.9211944341659546,0.3862780332565307
1631021862220,0.1933126896619796,1.0656813383102417,0.9899564385414124,0.3862780332565307
1631021862345,0.1933126896619796,1.0656813383102417,0.9801944494247437,0.3862780332565307
1631021862438,0.1933126896619796,1.0656813383102417,0.9337980151176452,0.3862780332565307
1631021862532,0.1933126896619796,1.0656813383102417,0.8125855326652527,0.3862780332565307
1631021862610,0.1933126896619796,1.0656813383102417,0.5588712692260742,0.3862780332565307
1631021862735,0.4196103811264038,1.0656813383102417,-0.0547886565327644,0.3862780332565307
1631021862829,0.4196103811264038,0.1144221648573875,-0.0612816251814365,0.3862780332565307
1631021862969,0.4196103811264038,0.1094058454036712,-0.0841183587908744,0.5169610977172852
1631021863048,0.3748223781585693,0.0856307744979858,-0.1118082329630851,0.4735699892044067
1631021863126,0.4256019294261932,0.1056307852268219,-0.0835517793893814,0.4975540935993194
1631021863266,0.6031127572059631,0.2498031854629516,0.0642878636717796,0.6364273428916931
1631021863344,0.815976619720459,0.4668870568275451,0.2754792869091034,0.8317855000495911
1631021863438,0.9895743131637572,0.6500537395477295,0.4518845975399017,0.8317855000495911
1631021863547,0.9895743131637572,0.7656316757202148,0.5614636540412903,0.8317855000495911
1631021863641,0.9895743131637572,0.8183708786964417,0.5614636540412903,0.8317855000495911
1631021863735,0.9895743131637572,0.8273380398750305,0.5614636540412903,0.8790612816810608
1631021863844,0.9993157982826232,0.815111517906189,0.5862500667572021,0.8784138560295105
1631021863969,1.0208865404129028,0.7977994084358215,0.6166462898254395,0.8738218545913696
1631021864032,1.0300477743148804,0.8045563101768494,0.6226959228515625,0.8739433884620667
1631021864172,1.0322399139404297,0.8067939877510071,0.631091296672821,0.8964319229125977
1631021864238,1.03370463848114,0.804639458656311,0.643192708492279,0.9212606549263
1631021864332,1.0106204748153689,0.8010482788085938,0.6605008840560913,0.9563108682632446
1631021864472,0.9929834604263306,0.7995815277099609,0.6818439364433289,1.0014877319335938
1631021864535,1.0070905685424805,0.8007797002792358,0.7025049328804016,1.044991374015808
1631021864675,1.0082056522369385,0.7989519238471985,0.711618959903717,1.070138692855835
1631021864754,0.9769470691680908,0.7792907357215881,0.691315233707428,1.0592596530914309
1631021864863,0.8861087560653687,0.721563994884491,0.6187871098518372,0.9928489327430724
1631021864957,0.6894465684890747,0.6123145222663879,0.4756723940372467,0.9675514101982116
1631021865098,0.6623587012290955,0.4534259438514709,0.2540278136730194,0.9425780177116394
1631021865160,0.6372631788253784,0.278531402349472,0.221475750207901,0.9195825457572936
1631021865288,0.6193965077400208,0.1502028107643127,0.1923139244318008,0.8758186101913452
1631021865366,0.548859179019928,0.0924956575036048,0.1650134623050689,0.853671133518219
1631021865475,0.5237042307853699,0.0694020166993141,0.1460906863212585,0.8358066082000732
1631021865569,0.5415852069854736,0.0751465260982513,0.1745509803295135,0.82269287109375
1631021865678,0.5386694073677063,0.1341946423053741,0.1687027215957641,0.8198181986808777
1631021865772,0.5339685082435608,0.2484867423772812,0.1502304226160049,0.8215261101722717
1631021865881,0.5207109451293945,0.265060693025589,0.1140283644199371,0.7965897917747498
1631021865991,0.4957606792449951,0.2816900014877319,0.0558799728751182,0.7525884509086609
1631021866116,0.465506762266159,0.2961360812187195,-0.0214776545763015,0.6926256418228149
1631021866178,0.4395130276679992,0.3109734654426574,-0.1029345244169235,0.6326063275337219
1631021866287,0.4226579964160919,0.3303373456001282,-0.1614163517951965,0.5939116477966309
1631021866381,0.4185093641281128,0.3570062220096588,-0.1748154908418655,0.5867913961410522
1631021866482,0.4385905563831329,0.3923672139644623,-0.145350694656372,0.6041672229766846
1631021866623,0.4892656505107879,0.4363297522068023,-0.0916931480169296,0.6339836120605469
1631021866685,0.557571291923523,0.4862102270126343,-0.021266870200634,0.6713564991950989
1631021866826,0.557571291923523,0.539095938205719,-0.021266870200634,0.7207399606704712
1631021866889,0.557571291923523,0.5974300503730774,-0.021266870200634,0.785890519618988
1631021866982,0.557571291923523,0.5974300503730774,-0.021266870200634,0.8694581389427185
1631021867092,0.557571291923523,0.5974300503730774,-0.021266870200634,0.911676824092865
1631021867217,0.557571291923523,0.5974300503730774,-0.021266870200634,0.8838971257209778
1631021867310,0.557571291923523,0.5974300503730774,-0.01264791470021,0.7850686311721802
1631021867404,0.397885262966156,-0.3152759671211242,0.021016651764512,0.7324076294898987
1631021867501,0.3734669685363769,-0.325553685426712,0.0644043833017349,0.6850955486297607
1631021867594,0.3511541485786438,-0.3510977327823639,0.0916402712464332,0.6476525068283081
1631021867688,0.3298646807670593,-0.383609265089035,0.0980141386389732,0.6278432607650757
1631021867860,0.3253857791423797,-0.3922314047813415,0.0980628877878189,0.6280195713043213
1631021867922,0.3547851741313934,-0.3294788002967834,0.1141127422451973,0.640231728553772
1631021868000,0.4358801245689392,-0.1758929640054702,0.1678292453289032,0.6605451703071594
1631021868125,0.4358801245689392,-0.1758929640054702,0.1678292453289032,0.6605451703071594
1631021868188,0.4358801245689392,-0.1758929640054702,0.1678292453289032,0.6605451703071594
1631021868282,0.4358801245689392,-0.1758929640054702,0.1678292453289032,0.6605451703071594
1631021868438,0.4358801245689392,-0.1758929640054702,0.1678292453289032,0.6605451703071594
1631021868519,0.4358801245689392,-0.1758929640054702,0.1813042610883712,0.6313537359237671
1631021868659,0.4264522492885589,-0.1625979542732238,0.1968643069267273,0.5937885642051697
1631021868737,0.4293341338634491,-0.1444050669670105,0.2197747528553009,0.5691455602645874
1631021868816,0.4407120943069458,-0.1259080618619918,0.2449441403150558,0.5691652894020081
1631021868956,0.4594806134700775,-0.1028998792171478,0.2609120309352875,0.5899866819381714
1631021869065,0.4904405176639557,-0.0647982507944107,0.2662284076213836,0.6291265487670898
1631021869144,0.5382649898529053,-0.0003937102737836,0.2755763530731201,0.6822254061698914
1631021869222,0.5382649898529053,-0.0003937102737836,0.2755763530731201,0.6822254061698914
1631021869347,0.5382649898529053,-0.0003937102737836,0.2755763530731201,0.6822254061698914
1631021869440,0.5382649898529053,-0.0003937102737836,0.2755763530731201,0.6822254061698914
1631021869503,0.5382649898529053,-0.0003937102737836,0.2755763530731201,0.6822254061698914
1631021869659,0.5382649898529053,-0.0003937102737836,0.2755763530731201,0.6822254061698914
1631021869784,0.5382649898529053,-0.0003937102737836,0.2755763530731201,0.6822254061698914
1631021869847,0.5382649898529053,-0.0003937102737836,0.2755763530731201,0.6822254061698914
1631021869925,0.5382649898529053,-0.0003937102737836,0.2755763530731201,0.6822254061698914
1631021870034,0.5382649898529053,-0.4636914730072021,-0.0949577242136001,0.6822254061698914
1631021870128,0.5382649898529053,-0.4636914730072021,-0.0482578314840793,0.6822254061698914
1631021870256,0.5382649898529053,-0.4636914730072021,-0.0482578314840793,0.6822254061698914
1631021870365,0.5382649898529053,-0.4636914730072021,-0.0482578314840793,0.6822254061698914
1631021870475,0.5382649898529053,-0.4636914730072021,-0.0482578314840793,0.6822254061698914
1631021870552,0.5382649898529053,-0.4636914730072021,-0.0482578314840793,0.6822254061698914
1631021870662,0.5382649898529053,-0.4636914730072021,-0.0482578314840793,0.6822254061698914
1631021870740,0.5382649898529053,-0.4636914730072021,-0.0482578314840793,0.6822254061698914
1631021870881,0.5382649898529053,-0.4636914730072021,-0.0482578314840793,0.6822254061698914
1631021870974,0.5382649898529053,-0.4636914730072021,-0.0482578314840793,0.6822254061698914
1631021871068,0.5382649898529053,-0.4636914730072021,-0.0482578314840793,0.6822254061698914
1631021871146,0.5382649898529053,-0.4636914730072021,-0.0482578314840793,0.6822254061698914
1631021871240,0.5382649898529053,-0.4636914730072021,-0.0207859817892313,0.6822254061698914
1631021871396,0.5382649898529053,-0.4636914730072021,-0.0207859817892313,0.6822254061698914
1631021871459,0.5382649898529053,-0.4636914730072021,-0.0207859817892313,0.6822254061698914
1631021871568,0.5382649898529053,-0.4636914730072021,-0.0207859817892313,0.6822254061698914
1631021871662,0.5382649898529053,-0.4636914730072021,-0.0207859817892313,-0.0502007342875003
1631021871787,0.0114003457129001,0.1230335608124733,0.4075826704502105,-0.0323940701782703
1631021871865,-0.0022938537877053,0.0652090385556221,0.3302526175975799,0.0020000606309622
1631021871958,0.0048546753823757,0.0238300822675228,0.2626842260360718,0.0378430597484111
1631021872084,0.0255443956702947,-0.0009807399474084,0.2061694115400314,0.0629957765340805
1631021872208,0.04605483263731,-0.0139975370839238,0.1587961763143539,0.0767806321382522
1631021872286,0.0600350350141525,-0.0221438966691494,0.119956724345684,0.0844197496771812
1631021872381,0.0708774030208587,-0.0336326360702514,0.0914132446050643,0.0928892791271209
1631021872474,0.0837204530835151,-0.0484081804752349,0.0759558081626892,0.1127045303583145
1631021872568,0.130082219839096,-0.047927126288414,0.0908480510115623,0.1692837327718734
1631021872708,0.2592607736587524,0.0119324391707777,0.1751614362001419,0.2781811356544494
1631021872786,0.4577444493770599,0.1428066492080688,0.3344683349132538,0.4176777899265289
1631021872896,0.6444751024246216,0.2836923003196716,0.4983639717102051,0.5576094388961792
1631021873005,0.7973021864891052,0.3941499888896942,0.6183404922485352,0.6593420505523682
1631021873068,0.8928328156471252,0.4596888422966003,0.6927651762962341,0.7143300771713257
1631021873162,0.9424650073051452,0.4902179837226867,0.7281962633132935,0.7351253032684326
1631021873288,0.965846836566925,0.5035146474838257,0.7409776449203491,0.7385041117668152
1631021873382,0.980017066001892,0.5129008293151855,0.7458392977714539,0.7376598119735718
1631021873492,0.9929826259613036,0.5233126878738403,0.7491724491119385,0.739450216293335
1631021873617,1.0095807313919067,0.543083667755127,0.7560132145881653,0.7534443736076355
1631021873679,1.0439889430999756,0.5666822195053101,0.778259813785553,0.7965857982635498
1631021873773,1.112064242362976,0.5920292735099792,0.8066202402114868,0.8866581320762634
1631021873914,1.1387978792190552,0.6207478642463684,0.8364760875701904,1.0065490007400513
1631021874007,1.1674392223358154,0.6534369587898254,0.8675248026847839,1.116021990776062
1631021874085,1.1956729888916016,0.6868075132369995,0.8969364762306213,1.1881206035614014
1631021874226,1.215989351272583,0.7085456848144531,0.914320468902588,1.21778404712677
1631021874288,1.2157037258148191,0.6980425715446472,0.8989261388778687,1.21356463432312
1631021874413,1.1866950988769531,0.6397624611854553,0.8316953778266907,1.190880537033081
1631021874523,1.1340032815933228,0.5319090485572815,0.704059898853302,1.165522813796997
1631021874616,1.08313250541687,0.4040752053260803,0.5329452157020569,1.14918851852417
1631021874710,1.0253673791885376,0.2977563440799713,0.3346628546714782,1.1444002389907837
1631021874819,1.0082991123199463,0.2827188670635223,0.2412763833999633,1.1464910507202148
1631021874897,1.003844141960144,0.2950930893421173,0.2222613245248794,1.150341510772705
1631021875022,0.9974875450134276,0.2958070039749145,0.2264506816864013,1.1536636352539062
1631021875116,0.984388828277588,0.2312332838773727,0.2035199105739593,1.1532238721847534
1631021875242,0.9301489591598512,0.2210281789302826,0.0053744008764624,1.1409567594528198
1631021875321,0.7228024005889893,0.2101440727710724,0.0747759491205215,1.1008248329162598
1631021875399,0.7579046487808228,0.2168259471654892,0.0747759491205215,1.032807469367981
1631021875539,0.7579046487808228,0.2661484777927398,0.0747759491205215,0.9088842868804932
1631021875617,0.7579046487808228,0.3496702015399933,0.0747759491205215,0.7428035736083984
1631021875758,0.7579046487808228,0.4326419830322265,0.0747759491205215,0.5885459780693054
1631021875852,0.7579046487808228,0.4875344634056091,0.0747759491205215,0.5101146697998047
1631021875961,0.7926969528198242,0.5071417689323425,0.0747759491205215,0.5039862990379333
1631021876008,0.7857997417449951,0.50023353099823,0.0747759491205215,0.525856614112854
1631021876118,0.7621033787727356,0.4814492166042328,0.0747759491205215,0.5524159669876099
1631021876211,0.7445023059844971,0.4742763638496399,0.0942943543195724,0.5768663883209229
1631021876367,0.7288958430290222,0.4647453427314758,0.0676222518086433,0.6004077196121216
1631021876430,0.7301734685897827,0.4552798569202423,0.0289487317204475,0.5860018730163574
1631021876523,0.7397711873054504,0.4474502205848694,-0.02574641443789,0.5518727898597717
1631021876633,0.7384506464004517,0.4410679638385772,-0.0992569550871849,0.4918186664581299
1631021876726,0.7146483063697815,0.434425413608551,-0.2114872634410858,0.4042307734489441
1631021876836,0.6690153479576111,0.4258753359317779,-0.5650357007980347,0.2808938920497894
1631021876992,0.5922012329101562,0.4104384779930115,-0.5770240426063538,0.266747236251831
1631021877055,0.5594084858894348,0.3753014504909515,-0.579872190952301,0.2456938177347183
1631021877148,0.5329812169075012,0.306855171918869,-0.5784609317779541,0.2149035632610321
1631021877245,0.5113511085510254,0.1985602080821991,-0.5750166177749634,0.1831405907869339
1631021877386,0.4922265708446502,0.0626062899827957,-0.5709475874900818,0.1595662385225296
1631021877448,0.399030476808548,-0.0631761252880096,-0.5678943991661072,0.1450345069169998
1631021877589,0.346320778131485,-0.1426045298576355,-0.5648214817047119,0.1356445103883743
1631021877651,0.3242106139659881,-0.1837641894817352,-0.5550068616867065,0.129097431898117
1631021877745,0.3094027042388916,-0.2148322016000747,-0.5341059565544128,0.1251455843448639
1631021877855,0.2772404849529266,-0.2422462999820709,-0.5137506723403931,0.1251066476106643
1631021877933,0.2140239179134369,-0.2471306025981903,-0.4363553822040558,0.0983606725931167
1631021878042,0.1606999933719635,-0.1632350832223892,-0.2245170176029205,0.0746651068329811
1631021878214,0.0807562619447708,0.0296239778399467,0.0988076478242874,0.1941499263048172
1631021878294,0.0286784656345844,0.2410783469676971,0.3835071623325348,0.3493748009204864
1631021878356,0.3114576041698456,0.4089704155921936,0.5820821523666382,0.4814362525939941
1631021878466,0.4810364246368408,0.5426169037818909,0.7135334014892578,0.5829828977584839
1631021878606,0.5102716684341431,0.6701146960258484,0.7420889139175415,0.6826401948928833
1631021878669,0.538533091545105,0.7924502491950989,0.7727496027946472,0.7907624840736389
1631021878778,0.5672773122787476,0.8892704248428345,0.8059021234512329,0.8864279985427856
1631021878872,0.5993116497993469,0.9464556574821472,0.8420261144638062,0.9469462633132936
1631021878950,0.6378111839294434,0.973321795463562,0.8817609548568726,0.9782166481018066
1631021879122,0.6840196847915649,1.002246975898743,0.9258306622505188,1.0120370388031006
1631021879184,0.7394239902496338,1.0338809490203855,0.9749202132225036,1.0491818189620972
1631021879249,0.8073132038116455,1.0681798458099363,1.0301157236099243,1.0903568267822266
1631021879421,0.8925740122795105,1.1051981449127195,1.0932776927947998,1.1362568140029907
1631021879515,0.8925740122795105,1.144157886505127,1.1650817394256592,1.1362568140029907
1631021879593,0.8925740122795105,1.1811802387237549,1.239288091659546,1.1362568140029907
1631021879687,0.8925740122795105,1.2102986574172974,1.239288091659546,1.1669098138809204
1631021879780,0.8925740122795105,1.2301714420318604,1.239288091659546,1.1878854036331177
1631021879921,0.8925740122795105,1.1864013671875,1.239288091659546,1.207119345664978
1631021880015,0.8925740122795105,1.132751703262329,1.239288091659546,1.200178861618042
1631021880108,0.8925740122795105,1.0500833988189695,0.053719975054264,1.1723593473434448
1631021880186,0.8925740122795105,0.9079030752182008,0.0234429724514484,1.091597557067871
1631021880283,0.8925740122795105,0.6822376251220703,-0.0116415694355964,0.9475969672203064
1631021880361,0.8925740122795105,0.3902169167995453,-0.0436183921992778,0.7796304821968079
1631021880533,0.8925740122795105,0.0889990180730819,-0.0681960806250572,0.7796304821968079
1631021880611,0.8925740122795105,0.0556057132780551,-0.0835072994232177,0.7796304821968079
1631021880721,0.8925740122795105,0.0368775650858879,-0.087460845708847,0.7796304821968079
1631021880815,0.8925740122795105,0.0265546943992376,-0.0774136707186698,0.7796304821968079
1631021880924,0.8925740122795105,0.015910517424345,-0.0564472787082195,0.7796304821968079
1631021881002,0.8925740122795105,2.1729823856730945e-05,-0.036313883960247,0.7575576901435852
1631021881080,0.9299538135528564,-0.0197016056627035,-0.0261763650923967,0.7317401170730591
1631021881236,0.8671741485595703,-0.0402769930660724,-0.0273576490581035,0.7007394433021545
1631021881345,0.8023839592933655,-0.0591576136648654,-0.0507313795387744,0.6680951714515686
1631021881439,0.7428734302520752,-0.1002731546759605,-0.0668247565627098,0.6367419958114624
1631021881504,0.6915287971496582,-0.1581447869539261,-0.0787665247917175,0.5334746837615967
1631021881598,0.6499360203742981,-0.2260848730802536,-0.0880481153726577,0.4265885353088379
1631021881738,0.5721822381019592,-0.2795471549034118,-0.0936943218111991,0.3569337129592895
1631021881847,0.5509319305419922,-0.2940925061702728,-0.0941467508673667,0.3364685177803039
1631021881926,0.537259578704834,-0.2598885893821716,-0.0892334580421447,0.3414543867111206
1631021882019,0.5269706845283508,-0.1843994110822677,-0.0790116712450981,0.3282764256000519
1631021882129,0.5163706541061401,-0.088891826570034,-0.0654497370123863,0.3157628774642944
1631021882211,0.5063461065292358,0.0058587645180523,-0.0505720749497413,0.3121595382690429
1631021882320,0.5027096271514893,0.0851605609059333,-0.0346858091652393,0.3264645338058471
1631021882445,0.4335555732250213,0.143326848745346,-0.0128327030688524,0.3527366518974304
1631021882539,0.3996800780296325,0.1881760358810424,0.0377200916409492,0.3616401851177215
1631021882632,0.4887888431549072,0.2414304912090301,0.154679536819458,0.4038909673690796
1631021882726,0.6958175301551819,0.3183038532733917,0.3391920030117035,0.4948984384536743
1631021882820,0.9060757756233216,0.4078434705734253,0.5285404920578003,0.6069819331169128
1631021882945,1.0603787899017334,0.4920145571231842,0.6777508854866028,0.7028863430023193
1631021883039,1.1637442111968994,0.5729508399963379,0.7830320000648499,0.7243179082870483
1631021883132,1.1919660568237305,0.6005493402481079,0.8098215460777283,0.7464306354522705
1631021883226,1.2214607000350952,0.6293094158172607,0.8391492366790771,0.7695487141609192
1631021883367,1.2522910833358765,0.6583108305931091,0.8712353110313416,0.7953866720199585
1631021883413,1.2853089570999146,0.6863282322883606,0.9059597253799438,0.8257594704627991
1631021883541,1.3216007947921753,0.7112456560134888,0.9434261918067932,0.8618525266647339
1631021883650,1.4008417129516602,0.7316751480102539,0.9842838048934937,0.9035934805870056
1631021883775,1.442725658416748,0.7485241293907166,1.029390811920166,1.1079856157302856
1631021883853,1.4889624118804932,0.767219066619873,1.079573392868042,1.153026819229126
1631021883947,1.5401238203048706,0.7965809106826782,1.1358100175857544,1.2016923427581787
1631021884056,1.5957173109054563,0.841366171836853,1.1345402002334597,1.257844090461731
1631021884166,1.647444486618042,0.8929229974746704,1.103745460510254,1.3201452493667605
1631021884291,1.6790097951889038,0.8929229974746704,1.0302612781524658,1.3201452493667605
1631021884369,1.6790097951889038,0.8929229974746704,0.8870502710342407,1.3201452493667605
1631021884466,1.6790097951889038,0.8929229974746704,0.6286751627922058,1.3201452493667605
1631021884560,1.6790097951889038,0.8929229974746704,0.0071556936018168,1.0770708322525024
1631021884669,1.6790097951889038,0.8929229974746704,0.0115197757259011,1.0044716596603394
1631021884763,1.162389039993286,0.8929229974746704,0.0239689964801073,0.9425562620162964
1631021884882,1.1057775020599363,0.1502987444400787,0.0352270901203155,0.8862840533256531
1631021884978,1.0551947355270386,0.1246849745512008,0.0379251427948474,0.8373168110847473
1631021885100,1.010575532913208,0.1150972470641136,0.0459498539566993,0.8011338114738464
1631021885165,0.6763792634010315,0.1905026882886886,0.100381813943386,0.7891324758529663
1631021885306,0.7360970377922058,0.3439321517944336,0.2146146297454834,0.4751679599285126
1631021885361,0.8042252063751221,0.4909313321113586,0.3373081386089325,0.57932448387146
1631021885497,0.8042252063751221,0.5856508612632751,0.3373081386089325,0.6502766013145447
1631021885607,0.8042252063751221,0.630577802658081,0.3247780799865722,0.6502766013145447
1631021885677,0.8042252063751221,0.6534379720687866,0.3486202955245971,0.6502766013145447
1631021885835,0.8042252063751221,0.6534379720687866,0.3801850080490112,0.6502766013145447
1631021885880,0.8042252063751221,0.6534379720687866,0.4130244255065918,0.6705097556114197
1631021885976,0.8042252063751221,0.6534379720687866,0.4472098648548126,0.6909893751144409
1631021886117,0.8288665413856506,0.6828810572624207,0.4832257330417633,0.710629403591156
1631021886188,0.847559928894043,0.7118545174598694,0.5213481783866882,0.7351425886154175
1631021886328,0.8602355122566223,0.7431308627128601,0.5639845132827759,0.7721693515777588
1631021886391,0.8789466619491577,0.7815220355987549,0.6165587306022644,0.8251816630363464
1631021886484,0.9229207038879396,0.8303619623184204,0.6885729432106018,0.8919407725334167
1631021886592,0.9229207038879396,0.886559247970581,0.6885729432106018,0.9668121933937072
1631021886748,0.9229207038879396,1.1954318284988403,0.6885729432106018,0.9668121933937072
1631021886826,0.9229207038879396,1.2420023679733276,0.6885729432106018,0.9668121933937072
1631021886904,0.9229207038879396,1.2848844528198242,0.6885729432106018,0.9668121933937072
1631021886983,0.9229207038879396,1.2848844528198242,0.6885729432106018,0.9668121933937072
1631021887088,0.9229207038879396,1.2848844528198242,0.6885729432106018,0.9668121933937072
1631021887167,0.9229207038879396,1.2848844528198242,0.6885729432106018,0.9668121933937072
1631021887333,0.9229207038879396,1.2848844528198242,0.6885729432106018,0.9668121933937072
1631021887424,0.9229207038879396,1.1450676918029783,0.6885729432106018,0.9668121933937072
1631021887535,0.9229207038879396,1.0676032304763794,0.6885729432106018,0.9668121933937072
1631021887598,0.9229207038879396,1.0040805339813232,0.6885729432106018,0.9668121933937072
1631021887707,0.2731823623180389,0.9468079209327698,-0.1857593208551406,0.5177344083786011
1631021887785,0.2523346841335296,0.8937479853630066,-0.1418789029121399,0.5374116897583008
1631021887941,0.2113153487443924,0.8456562757492065,-0.1098561882972717,0.5407601594924927
1631021888020,0.190525397658348,0.8041197657585144,-0.0460777916014194,0.5222654342651367
1631021888129,0.190525397658348,0.7743446230888367,-0.0460777916014194,0.5077868103981018
1631021888238,0.190525397658348,0.2343938499689102,-0.0460777916014194,0.5569469928741455
1631021888301,0.190525397658348,0.3480149805545807,-0.0460777916014194,0.6751272082328796
1631021888410,0.190525397658348,0.4501055181026459,-0.0460777916014194,0.7939940094947815
1631021888566,0.190525397658348,0.5123021602630615,-0.0460777916014194,0.7939940094947815
1631021888644,0.190525397658348,0.5326656699180603,-0.0460777916014194,0.7939940094947815
1631021888785,0.190525397658348,0.5446255207061768,-0.0460777916014194,0.7891043424606323
1631021888847,0.190525397658348,0.537802517414093,-0.0460777916014194,0.7891043424606323
1631021888941,0.1646710485219955,0.5218712091445923,-0.0208701081573963,0.8098362684249878
1631021889004,0.1526365429162979,0.5033933520317078,0.01032055914402,0.8324255347251892
1631021889175,0.1684186160564422,0.4897779524326324,0.0188238620758056,0.8557507991790771
1631021889254,0.2885958254337311,0.4859403967857361,0.0329958647489547,0.8421436548233032
1631021889332,0.4729983210563659,0.4910890161991119,0.0583958998322486,0.8312836289405823
1631021889457,0.627801239490509,0.5005956888198853,0.0886019170284271,0.831947922706604
1631021889519,0.7126641273498535,0.5083550214767456,0.0697633177042007,0.851409375667572
1631021889650,0.6904421448707581,0.5044333934783936,0.0681785866618156,0.8751564025878906
1631021889751,0.6555054783821106,0.4729440212249756,0.0561158321797847,0.8648857474327087
1631021889829,0.6174498200416565,0.397553950548172,0.0450573489069938,0.7786201238632202
1631021889938,0.5783191919326782,0.2727878987789154,0.0398481599986553,0.5803486704826355
1631021890032,0.5423635244369507,0.120194174349308,0.0366608761250972,0.5451043844223022
1631021890157,0.5209864377975464,0.0052690193988382,0.0290841851383447,0.5224981904029846
1631021890239,0.5231953263282776,-0.0127936797216534,0.0166434645652771,0.4934536218643188
1631021890380,0.5521978735923767,0.04117451608181,0.0025979017373174,0.5108329057693481
1631021890458,0.6019558906555176,0.1159650981426239,-0.0097026405856013,0.5296528339385986
1631021890536,0.6547797322273254,0.1929923295974731,-0.0176888406276702,0.5394187569618225
1631021890661,0.7203640937805176,0.2719083428382873,0.0231615658849477,0.5463055968284607
1631021890801,0.7877188920974731,0.3636125028133392,0.0255667455494403,0.589203953742981
1631021890880,0.8714352250099182,0.4636915922164917,0.0172071382403373,0.6000211238861084
1631021890989,0.9625424742698668,0.5512105822563171,0.0022006067447364,0.6023728251457214
1631021891056,1.035317063331604,0.6101519465446472,-0.0126216011121869,0.5908464193344116
1631021891165,1.076213002204895,0.6384158134460449,-0.0206191819161176,0.5685049295425415
1631021891259,1.0914952754974363,0.6467153429985046,-0.0202146042138338,0.5898804664611816
1631021891337,1.1179556846618652,0.6481309533119202,-0.0176364835351705,0.614742636680603
1631021891446,1.1479345560073853,0.6499548554420471,-0.0195844043046236,0.6385436654090881
1631021891602,1.180843949317932,0.6526042222976685,-0.0241546817123889,0.651270866394043
1631021891681,1.1858240365982056,0.6554374694824219,-0.0454779043793678,0.6545984148979187
1631021891774,1.187978982925415,0.6601870656013489,0.0150080965831875,0.6524384021759033
1631021891884,1.190449595451355,0.6813774704933167,0.265336811542511,0.6553525328636169
1631021891977,1.2006797790527344,0.7421787977218628,0.3197515606880188,0.690070390701294
1631021892040,1.2231714725494385,0.8338978290557861,0.3860472440719604,0.7608429193496704
1631021892230,1.231468677520752,0.9180521965026855,0.3860472440719604,0.8380343914031982
1631021892314,1.2304062843322754,0.9646252393722534,0.3860472440719604,0.8803967833518982
1631021892408,1.2036573886871338,0.9683478474617004,0.3860472440719604,0.8948392271995544
1631021892486,1.1407532691955566,0.9448117017745972,0.3860472440719604,0.8883619904518127
1631021892580,1.0224608182907104,0.9178436994552612,0.3860472440719604,0.8737906813621521
1631021892689,0.9336625933647156,0.9024561047554016,0.3425038754940033,0.8571821451187134
1631021892830,0.9016952514648438,0.8989130258560181,0.2953134775161743,0.8393930792808533
1631021892892,0.8696115016937256,0.9005332589149475,0.2561186552047729,0.8268374800682068
1631021893002,0.8367536664009094,0.9026291966438292,0.2296802252531051,0.8228462338447571
1631021893127,0.8057019710540771,0.9035152792930604,0.2216620296239853,0.8299267888069153
1631021893189,0.7947194576263428,0.9018434882164,0.2593604028224945,0.841167151927948
1631021893254,0.7893745303153992,0.8960695862770081,0.2712112069129944,0.8483431935310364
1631021893426,0.7829899787902832,0.8795197010040283,0.1659209877252578,0.8442902565002441
1631021893535,0.7514735460281372,0.8381255865097046,0.2509299218654632,0.8212218880653381
1631021893614,0.6784790754318237,0.7699469327926636,0.4033120274543762,0.777741014957428
1631021893676,0.7477781772613525,0.7012511491775513,0.559965968132019,0.7225423455238342
1631021893786,0.8070566058158875,0.6733628511428833,0.6705644726753235,0.6765919923782349
1631021893880,0.849493145942688,0.6919108629226685,0.6705644726753235,0.6360558867454529
1631021894036,0.8839069604873657,0.7345234751701355,0.6705644726753235,0.6202234029769897
1631021894098,0.8968963027000427,0.7576202750205994,0.6705644726753235,0.620308518409729
1631021894192,0.9126334190368652,0.7839049100875854,0.6987691521644592,0.6287651062011719
1631021894274,0.9316725134849548,0.8114370107650757,0.7316449880599976,0.6430019736289978
1631021894383,0.9571595788002014,0.8411604762077332,0.7696657180786133,0.6625943779945374
1631021894508,0.9897059798240662,0.8744637370109558,0.8120543956756592,0.6817386150360107
1631021894664,1.0280418395996094,0.9130752086639404,0.857751190662384,0.6932494640350342
1631021894727,1.0701106786727903,0.9584376215934752,0.9087607860565186,0.6982961893081665
1631021894821,1.1111515760421753,0.9617451429367064,0.9704802632331848,0.7067051529884338
1631021894930,1.1462275981903076,0.956853210926056,1.0460946559906006,0.7295313477516174
1631021895008,1.173940658569336,0.9363978505134584,1.0460946559906006,0.7295313477516174
1631021895148,1.1114850044250488,0.8821559548377991,1.0460946559906006,0.7295313477516174
1631021895242,1.0454087257385254,0.7811510562896729,1.0460946559906006,0.7295313477516174
1631021895367,1.0180387496948242,0.677264928817749,1.0460946559906006,0.7295313477516174
1631021895430,0.960135579109192,0.7196572422981262,1.0460946559906006,0.7751170992851257
1631021895508,0.960135579109192,0.6390360593795776,1.0460946559906006,0.7751170992851257
1631021895648,0.960135579109192,0.6390360593795776,1.0460946559906006,0.7751170992851257
1631021895711,0.960135579109192,0.6390360593795776,1.0460946559906006,0.7751170992851257
1631021895852,0.960135579109192,0.6390360593795776,1.0460946559906006,0.7751170992851257
1631021895929,0.960135579109192,0.6390360593795776,1.0460946559906006,0.7751170992851257
1631021896023,0.960135579109192,0.6390360593795776,1.0460946559906006,0.7751170992851257
1631021896117,0.960135579109192,0.6390360593795776,1.0460946559906006,0.7751170992851257
1631021896211,0.960135579109192,0.6390360593795776,1.0460946559906006,0.7751170992851257
1631021896339,0.960135579109192,0.6836017370223999,1.0460946559906006,0.7751170992851257
1631021896464,0.960135579109192,0.748592734336853,1.0460946559906006,0.7751170992851257
1631021896542,0.960135579109192,0.8344825506210327,1.0460946559906006,0.7751170992851257
1631021896636,0.960135579109192,0.8344825506210327,1.0460946559906006,0.7751170992851257
1631021896745,0.960135579109192,0.8344825506210327,1.0460946559906006,0.7751170992851257
1631021896839,0.960135579109192,0.8344825506210327,1.0460946559906006,0.7751170992851257
1631021896948,0.960135579109192,0.8344825506210327,1.0460946559906006,0.7751170992851257
1631021897057,0.960135579109192,0.8344825506210327,1.0460946559906006,0.7751170992851257
1631021897167,0.960135579109192,-0.2772254645824432,1.0460946559906006,0.7751170992851257
1631021897245,0.960135579109192,-0.2881005704402923,0.0063785035163164,0.7751170992851257
1631021897370,0.960135579109192,-0.3084819316864013,-0.0223076492547988,0.4946848452091217
1631021897463,0.2916065156459808,-0.3186336755752563,-0.0644095912575721,0.5420355200767517
1631021897557,0.3402830958366394,-0.3089044392108917,-0.1081432327628135,0.5668470859527588
1631021897667,0.3402830958366394,-0.2324527204036712,-0.1043347641825676,0.5668470859527588
1631021897776,0.3402830958366394,-0.2324527204036712,-0.1043347641825676,0.5668470859527588
1631021897854,0.3402830958366394,-0.2324527204036712,-0.1043347641825676,0.5668470859527588
1631021898010,0.3402830958366394,-0.2324527204036712,-0.1043347641825676,0.5668470859527588
1631021898057,0.3402830958366394,-0.2324527204036712,-0.1043347641825676,0.5668470859527588
1631021898182,0.3402830958366394,-0.2324527204036712,-0.1043347641825676,0.5668470859527588
1631021898309,0.3402830958366394,-0.2324527204036712,-0.1043347641825676,0.5668470859527588
1631021898402,0.3402830958366394,-0.2337490320205688,-0.1043347641825676,0.5668470859527588
1631021898496,0.3402830958366394,-0.223526656627655,-0.1143730953335762,0.5668470859527588
1631021898574,0.3402830958366394,-0.2119329869747162,-0.1411230117082595,0.6075100898742676
1631021898668,0.3973248600959778,-0.1996867060661316,-0.1911670863628387,0.6432654857635498
1631021898762,0.3973248600959778,-0.1716300547122955,-0.2533009946346283,0.6432654857635498
1631021898887,0.3973248600959778,-0.1716300547122955,-0.2533009946346283,0.6432654857635498
1631021898996,0.3973248600959778,-0.1716300547122955,-0.2533009946346283,0.6432654857635498
1631021899137,0.3973248600959778,-0.1716300547122955,-0.2533009946346283,0.6432654857635498
1631021899183,0.3973248600959778,-0.1716300547122955,-0.2533009946346283,0.6432654857635498
1631021899277,0.3973248600959778,-0.1716300547122955,-0.2533009946346283,0.6432654857635498
1631021899371,0.3973248600959778,-0.1716300547122955,-0.2533009946346283,0.6432654857635498
1631021899512,0.3973248600959778,-0.1716300547122955,-0.2533009946346283,0.6432654857635498
1631021899574,0.3973248600959778,-0.1716300547122955,-0.2533009946346283,0.6432654857635498
1631021899715,0.3973248600959778,-0.1716300547122955,-0.2533009946346283,0.6432654857635498
1631021899793,0.3973248600959778,-0.1716300547122955,-0.2533009946346283,0.6432654857635498
1631021899886,0.3973248600959778,-0.1716300547122955,-0.2533009946346283,0.6432654857635498
1631021899964,0.3973248600959778,-0.1716300547122955,-0.2533009946346283,0.6432654857635498
1631021900136,0.3973248600959778,-0.1716300547122955,-0.2533009946346283,0.6432654857635498
1631021900230,0.3973248600959778,-0.1716300547122955,-0.2533009946346283,0.6432654857635498
1631021900308,0.3973248600959778,-0.1716300547122955,-0.2533009946346283,0.6432654857635498
1631021900402,0.3973248600959778,-0.1716300547122955,-0.2533009946346283,0.6432654857635498
1631021900484,0.7115143537521362,0.254559725522995,-0.2533009946346283,0.9597477316856384
1631021900576,0.6726034283638,0.2432850897312164,-0.0133136920630931,0.9117220044136048
1631021900717,0.6178255677223206,0.2369115501642227,-0.0430030450224876,0.8618381023406982
1631021900810,0.5615628957748413,0.2278166860342025,-0.0544786639511585,0.8174538016319275
1631021900904,0.5125978589057922,0.2119374573230743,-0.0532122999429702,0.7766970992088318
1631021901013,0.4713367223739624,0.1922913342714309,-0.0462646335363388,0.7766970992088318
1631021901107,0.4404323399066925,0.1736140251159668,-0.0419851914048194,0.7766970992088318
1631021901201,0.433087021112442,0.1639153510332107,-0.0462110824882984,0.7766970992088318
1631021901329,0.4559072256088257,0.1667060554027557,-0.0587376542389392,0.7766970992088318
1631021901438,0.4913810193538666,0.1752490550279617,-0.075021393597126,0.7896577715873718
1631021901501,0.5170837044715881,0.1793069988489151,-0.0928706899285316,0.7978727221488953
1631021901610,0.527309775352478,0.1770056784152984,-0.1122972890734672,0.7978727221488953
1631021901735,0.5171633362770081,0.1657785475254058,-0.1323886215686798,0.7847102284431458
1631021901829,0.4940344095230102,0.161493495106697,-0.182944968342781,0.7414255142211914
1631021901954,0.4617041349411011,0.1541474908590316,-0.2164559662342071,0.683414101600647
1631021902047,0.4346652626991272,0.1501588821411132,-0.2261028438806533,0.6422697305679321
1631021902110,0.4311285316944122,0.1462035477161407,-0.2240127474069595,0.6431455016136169
1631021902204,0.4544299840927124,0.1405932158231735,-0.2209111601114273,0.6798121333122253
1631021902317,0.4949483275413513,0.1376644521951675,-0.2180951088666916,0.6798121333122253
1631021902442,0.5435349345207214,0.1351285874843597,-0.2189995199441909,0.6798121333122253
1631021902536,0.5997009873390198,0.1380190700292587,-0.2295063585042953,0.6798121333122253
1631021902645,0.6616808176040649,0.1441384553909301,-0.2511141896247864,0.6798121333122253
1631021902738,0.7137985229492188,0.1422728449106216,-0.2750433981418609,0.6798121333122253
1631021902832,0.6659584641456604,0.1243820711970329,-0.28965625166893,0.6798121333122253
1631021902989,0.5536273121833801,0.0929291024804115,-0.2930764853954315,0.6798121333122253
1631021903082,0.4157378077507019,0.0598127916455268,-0.2866809666156769,0.6798121333122253
1631021903160,0.3346817791461944,0.0304031539708375,-0.2709909975528717,0.4043305218219757
1631021903256,0.4266083538532257,0.0068264426663517,-0.2505273222923279,0.4656670391559601
1631021903381,0.5364238619804382,-0.0152514651417732,-0.2327692508697509,0.5692289471626282
1631021903459,0.618273913860321,0.0334262922406196,-0.2268123924732208,0.6682866215705872
1631021903553,0.6605569124221802,0.0938352271914482,-0.2293288260698318,0.7361640334129333
1631021903647,0.6766316294670105,0.1499381065368652,-0.2313035130500793,0.7361640334129333
1631021903772,0.6766316294670105,0.2219741344451904,-0.2385621964931488,0.7361640334129333
1631021903881,0.6766316294670105,0.3463814854621887,-0.2542201280593872,0.7361640334129333
1631021903975,0.6766316294670105,0.5178559422492981,-0.2778458297252655,0.7361640334129333
1631021904084,0.6766316294670105,0.6690969467163086,-0.2993558943271637,0.7361640334129333
1631021904147,0.6766316294670105,0.7696571946144104,-0.3039896190166473,0.7361640334129333
1631021904259,0.6766316294670105,0.8212530612945557,-0.2902497053146362,0.7361640334129333
1631021904384,0.7036866545677185,0.8401731848716736,-0.2715176343917846,0.7684037089347839
1631021904462,0.7419760227203369,0.8447291851043701,-0.2571772038936615,0.8088003396987915
1631021904572,0.787581205368042,0.8458026051521301,-0.2511160969734192,0.8600975275039673
1631021904665,0.8337762355804443,0.847369372844696,-0.2583824396133423,0.9220560193061828
1631021904744,0.8661531209945679,0.848953366279602,-0.2905852794647217,0.907630741596222
1631021904837,0.8178303837776184,0.8483741879463196,-0.2781434059143066,0.907630741596222
1631021905009,0.8178303837776184,0.844663143157959,-0.1771191507577896,0.907630741596222
1631021905071,0.8178303837776184,0.840508759021759,-0.0260325316339731,0.907630741596222
1631021905181,0.8178303837776184,0.8379080891609192,0.0511712357401847,0.907630741596222
1631021905293,0.8178303837776184,0.8299432992935181,0.0841457918286323,0.907630741596222
1631021905371,0.8178303837776184,0.7974220514297485,0.0809990167617797,0.907630741596222
1631021905480,0.8178303837776184,0.7203778624534607,0.0623197741806507,0.907630741596222
1631021905590,0.8178303837776184,0.5919252038002014,0.046896256506443,0.907630741596222
1631021905683,0.8178303837776184,0.4310083985328674,0.0365550704300403,0.907630741596222
1631021905793,0.8178303837776184,0.2883985638618469,0.0238244086503982,0.907630741596222
1631021905902,0.8178303837776184,0.2085496932268142,0.0046315039508044,0.907630741596222
1631021905980,0.8178303837776184,0.1783987879753112,-0.017287028953433,0.3980971276760101
1631021906089,0.482260912656784,0.1671805679798126,-0.0349736213684082,0.3269900977611542
1631021906199,0.4812324941158294,0.1644441038370132,-0.0445581264793872,0.2794811725616455
1631021906328,0.4989668726921081,0.1717837154865265,-0.0334864892065525,0.1736961156129837
1631021906422,0.5005029439926147,0.1855124980211258,-0.0261567309498786,0.1492633074522018
1631021906484,0.5148070454597473,0.1925548017024994,-0.0330667868256568,0.1323693394660949
1631021906593,0.5122625827789307,0.1779878288507461,-0.063611701130867,0.1310369670391082
1631021906703,0.5020445585250854,0.1360198557376861,-0.1121571063995361,0.147088885307312
1631021906828,0.4931605458259582,0.0770791992545127,-0.1593289226293563,0.1668562442064285
1631021906937,0.4868066012859344,0.0210716668516397,-0.1866850107908249,0.1751344501972198
1631021907015,0.4807604849338531,-0.0137327257543802,-0.1976607739925384,0.1705013811588287
1631021907109,0.4747279584407806,-0.0200309865176677,-0.209624245762825,0.1623104214668274
1631021907171,0.4717519879341125,-0.0011653155088424,-0.2282534688711166,0.1649697124958038
1631021907359,0.4717519879341125,0.028475247323513,-0.243863359093666,0.1481615155935287
1631021907437,0.4729997217655182,0.0554272569715976,-0.2430338412523269,0.1949957907199859
1631021907531,0.4773819744586944,0.0740335807204246,-0.2144005745649337,0.3046804368495941
1631021907624,0.4839998483657837,0.0870711207389831,-0.1521025002002716,0.452038049697876
1631021907718,0.6542099714279175,0.0928467735648155,-0.0660582035779953,0.5969179272651672
1631021907812,0.7660550475120544,0.0857394412159919,0.0186514668166637,0.7114056348800659
1631021907906,0.8188116550445557,0.0677875280380249,0.0824209004640579,0.7855862975120544
1631021908046,0.8351439833641052,0.0522930733859539,0.118853785097599,0.827244758605957
1631021908156,0.8411102890968323,0.0516478866338729,0.1350180655717849,0.8494547009468079
1631021908245,0.8487885594367981,0.0655809938907623,0.1408306658267974,0.8609131574630737
1631021908331,0.8549317121505737,0.083936683833599,0.1426114290952682,0.8660064935684204
1631021908440,0.8560603260993958,0.0973283499479293,0.1436871141195297,0.8693192005157471
1631021908519,0.8568307757377625,0.1015176847577095,0.1529374569654464,0.8756219148635864
1631021908628,0.8809148073196411,0.1034276112914085,0.1719054728746414,0.8938719034194946
1631021908753,0.9080623984336852,0.1375298053026199,0.1943085193634033,0.9179282784461976
1631021908862,0.9080623984336852,0.2371955215930938,0.2198095023632049,0.939509093761444
1631021908956,0.9080623984336852,0.3710009157657623,0.2459966838359832,0.9567719101905824
1631021909034,0.9080623984336852,0.3867947161197662,0.2656048834323883,0.9626545310020448
1631021909143,0.9080623984336852,0.4059347808361053,0.2657889723777771,0.9449883699417114
1631021909257,0.8369877338409424,0.4256547391414642,0.2323908507823944,0.8938246369361877
1631021909320,0.7351518273353577,0.4474533200263977,0.1574144959449768,0.8103567957878113
1631021909461,0.6453073620796204,0.4734109342098236,0.0465946905314922,0.7159894108772278
1631021909539,0.606493353843689,0.503010094165802,-0.0685766488313674,0.6401839852333069
1631021909632,0.60392826795578,0.5352771878242493,-0.1413685977458953,0.5931882858276367
1631021909742,0.6061995625495911,0.5719389915466309,-0.1413685977458953,0.5710901021957397
1631021909867,0.6061995625495911,0.6175519824028015,-0.1413685977458953,0.5710901021957397
1631021909960,0.6061995625495911,0.6780204176902771,-0.1413685977458953,0.5710901021957397
1631021910070,0.6061995625495911,0.7577729225158691,-0.1413685977458953,0.5710901021957397
1631021910132,0.6061995625495911,0.7577729225158691,-0.1413685977458953,0.5710901021957397
1631021910243,0.6061995625495911,0.7577729225158691,-0.1413685977458953,0.5710901021957397
1631021910353,0.6061995625495911,0.7577729225158691,-0.1413685977458953,0.5710901021957397
1631021910462,0.6061995625495911,0.7577729225158691,-0.1413685977458953,0.5710901021957397
1631021910556,0.6061995625495911,0.7577729225158691,-0.1413685977458953,0.5710901021957397
1631021910650,0.6061995625495911,0.7577729225158691,-0.1413685977458953,0.5710901021957397
1631021910775,0.6061995625495911,0.7577729225158691,-0.1413685977458953,0.5710901021957397
1631021910884,0.6061995625495911,0.7577729225158691,-0.1413685977458953,0.5710901021957397
1631021910946,0.6061995625495911,0.7577729225158691,-0.250602662563324,0.5710901021957397
1631021911071,0.749763011932373,-0.3367826640605926,-0.2590369284152984,0.7677597999572754
1631021911234,0.726318359375,-0.3443322777748108,-0.2642493546009063,0.7249971628189087
1631021911292,0.6934665441513062,-0.3324742615222931,-0.2715192437171936,0.679678738117218
1631021911370,0.6548030972480774,-0.3122935593128204,-0.2848303616046905,0.636476993560791
1631021911480,0.6155951023101807,-0.2899057865142822,-0.3045462965965271,0.6048780083656311
1631021911542,0.5828069448471069,-0.2618736624717712,-0.3247917890548706,0.595083475112915
1631021911698,0.5691087245941162,-0.2212317585945129,-0.3379879593849182,0.6139053106307983
1631021911792,0.580893874168396,-0.1758143007755279,-0.3408193588256836,0.649563193321228
1631021911886,0.6105636954307556,-0.1417261660099029,-0.3318532109260559,0.6834340691566467
1631021911964,0.6425965428352356,-0.1298068463802337,-0.302189439535141,0.6834340691566467
1631021912073,0.678037166595459,-0.1364614069461822,-0.2354637235403061,0.6834340691566467
1631021912181,0.719305694103241,-0.1511685252189636,-0.1431947648525238,0.7065885066986084
1631021912311,0.7541020512580872,-0.1667660474777221,-0.0325258374214172,0.7050347328186035
1631021912396,0.7814781665802002,-0.159690260887146,0.0516214556992054,0.7203342914581299
1631021912516,0.7958542108535767,-0.1221549287438392,0.0974043682217598,0.7304308414459229
1631021912579,0.8029924035072327,-0.0574925914406776,0.1172245368361473,0.7329562902450562
1631021912696,0.8091211915016174,0.0098744183778762,0.1299142092466354,0.7362663149833679
1631021912779,0.817132830619812,0.0578750856220722,0.1459165662527084,0.7419989705085754
1631021912909,0.8282265067100525,0.0816392749547958,0.1659102141857147,0.7668911218643188
1631021913027,0.8435272574424744,0.0894292518496513,0.1859724372625351,0.7927618622779846
1631021913112,0.8586699366569519,0.0886097252368927,0.2015130370855331,0.8131815195083618
1631021913205,0.8635106086730957,0.0767969340085983,0.2100226730108261,0.8192546963691711
1631021913315,0.852385938167572,0.052712757140398,0.2117994278669357,0.8077096939086914
1631021913410,0.8261128664016724,0.0237629935145378,0.2083040177822113,0.7327957153320312
1631021913537,0.8194056749343872,0.0051134163513779,0.1979293823242187,0.6903802752494812
1631021913617,0.8038345575332642,0.0083725182339549,0.1758176684379577,0.6903802752494812
1631021913680,0.7712356448173523,0.0278272368013858,0.1674545854330063,0.6515199542045593
1631021913822,0.7207874655723572,0.0494663156569004,0.1189823895692825,0.5808525085449219
1631021913988,0.6671874523162842,0.0657538175582885,0.0622997842729091,0.4878784716129303
1631021914019,0.6262840032577515,0.0619045682251453,0.0231254659593105,0.3991395831108093
1631021914113,0.5976758003234863,0.0226350370794534,0.0106164338067173,0.3163229525089264
1631021914207,0.5728825926780701,-0.0561018921434879,0.0076757953502237,0.3163229525089264
1631021914300,0.5519338250160217,-0.1558066010475158,-0.0030007960740476,0.3163229525089264
1631021914425,0.5274545550346375,-0.242549642920494,-0.0255340784788131,0.3163229525089264
1631021914519,0.4707049429416656,-0.3034276664257049,-0.0532394610345363,0.3163229525089264
1631021914614,0.4707049429416656,-0.3570542931556701,-0.0719668939709663,0.3163229525089264
1631021914748,0.4707049429416656,-0.3960223495960235,-0.066091738641262,0.3163229525089264
1631021914856,0.4707049429416656,-0.3960223495960235,-0.0256006829440593,0.3163229525089264
1631021914950,0.4707049429416656,-0.3960223495960235,-0.0256006829440593,0.3163229525089264
1631021915012,0.4707049429416656,-0.3960223495960235,-0.0256006829440593,0.3163229525089264
1631021915121,0.4707049429416656,-0.3960223495960235,-0.0256006829440593,0.3163229525089264
1631021915215,0.4707049429416656,-0.3960223495960235,-0.0256006829440593,0.3163229525089264
1631021915321,0.4707049429416656,-0.3960223495960235,-0.0256006829440593,0.3163229525089264
1631021915462,0.4707049429416656,-0.3960223495960235,-0.0256006829440593,0.3163229525089264
1631021915540,0.4707049429416656,-0.3960223495960235,-0.0256006829440593,0.3163229525089264
1631021915665,0.4707049429416656,-0.3960223495960235,-0.0256006829440593,0.3163229525089264
1631021915759,0.4707049429416656,-0.3960223495960235,-0.0256006829440593,0.3163229525089264
1631021915824,0.4707049429416656,-0.3960223495960235,-0.0256006829440593,0.3163229525089264
1631021915966,0.4707049429416656,-0.3960223495960235,-0.0256006829440593,0.3163229525089264
1631021916059,0.4707049429416656,-0.3960223495960235,-0.0256006829440593,0.3163229525089264
1631021916153,0.4707049429416656,-0.3960223495960235,-0.0256006829440593,0.3163229525089264
1631021916231,0.4707049429416656,-0.3960223495960235,-0.0256006829440593,0.3163229525089264
1631021916328,0.4707049429416656,-0.3960223495960235,-0.0256006829440593,0.3163229525089264
1631021916422,0.4707049429416656,-0.3960223495960235,-0.0256006829440593,0.3163229525089264
1631021916573,0.4707049429416656,-0.3960223495960235,-0.0256006829440593,0.3163229525089264
1631021916667,0.4707049429416656,-0.3960223495960235,-0.0256006829440593,0.3163229525089264
1631021916745,0.4707049429416656,-0.3960223495960235,-0.0256006829440593,0.3163229525089264
1631021916870,0.4707049429416656,-0.3960223495960235,-0.0256006829440593,0.3163229525089264
1631021916933,0.4707049429416656,-0.3960223495960235,-0.0256006829440593,0.3163229525089264
1631021917042,0.4707049429416656,-0.3960223495960235,-0.0256006829440593,0.3163229525089264
1631021917198,0.4707049429416656,-0.3960223495960235,-0.0256006829440593,0.3163229525089264
1631021917275,0.4707049429416656,-0.3960223495960235,-0.0256006829440593,0.3163229525089264
1631021917358,0.4707049429416656,-0.3960223495960235,-0.0256006829440593,0.3163229525089264
1631021917483,0.4707049429416656,-0.0612789988517761,-0.0256006829440593,0.3163229525089264
1631021917572,0.4707049429416656,-0.109179638326168,-0.0409512408077716,0.3163229525089264
1631021917666,0.4707049429416656,-0.1310700476169586,-0.0669225454330444,0.3163229525089264
1631021917775,0.8585875630378723,-0.1408755034208297,-0.0740190148353576,0.3163229525089264
1631021917900,0.8477656841278076,-0.1491153687238693,-0.0761100053787231,0.3163229525089264
1631021917978,0.8246054649353027,-0.1481632888317108,-0.0788861885666847,0.3163229525089264
1631021918072,0.8111427426338196,-0.1251450777053833,-0.0806757882237434,0.3163229525089264
1631021918197,0.8111427426338196,-0.0881664231419563,-0.0817969739437103,0.3163229525089264
1631021918275,0.8111427426338196,-0.0564683005213737,-0.0877599418163299,0.4133846163749695
1631021918385,0.8111427426338196,-0.0408390909433364,-0.0977067053318023,0.3794011175632477
1631021918472,0.8111427426338196,-0.0117415357381105,-0.0977067053318023,0.3794011175632477
1631021918613,0.8111427426338196,-0.0117415357381105,-0.0977067053318023,0.3794011175632477
1631021918691,0.8111427426338196,-0.026192519813776,-0.0977067053318023,0.3794011175632477
1631021918753,0.8111427426338196,-0.0266026593744754,-0.146845206618309,0.3794011175632477
1631021918894,0.8111427426338196,-0.0152356978505849,-0.159747913479805,0.3794011175632477
1631021919019,0.8297478556632996,0.0065926285460591,-0.1459733694791793,0.3794011175632477
1631021919112,0.8246927261352539,0.0342270098626613,-0.1291322261095047,0.3794011175632477
1631021919206,0.789963960647583,0.0602091029286384,-0.1211130172014236,0.3794011175632477
1631021919287,0.789963960647583,0.0876663029193878,-0.1227613091468811,0.3794011175632477
1631021919396,0.789963960647583,0.1222952976822853,-0.1298684924840927,0.3794011175632477
1631021919490,0.789963960647583,0.1600513160228729,-0.1379867792129516,0.2812733054161072
1631021919599,0.789963960647583,0.1854097694158554,-0.1379867792129516,0.2812733054161072
1631021919709,0.789963960647583,0.2341814041137695,-0.1379867792129516,0.2812733054161072
1631021919802,0.789963960647583,0.2310719043016433,-0.1379867792129516,0.2812733054161072
1631021919928,0.789963960647583,0.2153824269771576,-0.1379867792129516,0.2812733054161072
1631021920021,0.789963960647583,0.1651451289653778,0.0658736228942871,0.7654798030853271
1631021920083,0.581474781036377,0.1744256168603897,0.04201140999794,0.722019374370575
1631021920240,0.674628496170044,0.2072205394506454,0.0583371743559837,0.7059327960014343
1631021920338,0.7188783884048462,0.2347365915775299,0.0916699543595314,0.7075844407081604
1631021920400,0.718134880065918,0.2440189868211746,0.112762950360775,0.7111623287200928
1631021920526,0.6939349174499512,0.2382324784994125,0.1114499419927597,0.7081833481788635
1631021920635,0.6679054498672485,0.2286841869354248,0.0931848213076591,0.7010104060173035
1631021920688,0.6494431495666504,0.2280512899160385,0.0674800351262092,0.6925122141838074
1631021920845,0.6437480449676514,0.2421620190143585,0.0404043160378932,0.6863466501235962
1631021920939,0.6606629490852356,0.2659792304039001,0.015441351570189,0.685734212398529
1631021921016,0.6985921263694763,0.2884592115879059,0.0003373063809704,0.685734212398529
1631021921110,0.6985921263694763,0.3153373599052429,0.0322868004441261,0.685734212398529
1631021921251,0.6985921263694763,0.3131692409515381,0.1943562179803848,0.6597083210945129
1631021921313,0.7174039483070374,0.3219755291938782,0.1980341970920562,0.6405767202377319
1631021921438,0.7372950315475464,0.3396161794662475,0.6713905334472656,0.6346184611320496
1631021921532,0.749306321144104,0.3592163324356079,0.6985253691673279,0.644974946975708
1631021921626,0.7419754266738892,0.3716862797737121,0.7275466918945312,0.6614132523536682
1631021921735,0.7129245400428772,0.3748703598976135,0.7560552358627319,0.6676405668258667
1631021921829,0.6804162859916687,0.3753597140312195,0.7849279642105103,0.6587702035903931
1631021921985,0.6746219992637634,0.3846636116504669,0.8182029128074646,0.6416732668876648
1631021922032,0.7059412598609924,0.410161018371582,0.8600055575370789,0.6305310726165771
1631021922141,0.7606079578399658,0.4494387507438659,0.912263035774231,0.6305310726165771
1631021922250,0.7606079578399658,0.491632342338562,0.975734531879425,0.6305310726165771
1631021922346,0.7606079578399658,0.491632342338562,1.0524526834487915,0.6305310726165771
1631021922440,0.7606079578399658,0.491632342338562,1.147042989730835,0.6305310726165771
1631021922550,0.7606079578399658,0.491632342338562,1.147042989730835,0.6305310726165771
1631021922659,0.7606079578399658,0.491632342338562,1.147042989730835,0.6305310726165771
1631021922753,0.7606079578399658,0.491632342338562,1.147042989730835,0.6305310726165771
1631021922893,0.7606079578399658,0.491632342338562,1.062362551689148,0.6305310726165771
1631021922956,0.7606079578399658,0.5326218008995056,-0.215020477771759,0.6305310726165771
1631021923049,0.7606079578399658,0.5151412487030029,-0.1726536154747009,0.6305310726165771
1631021923174,0.7606079578399658,0.4816276431083679,-0.1696465909481048,0.6305310726165771
1631021923271,0.7606079578399658,0.4462359249591827,-0.1898435950279235,0.6305310726165771
1631021923397,0.7606079578399658,0.418279081583023,-0.2166280448436737,0.6305310726165771
1631021923475,0.7606079578399658,0.4019138216972351,-0.2402714192867279,0.6305310726165771
1631021923553,0.7606079578399658,0.4108975231647491,-0.2493451833724975,0.6305310726165771
1631021923632,0.7606079578399658,0.4489490687847137,-0.2373671233654022,0.6305310726165771
1631021923803,0.7606079578399658,0.500339150428772,-0.2114224433898925,0.6305310726165771
1631021923897,0.7606079578399658,0.5454990863800049,-0.1855702847242355,0.6305310726165771
1631021923975,0.7606079578399658,0.5454990863800049,-0.165535494685173,0.6305310726165771
1631021924085,0.7606079578399658,0.5454990863800049,-0.146515354514122,0.6305310726165771
1631021924163,0.7606079578399658,0.5530638694763184,-0.1004316657781601,0.6305310726165771
1631021924267,0.7606079578399658,0.5547221302986145,-0.0419027656316757,0.6305310726165771
1631021924340,0.7606079578399658,0.5518025755882263,0.0182082708925008,0.6305310726165771
1631021924480,0.7606079578399658,0.5511020421981812,0.0692752599716186,0.6305310726165771
1631021924590,0.7606079578399658,0.5229514837265015,0.1128221601247787,0.6305310726165771
1631021924668,0.7606079578399658,0.504557728767395,0.1698367595672607,0.6305310726165771
1631021924793,0.7606079578399658,0.4960261881351471,0.2757748663425445,0.6305310726165771
1631021924855,0.7606079578399658,0.4999848306179046,0.4410611689090729,0.6305310726165771
1631021924965,0.9968279004096984,0.5167962908744812,0.6157477498054504,0.6305310726165771
1631021925136,0.9968279004096984,0.5270763635635376,0.6424996852874756,0.6305310726165771
1631021925215,0.9968279004096984,0.5073922872543335,0.7532203197479248,1.1709271669387815
1631021925297,0.9968279004096984,0.4477048814296722,0.8010008335113525,1.1410577297210691
1631021925406,0.9968279004096984,0.3582579791545868,0.8140339851379395,1.0906680822372437
1631021925469,0.9851227402687072,0.3716425597667694,0.8162092566490173,1.03691828250885
1631021925562,0.9361439347267152,0.3828819096088409,0.8192862272262573,0.9888561964035034
1631021925750,0.9268425107002258,0.3917007744312286,0.8256666660308838,0.9480252861976624
1631021925807,0.9473685026168824,0.3995848894119262,0.8324404954910278,0.912748157978058
1631021925885,0.97124981880188,0.4063246846199035,0.8360646367073059,0.8807730674743652
1631021925994,0.9770731329917908,0.4084769785404205,0.8347169160842896,0.8512532711029053
1631021926103,0.9770731329917908,0.4228952825069427,0.828627347946167,0.825518012046814
1631021926166,0.9770731329917908,0.4308851659297943,0.8160073161125183,0.8044494390487671
1631021926325,1.0047670602798462,0.4316838085651397,0.7862644791603088,0.8044494390487671
1631021926403,0.9998701810836792,0.421396940946579,0.715654194355011,0.7859147191047668
1631021926481,0.9248512983322144,0.3945206999778747,0.5760102272033691,0.7260012030601501
1631021926590,0.9248512983322144,0.3520906567573547,0.5547447800636292,0.6176917552947998
1631021926731,0.9248512983322144,0.302572101354599,0.3858045935630798,0.4764388799667358
1631021926794,0.9248512983322144,0.2548524737358093,0.2638252675533294,0.3480053246021271
1631021926934,0.9248512983322144,0.2083589136600494,0.2215982973575592,0.2819965481758117
1631021927028,0.970524251461029,0.1568209528923034,0.2149818539619445,0.3410308063030243
1631021927106,1.0233430862426758,0.0996358916163444,0.2019955217838287,0.4046205878257751
1631021927215,0.9783369898796082,0.0390385575592517,0.1658132523298263,0.443897008895874
1631021927295,0.8772366642951965,-0.0267055537551641,0.1073066964745521,0.4565443992614746
1631021927483,0.6981773972511292,-0.1004320085048675,0.0428704880177974,0.4609303772449493
1631021927545,0.4507604241371155,-0.1774178594350814,-0.0040383823215961,0.4731267690658569
1631021927655,0.4355701208114624,-0.2419769763946533,-0.0242428798228502,0.5028796792030334
1631021927748,0.4930504858493805,-0.2894178330898285,-0.0283978730440139,0.5509402751922607
1631021927811,0.5898918509483337,-0.3262917995452881,-0.0302151665091514,0.5888978838920593
1631021927905,0.6728009581565857,-0.3483622670173645,-0.0219404734671115,0.6164241433143616
1631021928030,0.733056902885437,-0.3287999927997589,-0.0177796203643083,0.6388245224952698
1631021928155,0.8055415153503418,-0.2415402233600616,-0.0215195771306753,0.6873354315757751
1631021928283,0.9246803522109984,-0.0882957130670547,-0.0328278355300426,0.7884257435798645
1631021928361,0.9246803522109984,0.0761709064245224,-0.0490466468036174,0.907884120941162
1631021928439,0.9246803522109984,0.2042235136032104,-0.0667753592133522,0.99836665391922
1631021928517,0.9246803522109984,0.2805469334125519,-0.0843627080321312,1.0598742961883545
1631021928611,0.9246803522109984,0.3120800256729126,-0.1008452475070953,1.0782606601715088
1631021928783,0.9499037861824036,0.3169332146644592,-0.1151202097535133,1.1004937887191772
1631021928861,0.9787183403968812,0.3132767379283905,-0.1275459378957748,1.1083707809448242
1631021928939,1.0160841941833496,0.3101032972335815,-0.1452939510345459,1.1204571723937988
1631021929033,1.0149257183074951,0.3113964796066284,-0.1712504029273986,1.130644917488098
1631021929142,1.0106136798858645,0.3192936182022095,-0.2429486960172653,1.1337437629699707
1631021929220,0.9918509125709534,0.3336788713932037,-0.2805587649345398,1.128865122795105
1631021929361,0.9544808864593506,0.349881500005722,-0.296047180891037,1.1193413734436035
1631021929470,0.907320499420166,0.3609955310821533,-0.407219797372818,1.110224962234497
1631021929548,0.8566302061080933,0.3634551465511322,-0.3841180503368377,1.1015090942382812
1631021929642,0.7615882754325867,0.3520433306694031,-0.3564881980419159,1.0808643102645874
1631021929751,0.4171432852745056,0.3139712810516357,-0.3426920473575592,1.0232422351837158
1631021929860,0.4200946092605591,0.2382230758666992,-0.3450697362422943,0.90703946352005
1631021929970,0.4200946092605591,0.1301613599061966,-0.3341381847858429,0.7292118072509766
1631021930095,0.4200946092605591,0.0282620657235384,-0.3341381847858429,0.5293741226196289
1631021930173,0.4200946092605591,0.0028358965646475,-0.3341381847858429,0.5293741226196289
1631021930285,0.4200946092605591,0.0896906480193138,-0.3341381847858429,0.5293741226196289
1631021930364,0.4200946092605591,0.2290968298912048,-0.3341381847858429,0.5049253106117249
1631021930457,0.4200946092605591,0.3526816964149475,-0.3341381847858429,0.744041383266449
1631021930598,0.440760463476181,0.4322623610496521,-0.3341381847858429,0.8886794447898865
1631021930660,0.4677635431289673,0.4675973057746887,-0.3221094310283661,0.9624982476234436
1631021930785,0.5000897645950317,0.4737334251403808,-0.3124715387821197,0.991020917892456
1631021930879,0.5288402438163757,0.4688737094402313,-0.2982279658317566,0.9971559047698976
1631021930957,0.5401899218559265,0.4636556804180145,-0.2834089696407318,0.994191825389862
1631021931067,0.5401899218559265,0.4597000181674957,-0.2788039147853851,0.991387903690338
1631021931176,0.5401899218559265,0.4547575116157532,-0.298255443572998,0.994311273097992
1631021931319,0.5401899218559265,0.4484324157238006,-0.2843889594078064,1.004161357879639
1631021931412,0.5401899218559265,0.4432521164417267,-0.2320536375045776,1.0172430276870728
1631021931506,0.5401899218559265,0.4428141117095947,-0.1185791715979576,1.0300873517990112
1631021931584,0.5401899218559265,0.4617356657981872,-0.1185791715979576,1.0446879863739014
1631021931662,0.5401899218559265,0.5433844923973083,-0.1185791715979576,1.0464284420013428
1631021931803,0.5401899218559265,0.5367117524147034,-0.1185791715979576,1.0464284420013428
1631021931897,0.5401899218559265,0.4957814216613769,-0.1185791715979576,1.0464284420013428
1631021932022,0.5401899218559265,0.4220446944236755,-0.1185791715979576,0.9612330794334412
1631021932068,0.5401899218559265,0.339192122220993,-0.1185791715979576,0.8457171320915222
1631021932178,0.5401899218559265,0.2871243059635162,-0.1185791715979576,0.7417083382606506
1631021932287,0.5401899218559265,0.2830542623996734,-0.1185791715979576,0.6935260891914368
1631021932428,0.5401899218559265,0.3085376322269439,-0.1185791715979576,0.6998631358146667
1631021932506,0.5401899218559265,0.3473779559135437,-0.1185791715979576,0.7350040674209595
1631021932615,0.686796247959137,0.4026516377925873,-0.1185791715979576,0.7730215787887573
1631021932709,0.7180258631706238,0.4597054421901703,-0.1347974091768264,0.7507906556129456
1631021932787,0.7749152183532715,0.5038213729858398,-0.1368090361356735,0.716591477394104
1631021932881,0.8157647848129272,0.5309213399887085,-0.1146000623703002,0.6851372122764587
1631021933037,0.8041226863861084,0.5420883297920227,-0.1264621466398239,0.6683089137077332
1631021933100,0.8202849626541138,0.5112351179122925,-0.0197056140750646,0.6531281471252441
1631021933224,0.8660916686058044,0.2601415812969208,0.1053459793329238,0.5702250003814697
1631021933303,0.9209741353988647,0.2218273133039474,0.2222061902284622,0.6452099084854126
1631021933396,0.9601016640663148,0.1916431635618209,0.3060899376869201,0.6982256770133972
1631021933490,0.9750210046768188,0.1671903878450393,0.3496273159980774,0.7321528792381287
1631021933631,0.9746254086494446,0.1473837941884994,0.3659660518169403,0.7571238279342651
1631021933724,0.9746254086494446,0.1464889794588089,0.3974160254001617,0.7840753793716431
1631021933818,0.9746254086494446,0.202322244644165,0.3974160254001617,0.8253820538520813
1631021933912,0.9746254086494446,0.3277513086795807,0.3974160254001617,0.8253820538520813
1631021934006,0.9803667068481444,0.4656255543231964,0.3974160254001617,0.8253820538520813
1631021934119,0.9863242506980896,0.5733193755149841,0.3974160254001617,0.8253820538520813
1631021934258,1.0010887384414673,0.6319686770439148,0.4328882992267608,0.8526453375816345
1631021934336,1.0270222425460815,0.6508398652076721,0.4690641462802887,0.881944477558136
1631021934425,1.0605658292770386,0.649249255657196,0.5059971213340759,0.936741590499878
1631021934531,1.0967426300048828,0.6456059217453003,0.5436663031578064,0.982299268245697
1631021934646,1.1265257596969604,0.6484973430633545,0.5776572227478027,1.0213139057159424
1631021934726,1.1336674690246582,0.65826815366745,0.5981277823448181,1.037244200706482
1631021934859,1.1336674690246582,0.6718505620956421,0.570099413394928,1.048430323600769
1631021934950,1.1336674690246582,0.6873973608016968,0.5146722197532654,1.0603255033493042
1631021935064,1.1336674690246582,0.7048551440238953,0.4483857154846191,1.0779094696044922
1631021935171,1.1336674690246582,0.7220252156257629,0.37946817278862,1.1017357110977173
1631021935219,1.1336674690246582,0.7313525676727295,0.2319976538419723,1.1259368658065796
1631021935323,1.1336674690246582,0.7206167578697205,0.2054442763328552,1.0801901817321775
1631021935495,1.1336674690246582,0.6759974956512451,0.2170419245958328,1.0801901817321775
1631021935573,1.1336674690246582,0.5939069986343384,0.2522813379764557,1.0801901817321775
1631021935666,1.1336674690246582,0.4901694655418396,0.2828447520732879,1.0801901817321775
1631021935761,1.1336674690246582,0.4060757160186767,0.2923664450645447,1.0801901817321775
1631021935852,1.1336674690246582,0.3752498626708984,0.2808993756771087,1.023124098777771
1631021935951,1.1336674690246582,0.3835075497627258,0.2575432360172272,0.9351720809936525
1631021936107,0.6094501614570618,0.3956774473190307,0.2304540276527404,0.8066047430038452
1631021936170,0.562461793422699,0.394214779138565,0.2034413665533065,0.5901391506195068
1631021936257,0.5454887747764587,0.3768393993377685,0.1778961420059204,0.5379112958908081
1631021936324,0.5432134866714478,0.3478029668331146,0.1287854611873626,0.4996668994426727
1631021936439,0.5420122742652893,0.3206629157066345,0.1128894314169883,0.4945747852325439
1631021936561,0.5624815225601196,0.3291813433170318,0.1718475967645645,0.5632683634757996
1631021936669,0.6168713569641113,0.4090460538864136,0.1811698824167251,0.6848600506782532
1631021936800,0.6797765493392944,0.537827730178833,0.1968528628349304,0.7946006655693054
1631021936862,0.7215673327445984,0.6577361226081848,0.2076319903135299,0.8543444275856018
1631021936956,0.7335787415504456,0.736356258392334,0.2003271132707595,0.8767035007476807
1631021937066,0.7258315682411194,0.7712517976760864,0.1668458729982376,0.8703482747077942
1631021937159,0.7258315682411194,0.776390552520752,0.1148097887635231,0.8559016585350037
1631021937285,0.7252480387687683,0.768579363822937,0.1040997132658958,0.8422117829322815
1631021937370,0.7265185713768005,0.7589681148529053,0.1176444143056869,0.8404587507247925
1631021937464,0.7390921115875244,0.7533513903617859,0.1897812783718109,0.8495427370071411
1631021937589,0.7648608684539795,0.75343257188797,0.2987516224384308,0.8712184429168701
1631021937667,0.7955646514892578,0.7589295506477356,0.4053317010402679,0.9015397429466248
1631021937745,0.8244306445121765,0.7680820226669312,0.4862036406993866,0.9309296607971193
1631021937905,0.8539973497390747,0.7781102657318115,0.537756085395813,0.9531055688858032
1631021937983,0.8902207016944885,0.7828171849250793,0.5575511455535889,0.9657642841339112
1631021938092,0.9201442003250122,0.7698865532875061,0.5316262245178223,0.9616058468818665
1631021938186,0.8934778571128845,0.7221372127532959,0.5177414417266846,0.9345574378967284
1631021938299,0.8083335757255554,0.6264368891716003,0.5060527324676514,0.89345782995224
1631021938378,0.7079766392707825,0.4843550026416778,0.498183012008667,0.8623781204223633
1631021938550,0.6605132222175598,0.3265228867530823,0.4912101328372955,0.8566786050796509
1631021938612,0.6807240843772888,0.2135480344295501,0.4810800552368164,0.8657630085945129
1631021938706,0.6866265535354614,0.177758514881134,0.46759033203125,0.8720552921295166
1631021938800,0.6820963621139526,0.1906652748584747,0.4631690382957458,0.8720670342445374
1631021938883,0.669917643070221,0.2224479168653488,0.4683116376399994,0.8853792548179626
1631021938985,0.674389660358429,0.2687207758426666,0.503824770450592,0.8948602080345154
1631021939110,0.7410857677459717,0.3488159477710724,0.4922937154769897,0.896337628364563
1631021939235,0.7410857677459717,0.4726078808307647,0.4686661064624786,0.8881367444992065
1631021939281,0.7410857677459717,0.6042721271514893,0.4437194764614105,0.8773934841156006
1631021939426,0.7410857677459717,0.7042884826660156,0.428214967250824,0.9972962737083436
1631021939519,0.7410857677459717,0.7588402628898621,0.4228842556476593,1.065163016319275
1631021939582,0.7410857677459717,0.7777004241943359,0.4242230653762817,1.0854485034942627
1631021939723,0.7363592982292175,0.7802950739860535,0.430815577507019,1.1071375608444214
1631021939816,0.7479612827301025,0.7811291813850403,0.4391264915466308,1.12750506401062
1631021939926,0.7806893587112427,0.7830571532249451,0.4452202022075653,1.1454144716262815
1631021940019,0.8215298652648926,0.7848647832870483,0.4541789293289184,1.1084198951721191
1631021940144,0.8704698085784912,0.7872602343559265,0.4094935059547424,1.092710018157959
1631021940191,0.9244844317436218,0.7924133539199829,0.3846423029899597,1.102568507194519
1631021940324,0.9724869132041932,0.7994978427886963,0.3628675937652588,1.1194677352905271
1631021940418,1.0023897886276243,0.8037889003753662,0.3110536336898803,1.0779494047164917
1631021940558,1.0027313232421875,0.7982340455055237,-0.0399732589721679,1.0355488061904907
1631021940621,0.9467002749443054,0.7711046934127808,-0.0306778047233819,0.9982790350914
1631021940715,0.913326621055603,0.7049195766448975,-0.0090713985264301,0.9674860239028932
1631021940792,0.8977651000022888,0.5875914692878723,0.010961933992803,0.9407286643981934
1631021940933,0.90130877494812,0.4264166951179504,0.0143711576238274,0.784420371055603
1631021941027,0.9123780727386476,0.2683612406253814,-0.0011926729930564,0.6262325644493103
1631021941136,0.9166615605354308,0.178305983543396,-0.0264629814773798,0.6220130920410156
1631021941230,0.9114813208580016,0.1581232845783233,-0.0449367351830005,0.6292902827262878
1631021941324,0.906025528907776,0.1659124344587326,-0.0146828647702932,0.6532905101776123
1631021941433,0.9083394408226012,0.1970867216587066,-0.0146828647702932,0.7049980163574219
1631021941542,0.903326153755188,0.2740317285060882,-0.0146828647702932,0.803679347038269
1631021941652,0.8872659206390381,0.3827948272228241,-0.0050839837640523,0.9157727956771852
1631021941714,0.8590531945228577,0.4803118407726288,-0.0025468876119703,1.0122090578079224
1631021941855,0.8270473480224609,0.5395464301109314,-0.0036257405299693,1.0776561498641968
1631021941917,0.8095775246620178,0.5603535175323486,-0.0032141564879566,1.1132184267044067
1631021942011,0.8201768398284912,0.5592714548110962,0.0004069868591614,1.1302735805511477
1631021942167,0.8543362021446228,0.5569667816162109,-0.0014266993384808,1.1389458179473877
1631021942261,0.8948385715484619,0.5667944550514221,-0.0213225502520799,1.143891453742981
1631021942339,0.9220895767211914,0.5929973721504211,-0.0591510236263275,1.1463543176651
1631021942448,0.839744508266449,0.6295488476753235,-0.0881720408797264,1.147426724433899
1631021942526,0.7108398079872131,0.6649669408798218,-0.1160974949598312,1.1480969190597534
1631021942667,0.5778169631958008,0.6913811564445496,-0.0878316089510917,1.1478912830352783
1631021942745,0.4986073970794678,0.7072168588638306,-0.0508018918335437,1.1446298360824585
1631021942839,0.4481757581233978,0.7134612798690796,-0.1739377230405807,1.1353093385696411
1631021942958,0.5172836184501648,0.7075570821762085,-0.1551253348588943,1.1134593486785889
1631021943067,0.5668078660964966,0.6789765357971191,-0.1598098278045654,1.0661576986312866
1631021943145,0.5990497469902039,0.6197385191917419,-0.17218579351902,0.9800617694854736
1631021943270,0.6104323863983154,0.535251796245575,-0.1797442436218261,0.8540896773338318
1631021943382,0.601639449596405,0.4523697793483734,-0.1834326535463333,0.7106384038925171
1631021943460,0.5812427997589111,0.4077762365341186,-0.1922577023506164,0.5937708616256714
1631021943585,0.5621919631958008,0.412525326013565,-0.2062189728021621,0.5242574214935303
1631021943679,0.5621919631958008,0.4431156516075134,-0.2062189728021621,0.4891365170478821
1631021943788,0.5621919631958008,0.4801499247550964,-0.2062189728021621,0.4910657405853271
1631021943850,0.5621919631958008,0.523310124874115,-0.2062189728021621,0.5583550333976746
1631021943975,0.5858981609344482,0.5768299698829651,-0.2062189728021621,0.6759796738624573
1631021944085,0.6110407114028931,0.6325008273124695,-0.1954916268587112,0.7903075814247131
1631021944163,0.6299559473991394,0.6742345094680786,-0.1913880407810211,0.8693546652793884
1631021944272,0.6367117762565613,0.6938425898551941,-0.2014502584934234,0.9088740944862366
1631021944338,0.6284908056259155,0.6968454718589783,-0.2258032709360122,0.918641209602356
1631021944479,0.6028886437416077,0.6957429647445679,-0.2539301216602325,0.9380491375923156
1631021944604,0.5556461215019226,0.6976680755615234,-0.2693713307380676,0.930496871471405
1631021944698,0.4775141179561615,0.7006297707557678,-0.2730628252029419,0.9247787594795228
1631021944776,0.4775141179561615,0.7013486623764038,-0.2730628252029419,0.921908676624298
1631021944901,0.4775141179561615,0.6978486776351929,-0.2730628252029419,0.9212422966957092
1631021944995,0.4775141179561615,0.6885159015655518,-0.2730628252029419,0.922846257686615
1631021945057,0.4775141179561615,0.6716897487640381,-0.2730628252029419,0.926358163356781
1631021945229,-0.1090964153409004,0.6473206877708435,-0.2820062339305877,0.9287785291671752
1631021945302,0.0989448353648185,0.6128553748130798,-0.2820062339305877,0.9238402843475342
1631021945389,0.3215130567550659,0.5573849678039551,-0.2820062339305877,0.8997576832771301
1631021945482,0.5071735382080078,0.4652124047279358,-0.2820062339305877,0.8448148965835571
1631021945560,0.6375129818916321,0.3302862048149109,-0.2820062339305877,0.7579894661903381
1631021945670,0.7143917083740234,0.1730087697505951,-0.2820062339305877,0.6561459302902222
1631021945779,0.7470297813415527,0.044666014611721,0.3661066889762878,0.5790706276893616
1631021945904,0.748155951499939,-0.0231975242495536,0.3661066889762878,0.5578082203865051
1631021946013,0.732472836971283,-0.0573418140411376,0.3424132168292999,0.5578082203865051
1631021946076,0.7093554735183716,-0.0862537398934364,0.30616495013237,0.5893498659133911
1631021946170,0.6849648356437683,-0.1078603267669677,0.2751769423484802,0.6075332164764404
1631021946304,0.6599138975143433,-0.1188096925616264,0.2455156743526458,0.6208488941192627
1631021946422,0.659592866897583,-0.1216509267687797,0.2560028433799743,0.624681293964386
1631021946485,0.6590048670768738,-0.1201869323849678,0.2598206400871277,0.615203320980072
1631021946594,0.6568347215652466,-0.1179738789796829,0.256002813577652,0.5961610674858093
1631021946688,0.6495208144187927,-0.1211828589439392,0.2247319370508194,0.57281094789505
1631021946813,0.631251335144043,-0.1373159438371658,0.1866433471441269,0.5427639484405518
1631021946906,0.5900006890296936,-0.171623021364212,0.1524450629949569,0.4924625158309936
1631021947000,0.5176298022270203,-0.2173174768686294,0.1222006976604461,0.4110771715641022
1631021947141,0.4187237620353699,-0.2530247867107391,0.0977773144841194,0.3101027607917785
1631021947250,0.3178398609161377,-0.2552087604999542,0.0804807692766189,0.2358069568872451
1631021947312,0.2521348297595978,-0.2131561040878296,-0.2416913211345672,0.2583605349063873
1631021947422,0.2420462667942047,-0.1463360041379928,-0.2374782562255859,0.3043023347854614
1631021947500,0.2658467888832092,-0.0862776115536689,-0.2977365851402282,0.3627175092697143
1631021947656,0.2973875403404236,-0.0514798648655414,-0.3380888104438782,0.413844496011734
1631021947719,0.3220829367637634,-0.0397935472428798,-0.3588336110115051,0.44710773229599
1631021947856,0.3489541411399841,-0.0328551679849624,-0.270422101020813,0.4670745134353637
1631021947918,0.3926973938941955,-0.007657422684133,-0.0408520214259624,0.490226536989212
1631021948043,0.4189773499965668,0.0372176356613636,-0.0212228558957576,0.5255093574523926
1631021948121,0.4473176300525665,0.0841285958886146,0.0029562697745859,0.564415693283081
1631021948230,0.4774083793163299,0.1168990284204483,0.0291046816855669,0.5962262153625488
1631021948340,0.5102158784866333,0.1315584629774093,0.160000205039978,0.6181047558784485
1631021948418,0.5456475615501404,0.1323950290679931,0.194265142083168,0.6349342465400696
1631021948527,0.5792748928070068,0.1241175830364227,0.2034957110881805,0.6512104272842407
1631021948637,0.6021116375923157,0.1066774129867553,0.2094123214483261,0.6657453179359436
1631021948715,0.6010621786117554,0.0796146094799041,0.2134346216917038,0.6743041276931763
1631021948871,0.5884972214698792,0.0409098640084266,0.2163096219301223,0.6738401055335999
1631021948949,0.5574594736099243,-0.0069979429244995,0.2194367796182632,0.6610851883888245
1631021949090,0.510556697845459,-0.0533103793859481,0.2247077077627182,0.6359114646911621
1631021949152,0.4679478108882904,-0.0826099067926406,0.2311320453882217,0.6049079895019531
1631021949230,0.4558783769607544,-0.0910952761769294,0.229343295097351,0.5775813460350037
1631021949342,0.4645655453205108,-0.0959413051605224,0.188398852944374,0.5541869401931763
1631021949467,0.454071044921875,-0.1206285879015922,0.0249898992478847,0.5264257788658142
1631021949561,0.4531916975975036,-0.1685227751731872,-0.0009845468448475,0.4884535074234009
1631021949639,0.4371801316738128,-0.2192924916744232,-0.025136237964034,0.4459692239761352
1631021949748,0.4180959165096283,-0.2408274859189987,-0.0460792742669582,0.4095948040485382
1631021949873,0.4023768007755279,-0.2241918593645095,-0.2202764451503753,0.382308155298233
1631021949951,0.3875998854637146,-0.1925840377807617,-0.2813189327716827,0.35723677277565
1631021950076,0.3746815323829651,-0.167748361825943,-0.2382615953683853,0.3346959054470062
1631021950186,0.3735450804233551,-0.1503224074840545,-0.0708408579230308,0.3393178880214691
1631021950279,0.3887321352958679,-0.1261513829231262,-0.0671758130192756,0.3946854174137115
1631021950345,0.3694527745246887,-0.0859860479831695,-0.0662051886320114,0.4826265275478363
1631021950454,0.3600989282131195,-0.0387267991900444,-0.0637299492955207,0.4891563653945923
1631021950548,0.3687902987003326,-0.0023592358920723,-0.0563742220401763,0.4985679090023041
1631021950704,0.3839710354804992,0.0158396624028682,-0.04264996945858,0.5098526477813721
1631021950829,0.3860953450202942,0.0219368692487478,-0.0217176768928766,0.5243825316429138
1631021950876,0.3697249889373779,0.0264689121395349,0.0077826045453548,0.513923168182373
1631021950985,0.3430918753147125,0.0311227794736623,0.0114928148686885,0.5061769485473633
1631021951064,0.3109508156776428,0.0314100719988346,0.0148349665105342,0.4988230764865875
1631021951142,0.3053996562957763,0.0220182836055755,0.0178703963756561,0.487508475780487
1631021951282,0.301956295967102,0.0028879998717457,0.0242178253829479,0.4750869274139404
1631021951392,0.2836210131645202,-0.0207010582089424,0.037069771438837,0.4690444767475128
1631021951485,0.2558256685733795,-0.0412434116005897,0.0481337495148181,0.4689374566078186
1631021951595,0.2221946567296981,-0.0548542849719524,0.0102636609226465,0.4612078070640564
1631021951688,0.1594685316085815,-0.0651850700378418,-0.2901656925678253,0.420085608959198
1631021951860,-0.0507308691740036,-0.0851152166724205,-0.2929814755916595,0.3079381585121155
1631021951923,-0.0773639380931854,-0.1266200244426727,-0.3042902648448944,0.068189300596714
1631021952032,-0.1013909503817558,-0.1895190477371215,-0.3155444860458374,0.0979958102107048
1631021952110,-0.0999103859066963,-0.2482663244009018,-0.3167091906070709,0.1245191395282745
1631021952235,-0.0347756072878837,-0.2589406371116638,-0.3074321746826172,0.139779046177864
1631021952298,0.1064513772726059,-0.2039563953876495,-0.2929597496986389,0.1463148891925811
1631021952407,0.2887513339519501,-0.1033379435539245,-0.2778730690479278,0.1675073057413101
1631021952516,0.4539613425731659,0.012497846968472,-0.2498924732208252,0.2074625790119171
1631021952595,0.5882461667060852,0.1143265888094902,-0.2083995789289474,0.2596002519130707
1631021952704,0.6712064146995544,0.1869909167289734,-0.1612157672643661,0.3086809813976288
1631021952798,0.7120556831359863,0.2286931872367859,-0.1253579556941986,0.3366533517837524
1631021952907,0.726832926273346,0.2472348660230636,-0.1106987372040748,0.3394549489021301
1631021952985,0.7321369051933289,0.2562551498413086,-0.110305331647396,0.3294565081596374
1631021953141,0.7361045479774475,0.2626488208770752,-0.1121563017368316,0.3250038623809814
1631021953220,0.7425670027732849,0.2672816216945648,-0.1054964214563369,0.3377574980258941
1631021953316,0.7562128305435181,0.2712911665439605,-0.0917941927909851,0.3675396144390106
1631021953410,0.7828704118728638,0.2790446877479553,-0.0765799432992935,0.407354861497879
1631021953519,0.8241446614265442,0.2944652736186981,-0.0640050321817398,0.4477407932281494
1631021953629,0.8748199343681335,0.3176667392253876,-0.0583118461072444,0.4830458164215088
1631021953754,0.925123929977417,0.3420590460300445,-0.0617953389883041,0.515631914138794
1631021953832,0.9644451141357422,0.3571321368217468,-0.0699589401483535,0.5583310127258301
1631021953957,0.9824725389480592,0.3512560427188873,-0.0753704160451889,0.6157419085502625
1631021954019,0.97571063041687,0.3181215822696686,-0.0738851726055145,0.6769208312034607
1631021954144,0.9511281847953796,0.2642633020877838,-0.0567375756800174,0.7303346395492554
1631021954191,0.9250157475471495,0.212092638015747,0.006066754925996,0.7688780426979065
1631021954349,0.9144426584243774,0.1901669800281524,0.1545411497354507,0.7970468997955322
1631021954443,0.9298139214515686,0.2102673053741455,0.3714045882225036,0.8284182548522949
1631021954521,0.9652157425880432,0.2557954490184784,0.3922663331031799,0.870020866394043
1631021954630,1.0050737857818604,0.3055731952190399,0.4155714213848114,0.915347933769226
1631021954724,1.0337402820587158,0.3461732864379883,0.4397976398468017,0.9510175585746764
1631021954818,1.043443202972412,0.3730479776859283,0.4661311209201813,0.9705912470817566
1631021954974,1.034042477607727,0.3866241872310638,0.4964321553707123,0.9765427112579346
1631021955083,1.037919998168945,0.3922343552112579,0.5320179462432861,0.976243257522583
1631021955146,0.9997215867042542,0.3944659531116485,0.5740192532539368,0.97646301984787
1631021955240,0.947981059551239,0.3929005563259125,0.5945663452148438,0.9798198342323304
1631021955336,0.8842472434043884,0.3865942656993866,0.6150866150856018,0.9823355674743652
1631021955430,0.8143187761306763,0.3758324086666107,0.6272884011268616,0.9779729843139648
1631021955555,0.7493630647659302,0.3643497824668884,0.6267526745796204,0.9622752666473388
1631021955648,0.6987379789352417,0.3558164834976196,0.6117492318153381,0.936158299446106
1631021955758,0.6647229194641113,0.3494274914264679,0.5709593892097473,0.9063858389854432
1631021955867,0.6372889876365662,0.3392003178596496,0.4571302831172943,0.8786106109619141
1631021955930,0.5919782519340515,0.3178384602069855,0.0421758443117141,0.8481770753860474
1631021956070,0.5069994330406189,0.2826503217220306,0.0238845646381378,0.8052308559417725
1631021956164,0.3823805749416351,0.2404689490795135,0.0056714313104748,0.7475151419639587
1631021956298,0.2582610249519348,0.2053214758634567,-0.0055968593806028,0.6885451078414917
1631021956385,0.1998129785060882,0.1864161938428878,-0.0067629781551659,0.6455092430114746
1631021956464,0.2130920439958572,0.1788979768753051,-0.0039953980594873,0.620879054069519
1631021956557,0.2238922417163849,0.1663404107093811,-0.0067940698936581,0.6034296751022339
1631021956635,0.2532710433006286,0.1337679475545883,-0.0187612641602754,0.5815162658691406
1631021956792,0.2868805825710296,0.0802905932068824,-0.0707824230194091,0.5491830706596375
1631021956854,0.3215880095958709,0.0177603065967559,-0.133585512638092,0.5032431483268738
1631021956979,0.3559871017932892,-0.0296716950833797,-0.1848305016756057,0.4472711980342865
1631021957057,0.3883363306522369,-0.0490716695785522,-0.2100109308958053,0.3947458863258362
1631021957151,0.4168651103973388,-0.0518120601773262,-0.2182252705097198,0.3580630421638489
1631021957260,0.4354071021080017,-0.0574356615543365,-0.2276632636785507,0.3393293917179107
1631021957403,0.4382535219192505,-0.0741547346115112,-0.2494029551744461,0.3291911482810974
1631021957498,0.4254643321037292,-0.1003411412239074,-0.2827418148517608,0.3173943161964416
1631021957575,0.4012259244918823,-0.1346247345209121,-0.3189411163330078,0.302482008934021
1631021957669,0.366794615983963,-0.1802515089511871,-0.3428646326065063,0.2863925397396087
1631021957763,0.3265388607978821,-0.235656052827835,-0.3038158118724823,0.2750276625156402
1631021957872,0.3037823438644409,-0.2768961489200592,-0.1264340877532959,0.2891541421413421
1631021957997,0.3515719771385193,-0.2699398696422577,0.1287304610013961,0.3445838689804077
1631021958106,0.4814842939376831,-0.2128880769014358,0.348244845867157,0.421283096075058
1631021958184,0.6352828741073608,-0.1418924331665039,0.4954704046249389,0.4831064343452453
1631021958294,0.7634552717208862,-0.0799779593944549,0.5760688781738281,0.5136992931365967
1631021958403,0.8544661402702332,-0.0254266113042831,0.6105128526687622,0.5246237516403198
1631021958528,0.911825716495514,0.0249130949378013,0.6224415302276611,0.5363183617591858
1631021958591,0.945248544216156,0.0762981548905372,0.6283277869224548,0.560512363910675
1631021958700,0.9626961946487428,0.130070611834526,0.6326436400413513,0.5920181274414062
1631021958809,0.9715332388877868,0.1831878125667572,0.636326014995575,0.619344174861908
1631021958919,0.980213701725006,0.2324046939611435,0.6403390765190125,0.6392278671264648
1631021958981,0.992509424686432,0.2733591496944427,0.6462217569351196,0.6553290486335754
1631021959075,1.0101457834243774,0.3062892258167267,0.6542863845825195,0.6716279983520508
1631021959215,1.035120964050293,0.335178405046463,0.6629233956336975,0.6872467398643494
1631021959303,1.065449595451355,0.3640900254249573,0.6668822169303894,0.6995424628257751
1631021959406,1.0930674076080322,0.3900215923786163,0.6539111137390137,0.7063417434692383
1631021959500,1.103298544883728,0.4060685932636261,0.6086691617965698,0.7135619521141052
1631021959640,1.085375189781189,0.4081074595451355,0.5265705585479736,0.733428418636322
1631021959718,1.0386327505111694,0.4017967581748962,0.4246655106544494,0.7728564143180847
1631021959827,0.9729597568511964,0.3947189152240753,0.3461737930774688,0.8201852440834045
1631021959921,0.9048614501953124,0.3886396884918213,0.3400793373584747,0.8556718826293945
1631021960046,0.8579294681549072,0.3842403590679168,0.4269444644451141,0.8705717921257019
1631021960109,0.8489269018173218,0.3791963756084442,0.5682344436645508,0.8701319694519043
1631021960218,0.8736581206321716,0.3690859675407409,0.7043018937110901,0.8763750195503235
1631021960280,0.9097123146057128,0.353647381067276,0.8008608818054199,0.8865514397621155
1631021960439,0.9238401651382446,0.3401369452476501,0.8552136421203613,0.904185712337494
1631021960564,0.9376900792121888,0.3388900458812713,0.8815784454345703,0.9279075264930724
1631021960658,0.946580410003662,0.3486703634262085,0.8976322412490845,0.9548880457878112
1631021960736,0.9440742135047911,0.3592104911804199,0.9117152094841005,0.985566020011902
1631021960814,0.9261753559112548,0.3615184128284454,0.9224334955215454,1.019912600517273
1631021960939,0.8965448141098022,0.3528399169445038,0.925739049911499,1.0523908138275146
1631021961049,0.8751486539840698,0.3363198041915893,0.9212163090705872,1.069849133491516
1631021961142,0.8849000334739685,0.3182675838470459,0.9121094942092896,1.0576380491256714
1631021961236,0.9287258982658386,0.301277220249176,0.9023418426513672,1.0040574073791504
1631021961395,0.992102324962616,0.284405380487442,0.8930529952049255,1.0040574073791504
1631021961442,1.0635932683944702,0.2672120034694671,0.8791913986206055,1.0040574073791504
1631021961520,1.0635932683944702,0.2480294555425644,0.8472708463668823,1.0040574073791504
1631021961692,1.0635932683944702,0.2255861312150955,0.7893916964530945,1.0040574073791504
1631021961817,1.0635932683944702,0.2022321075201034,0.7266367077827454,1.0040574073791504
1631021961848,1.0635932683944702,0.1790198236703872,0.7039535641670227,1.0040574073791504
1631021961941,0.5948792099952698,0.1485887765884399,0.7338084578514099,0.7988358736038208
1631021962035,0.6396303176879883,0.1022527813911438,0.7755635976791382,0.7974971532821655
1631021962129,0.6544567346572876,0.0425092540681362,0.7933127284049988,0.7722129225730896
1631021962269,0.6495690941810608,-0.0182443913072347,0.7847714424133301,0.7360296845436096
1631021962351,0.6363565921783447,-0.0650659054517746,0.7660104036331177,0.7008597254753113
1631021962476,0.627167284488678,-0.0812076702713966,0.7502380609512329,0.6727871298789978
1631021962570,0.628015398979187,-0.0594257339835166,0.7423726916313171,0.6540769338607788
1631021962633,0.6327205300331116,-0.0152035551145672,0.7407887578010559,0.646709680557251
1631021962758,0.6284899711608887,0.0286963935941457,0.7426190376281738,0.6471927165985107
1631021962945,0.6160743236541748,0.0614347383379936,0.7459030747413635,0.6471810936927795
1631021962992,0.6055928468704224,0.0822101533412933,0.7491035461425781,0.6401699185371399
1631021963070,0.6067323684692383,0.0942721962928772,0.7488353252410889,0.6260743141174316
1631021963179,0.633309543132782,0.1013615876436233,0.7354326248168945,0.6098746061325073
1631021963257,0.6543435454368591,0.1097070351243019,0.6897261142730713,0.5800176858901978
1631021963339,0.6584616303443909,0.1213660463690757,0.5931341052055359,0.5495665669441223
1631021963511,0.6463766098022461,0.1329673528671264,0.4390826523303985,0.5380086898803711
1631021963589,0.6264470219612122,0.1388682126998901,0.2494105398654937,0.5554564595222473
1631021963698,0.6075128316879272,0.1360064297914505,0.0926833599805831,0.5961086750030518
1631021963807,0.5982033610343933,0.127331256866455,0.0333652906119823,0.6468535661697388
1631021963886,0.5998167991638184,0.1189245581626892,0.0392150245606899,0.6975460052490234
1631021963964,0.6038567423820496,0.1146894395351409,0.0613071173429489,0.7417749166488647
1631021964104,0.6018823385238647,0.114777535200119,0.0759885385632515,0.7772159576416016
1631021964182,0.5988466143608093,0.1193065494298935,0.0776642113924026,0.8044891357421875
1631021964312,0.6074187755584717,0.1296089440584182,0.0742071643471717,0.8268510699272156
1631021964390,0.6294300556182861,0.1435990631580352,0.1199883893132209,0.8492870330810547
1631021964468,0.6620978116989136,0.1586287170648574,0.1174572631716728,0.8778665065765381
1631021964593,0.6964145302772522,0.1738025844097137,0.1201545372605323,0.9117275476455688
1631021964733,0.7229270339012146,0.1897778809070587,0.1309252679347992,0.9430795311927797
1631021964796,0.7348592281341553,0.2027696520090103,0.1456390470266342,0.9623160362243652
1631021964890,0.7323072552680969,0.2087893933057785,0.1569497734308242,0.9654439091682434
1631021964999,0.7397603392601013,0.2078928351402282,0.162145048379898,0.952934205532074
1631021965077,0.7541362643241882,0.2071820646524429,0.1664765626192093,0.9302175641059875
1631021965186,0.7493257522583008,0.2133010476827621,0.1745169758796692,0.903306245803833
1631021965315,0.7414149045944214,0.222822681069374,0.1977216005325317,0.8756226301193237
1631021965394,0.727446973323822,0.2274529337882995,0.2173447757959365,0.8472607731819153
1631021965518,0.711158812046051,0.2204835414886474,0.2272518873214721,0.8169554471969604
1631021965581,0.6965895891189575,0.2003107517957687,0.233347401022911,0.7824344038963318
1631021965706,0.6788750886917114,0.1709546893835067,0.2466590106487274,0.7422986030578613
1631021965769,0.6568284630775452,0.1395212709903717,0.2850272059440613,0.6990991234779358
1631021965925,0.6416335701942444,0.1219318062067031,0.3279474079608917,0.6626838445663452
1631021966003,0.6129310131072998,0.132989689707756,0.4639610052108764,0.6362945437431335
1631021966112,0.5536659359931946,0.1679310947656631,0.5733799338340759,0.6134954690933228
1631021966253,0.460806131362915,0.2044883072376251,0.6325669884681702,0.585281252861023
1631021966331,0.3558132648468017,0.226190373301506,0.6448270082473755,0.5548043251037598
1631021966425,0.2870324850082397,0.2312884032726287,0.6267369389533997,0.5297654271125793
1631021966518,0.2870324850082397,0.2282460480928421,0.5977060794830322,0.5185153484344482
1631021966643,0.2870324850082397,0.2221429049968719,0.5696044564247131,0.5160778760910034
1631021966721,0.2525708675384521,0.2129527032375335,0.5442253351211548,0.5125997066497803
1631021966831,0.2250512391328811,0.2039200067520141,0.5334792137145996,0.4998687207698822
1631021966940,0.2077586203813552,0.1965727806091308,0.5217317342758179,0.4766960144042969
1631021967038,0.1874658465385437,0.1878515034914016,0.5118129253387451,0.4508972465991974
1631021967142,0.1553037315607071,0.1748626083135604,0.504520058631897,0.4328570365905761
1631021967234,0.1182169541716575,0.1581881493330001,0.4973933696746826,0.4235130846500397
1631021967394,0.0577663742005825,0.1399025022983551,0.4807199239730835,0.4109218716621399
1631021967504,-0.1470063030719757,0.1121722757816314,0.4355872571468353,0.3739311397075653
1631021967533,-0.1505021452903747,0.0593962706625461,0.3398370146751404,0.2973677814006805
1631021967651,-0.1061233878135681,-0.0302637107670307,0.1812627613544464,0.1915025413036346
1631021967784,-0.0338343530893325,-0.1543712764978408,-0.0220408756285905,0.1136689037084579
1631021967880,0.0422445274889469,-0.2816772758960724,-0.17142154276371,0.148715540766716
1631021968025,0.1066987812519073,-0.3347084522247314,-0.158784732222557,0.2788703739643097
1631021968060,0.1594252735376358,-0.2611620724201202,-0.0582599975168705,0.4284890294075012
1631021968137,0.2144914716482162,-0.1237336322665214,0.0308210477232933,0.5568296313285828
1631021968274,0.3046761453151703,0.0026274258270859,0.0879175662994384,0.6510675549507141
1631021968366,0.4176058173179626,0.0957547351717948,0.1167682111263275,0.7113727331161499
1631021968488,0.5406501889228821,0.1633369028568267,0.1276808828115463,0.7435512542724609
1631021968551,0.6528961658477783,0.2159828692674636,0.129208356142044,0.756611168384552
1631021968645,0.7412709593772888,0.255811482667923,0.1325588077306747,0.7639064788818359
1631021968738,0.8061535358428955,0.2820243239402771,0.1499229371547699,0.7771010994911194
1631021968832,0.8552190065383911,0.2975262701511383,0.1848123967647552,0.8025718927383423
1631021968972,0.9004164338111877,0.3068006038665771,0.23135906457901,0.840220034122467
1631021969085,0.9469874501228333,0.313153326511383,0.2820835411548614,0.8845497965812683
1631021969159,0.9893140196800232,0.3188800811767578,0.3330439627170563,0.9270251989364624
1631021969242,1.020113825798035,0.3277179598808288,0.3834899663925171,0.9596473574638368
1631021969350,1.0398045778274536,0.3410609662532806,0.3951998949050903,0.9762060642242432
1631021969438,1.060706615447998,0.3529855906963348,0.3942961394786834,0.9798471331596376
1631021969601,1.0831007957458496,0.3577728569507599,0.3808619081974029,0.9810248017311096
1631021969700,1.1056339740753174,0.3541657328605652,0.3629379272460937,0.9630206227302552
1631021969778,1.125341773033142,0.3461160361766815,0.3532736599445343,0.943362593650818
1631021969878,1.1371768712997437,0.3341710567474365,0.3614834249019623,0.9335833787918092
1631021969971,1.1373240947723389,0.3143893778324127,0.3898501694202423,0.9424163699150084
1631021970065,1.1270328760147097,0.287115067243576,0.4350405633449554,0.969889521598816
1631021970190,1.1139312982559204,0.2651814818382263,0.487554669380188,0.9773136973381042
1631021970299,1.1075419187545776,0.2607013583183288,0.5356734395027161,0.9746903777122498
1631021970381,1.061011552810669,0.2728686332702636,0.574408769607544,0.9568958282470704
1631021970459,1.00432550907135,0.2903776466846466,0.4940968453884125,0.9235771894454956
1631021970569,0.9333814978599548,0.3049183189868927,0.4097262322902679,0.8789005279541016
1631021970709,0.878270149230957,0.3178633451461792,0.4283000528812408,0.8327544927597046
1631021970819,0.8790460228919983,0.3375396430492401,0.5872103571891785,0.800601065158844
1631021970881,0.9160224199295044,0.3661644756793976,0.7573946118354797,0.7632322311401367
1631021970990,0.9371658563613892,0.3929387927055359,0.8384078145027161,0.7196163535118103
1631021971084,0.9233699440956116,0.4014419615268707,0.8557330965995789,0.6329795718193054
1631021971178,0.8952478766441345,0.3861939907073974,0.835806131362915,0.6242902874946594
1631021971287,0.8725175857543945,0.357170432806015,0.8015311360359192,0.6080650687217712
1631021971400,0.863156795501709,0.3329123854637146,0.7649031281471252,0.5950151085853577
1631021971510,0.862265944480896,0.3220097124576568,0.7294626832008362,0.5849628448486328
1631021971619,0.860184371471405,0.3190052211284637,0.6977081298828125,0.5774555206298828
1631021971697,0.8512507677078247,0.3109772503376007,0.6716077327728271,0.5774744749069214
1631021971838,0.8359777331352234,0.292435735464096,0.651718020439148,0.5966601967811584
1631021971901,0.8268823623657227,0.2651883959770202,0.6366820335388184,0.6297407150268555
1631021972026,0.8172118663787842,0.2367090284824371,0.6489842534065247,0.6595221161842346
1631021972088,0.8025978207588196,0.213714987039566,0.6527577042579651,0.6695772409439087
1631021972182,0.7721524834632874,0.1952052861452102,0.6319175362586975,0.6526448726654053
1631021972291,0.7181681394577026,0.1691617518663406,0.5698904395103455,0.6108899116516113
1631021972402,0.648719310760498,0.125521719455719,0.4609606564044952,0.6021370887756348
1631021972481,0.5913260579109192,0.0717741847038269,0.3202952742576599,0.5955725312232971
1631021972637,0.5638731718063354,0.0288225207477808,0.1894665956497192,0.5763668417930603
1631021972762,0.5563235282897949,0.0091687170788645,0.1084884405136108,0.5703741312026978
1631021972793,0.5440143346786499,-0.0026603713631629,0.0726907476782798,0.5739119052886963
1631021972918,0.5142013430595398,-0.0274254400283098,0.0576274506747722,0.5839314460754395
1631021972996,0.4669550657272339,-0.0620712526142597,0.0486603379249572,0.5982796549797058
1631021973090,0.4172898530960083,-0.0835347175598144,0.034994900226593,0.6110047101974487
1631021973225,0.3872213959693908,-0.0713122114539146,0.0103496592491865,0.613269031047821
1631021973334,0.3886560797691345,-0.0309363435953855,-0.0268672686070203,0.6001183390617371
1631021973415,0.4169484972953796,0.0145738217979669,-0.074330523610115,0.5738902688026428
1631021973525,0.4531770646572113,0.0471541695296764,-0.1247141286730766,0.5441814661026001
1631021973603,0.478580117225647,0.0606070347130298,-0.1674478203058242,0.5208176970481873
1631021973697,0.483607143163681,0.0579459629952907,-0.1844773292541504,0.507472574710846
1631021973838,0.4805478453636169,0.0472047254443168,-0.1167230308055877,0.5021639466285706
1631021973962,0.4981599748134613,0.0424106530845165,0.0913053750991821,0.5086901783943176
1631021974040,0.5445549488067627,0.0539526045322418,0.3405016362667084,0.5300348401069641
1631021974103,0.5961063504219055,0.0804588496685028,0.5348380208015442,0.5559498071670532
1631021974212,0.6301537752151489,0.1086473390460014,0.6533374190330505,0.5728031992912292
1631021974322,0.6418005228042603,0.1270054131746292,0.7086103558540344,0.5719878077507019
1631021974465,0.6382572650909424,0.1324918866157531,0.7251426577568054,0.5529115796089172
1631021974543,0.6542413234710693,0.1297543942928314,0.7274085283279419,0.5215467214584351
1631021974653,0.6718852519989014,0.1202572062611579,0.7277097702026367,0.4869244694709778
1631021974715,0.6574857234954834,0.1019709631800651,0.7279195189476013,0.4589880406856537
1631021974887,0.636001467704773,0.0745818614959716,0.7269648313522339,0.4403208792209625
1631021974934,0.6086581945419312,0.0437557883560657,0.7242782711982727,0.4278776943683624
1631021975059,0.579098641872406,0.0195935163646936,0.7206059098243713,0.4166339635848999
1631021975152,0.5521566271781921,0.0082046212628483,0.7173759341239929,0.4067539572715759
1631021975246,0.5325232148170471,0.0040731471963226,0.7140945792198181,0.3979455232620239
1631021975369,0.5131028294563293,-0.005420833826065,0.701873779296875,0.3840539753437042
1631021975421,0.4663507640361786,-0.0372763723134994,0.6572620272636414,0.35027876496315
1631021975577,0.3686613738536834,-0.1042442992329597,0.5525215864181519,0.2858561277389526
1631021975686,0.2242022007703781,-0.2087414413690567,0.3662257790565491,0.2048466503620147
1631021975780,0.0812472850084304,-0.3343568742275238,0.0978072807192802,0.1433493047952652
1631021975873,0.0083154868334531,-0.4381777048110962,-0.1836276352405548,0.1325141638517379
1631021975951,0.0027516041882336,-0.4832469820976257,-0.3211473226547241,0.1594466120004654
1631021976061,0.0042467755265533,-0.4857488870620727,-0.3201864659786224,0.1897073239088058
1631021976154,-0.0060918852686882,-0.4832492470741272,-0.2940172851085663,0.2047972977161407
1631021976311,-0.0096296519041061,-0.4917061328887939,-0.2746289670467376,0.2062562853097915
1631021976377,-0.0131837297230958,-0.5115900635719299,-0.2611859440803528,0.2016945034265518
1631021976471,-0.0013848394155502,-0.5335353016853333,-0.2226925492286682,0.1989417970180511
1631021976564,0.1000218018889427,-0.5235539674758911,-0.2022316604852676,0.2246252596378326
1631021976705,0.0973183438181877,-0.4070731997489929,-0.1802395582199096,0.3191108405590057
1631021976783,0.1051395535469055,-0.1969600170850753,-0.1591107845306396,0.4718090295791626
1631021976892,0.1253180056810379,0.0074746198952198,-0.1406967341899871,0.6188207268714905
1631021977017,0.1537239998579025,0.1528124958276748,-0.1246891915798187,0.7203551530838013
1631021977096,0.1806974411010742,0.2348423153162002,-0.1093043088912963,0.7727805972099304
1631021977221,0.1989504992961883,0.2705067694187164,-0.0949616730213165,0.789252758026123
1631021977299,0.2043907791376114,0.2818239033222198,-0.0874724313616752,0.7869852185249329
1631021977361,0.2021729946136474,0.2846627533435821,-0.0905082747340202,0.7779075503349304
1631021977502,0.2053917795419693,0.2848776280879974,-0.1015761420130729,0.7671540975570679
1631021977595,0.1854361891746521,0.2839925587177276,-0.114693284034729,0.7589726448059082
1631021977705,0.208189457654953,0.2844213545322418,-0.1941645741462707,0.7551828622817993
1631021977814,0.2569944262504577,0.2875111103057861,-0.2713745832443237,0.7561856508255005
1631021977877,0.3056742548942566,0.2928812205791473,-0.3333407342433929,0.7619808316230774
1631021977986,0.3258569538593292,0.2990378439426422,-0.516400158405304,0.7724705934524536
1631021978095,0.2336360365152359,0.3012211918830871,-0.4510913789272308,0.7818717360496521
1631021978189,0.3283791244029999,0.285910040140152,-0.3784261643886566,0.7760417461395264
1631021978298,0.4268602728843689,0.2351984232664108,-0.3235672414302826,0.7393142580986023
1631021978379,0.5009166598320007,0.1373241692781448,-0.294929951429367,0.6688458323478699
1631021978504,0.544429361820221,0.000275635975413,-0.2864424288272857,0.5825704336166382
1631021978598,0.5635702013969421,-0.1360670328140258,-0.2908414006233215,0.5141974687576294
1631021978723,0.5677169561386108,-0.2195483744144439,-0.3000703752040863,0.4853514432907104
1631021978817,0.5611752271652222,-0.2431746125221252,-0.3055751621723175,0.483412891626358
1631021978910,0.548162579536438,-0.2418195903301239,-0.3001509606838226,0.4890165328979492
1631021979020,0.535866916179657,-0.236061543226242,-0.2830601930618286,0.4985154867172241
1631021979119,0.5552557110786438,-0.2315149754285812,-0.2624103724956512,0.5141980648040771
1631021979194,0.5775186419487,-0.2348152548074722,-0.2297324538230896,0.5363816022872925
1631021979319,0.59714275598526,-0.2470193803310394,-0.182725042104721,0.5567007064819336
1631021979444,0.6141833066940308,-0.2559641599655151,-0.0643326416611671,0.5662937164306641
1631021979522,0.6441450715065002,-0.2283355742692947,0.161441370844841,0.5665728449821472
1631021979631,0.6952966451644897,-0.1524845957756042,0.4045979380607605,0.56350177526474
1631021979710,0.7489455342292786,-0.0613751113414764,0.4260304570198059,0.5552168488502502
1631021979788,0.7832502126693726,0.005747543182224,0.4486579596996307,0.535123884677887
1631021979939,0.7936363816261292,0.0382252223789691,0.4746090471744537,0.5051189064979553
1631021980017,0.7897125482559204,0.0450149998068809,0.5050909519195557,0.4817870855331421
1631021980111,0.7839402556419373,0.0456963367760181,0.5407078862190247,0.4816601872444153
1631021980220,0.7795787453651428,0.053332045674324,0.539095938205719,0.5029864311218262
1631021980314,0.7757328152656555,0.0717792063951492,0.5378255844116211,0.5310149788856506
1631021980427,0.7717431783676147,0.0978395119309425,0.5345039963722229,0.5548232793807983
1631021980536,0.7667405009269714,0.1231139227747917,0.5274481177330017,0.5685872435569763
1631021980708,0.757405161857605,0.1400235146284103,0.5181553363800049,0.5692067742347717
1631021980770,0.7425536513328552,0.1477214992046356,0.5091281533241272,0.5571515560150146
1631021980833,0.7247098088264465,0.1494964063167572,0.4969663321971893,0.5380701422691345
1631021980958,0.7045741677284241,0.1470534950494766,0.4556443095207214,0.5200539231300354
1631021981098,0.6682789921760559,0.1299440860748291,0.2984785139560699,0.4999400973320007
1631021981176,0.5952232480049133,0.0855889171361923,-0.4659888744354248,0.467735230922699
1631021981254,0.4789478778839111,0.0113631542772054,-0.4696747362613678,0.422273188829422
1631021981382,0.3357819020748138,-0.0726983919739723,-0.4763519167900085,0.3762017786502838
1631021981445,0.2030737549066543,-0.1315483897924423,-0.4822472035884857,0.3443857133388519
1631021981539,0.1096182689070701,-0.1425925642251968,-0.48502317070961,0.328262060880661
1631021981648,0.0467315539717674,-0.1240588724613189,-0.4844317436218261,0.3160919547080993
1631021981804,0.00894729886204,-0.1063213050365448,-0.4745700061321258,0.2962643206119537
1631021981883,0.0043916613794863,-0.1107799187302589,-0.4688488245010376,0.2676075994968414
1631021981945,0.0261317119002342,-0.1418293714523315,-0.4632176458835602,0.234030395746231
1631021982070,0.0496601946651935,-0.1841728538274765,-0.4487841725349426,0.2018179148435592
1631021982164,0.0658480450510978,-0.2115293592214584,-0.4235904514789581,0.1803324073553085
1631021982258,0.0792543813586235,-0.2131888717412948,-0.3970355689525604,0.1733494699001312
1631021982398,0.0929238125681877,-0.2011861950159073,-0.3820460438728332,0.1726159006357193
1631021982461,0.1084173843264579,-0.1938842386007309,-0.3852571547031402,0.1656473577022552
1631021982570,0.1279399394989013,-0.1952138096094131,-0.4005438685417175,0.1506473124027252
1631021982679,0.156459242105484,-0.1976169943809509,-0.4156005084514618,0.1351771652698516
1631021982757,0.1942394524812698,-0.1880658268928527,-0.4238575994968414,0.1288917064666748
1631021982867,0.2372253090143203,-0.1610068678855896,-0.4310749173164367,0.1337267309427261
1631021982976,0.2755601704120636,-0.1240072324872016,-0.4409026205539703,0.1433407962322235
1631021983070,0.2990584373474121,-0.0926561579108238,-0.4532696306705475,0.1465023159980774
1631021983210,0.3055094182491302,-0.0780792906880378,-0.4651757180690765,0.1348291784524917
1631021983273,0.300605833530426,-0.0808626562356948,-0.4777283370494842,0.1107037514448165
1631021983382,0.2922212481498718,-0.0926574990153312,-0.4922296106815338,0.084359660744667
1631021983492,0.2839676737785339,-0.105600394308567,-0.5058555603027344,0.0619808174669742
1631021983617,0.2780564725399017,-0.1182009875774383,-0.517747163772583,0.044470515102148
1631021983695,0.2732754349708557,-0.1318525820970535,-0.5341761112213135,0.0236226804554462
1631021983835,0.26866614818573,-0.1448032855987548,-0.5563696622848511,-0.0025359017308801
1631021983898,0.2663428783416748,-0.1540113687515258,-0.5707155466079712,-0.0238828472793102
1631021983991,0.2666414678096771,-0.1596150994300842,-0.5575087666511536,-0.0276445895433425
1631021984070,0.2708043158054352,-0.165531039237976,-0.5161036252975464,-0.0115301180630922
1631021984195,0.2816579639911651,-0.1756625026464462,-0.4696536064147949,0.0133038992062211
1631021984304,0.3041149377822876,-0.1913405209779739,-0.4323246479034424,0.0434221513569355
1631021984398,0.3400517106056213,-0.212583914399147,-0.3980103731155395,0.0959757268428802
1631021984507,0.3863889873027801,-0.2405882179737091,-0.3536842465400696,0.1857014596462249
1631021984569,0.4349958300590515,-0.2709793746471405,-0.293044239282608,0.2908740639686584
1631021984679,0.4805474281311035,-0.2800000607967376,-0.1745190620422363,0.3838056921958923
1631021984835,0.531849205493927,-0.2357836365699768,0.0436782576143741,0.4721857011318207
1631021984992,0.6016432642936707,-0.12607342004776,0.3190026581287384,0.5726727247238159
1631021985069,0.6819296479225159,0.0082948049530386,0.3457577228546142,0.6750178337097168
1631021985101,0.7025489211082458,0.1220277696847915,0.3740230202674866,0.7542127966880798
1631021985210,0.7257971167564392,0.19855497777462,0.4039810299873352,0.7980813980102539
1631021985288,0.7520135045051575,0.2409889698028564,0.4361095726490021,0.8132728934288025
1631021985415,0.7813279628753662,0.2618433535099029,0.4706132411956787,0.8160139322280884
1631021985556,0.778253972530365,0.2740306556224823,0.5075303316116333,0.8178717494010925
1631021985619,0.7769532799720764,0.2830947637557983,0.5477957129478455,0.8214472532272339
1631021985681,0.7766007781028748,0.2909277975559234,0.5397488474845886,0.8269513845443726
1631021985806,0.7736810445785522,0.2981495857238769,0.5334525108337402,0.8323065042495728
1631021985884,0.7645826935768127,0.3040876686573028,0.5295878648757935,0.832405149936676
1631021986040,0.7485085129737854,0.3076957166194916,0.5276808142662048,0.8227051496505737
1631021986181,0.7278234362602234,0.3077754378318786,0.5254784226417542,0.8038206696510315
1631021986259,0.7024118304252625,0.3005428314208984,0.5021190047264099,0.7795832753181458
1631021986321,0.6588425636291504,0.2798548340797424,0.3919202387332916,0.743999183177948
1631021986402,0.5687351822853088,0.2357822060585022,-0.1551763713359832,0.6803146600723267
1631021986481,0.3974980413913727,0.164044976234436,-0.1685153096914291,0.5772272944450378
1631021986652,0.3655262887477875,0.0793419927358627,-0.1839902251958847,0.4493676424026489
1631021986746,0.3429974317550659,0.0141275012865662,-0.1922307014465332,0.3499642312526703
1631021986824,0.3328815996646881,-0.0075992527417838,-0.1949768513441085,0.3233636319637298
1631021986949,0.3321035504341125,-0.0013762947637587,-0.1989586055278778,0.3447307348251343
1631021987027,0.3494385480880737,0.002853715326637,-0.2077410668134689,0.3690043985843658
1631021987105,0.3577188551425934,-0.0031076744198799,-0.2191549688577652,0.3827438354492187
1631021987277,0.3586540222167969,-0.0128383636474609,-0.2074508368968963,0.3883674442768097
1631021987355,0.3701630234718323,-0.0216458495706319,-0.1846351325511932,0.3966360688209533
1631021987449,0.3422896862030029,-0.0290896352380514,-0.1484387516975402,0.4140543341636657
1631021987527,0.3050012290477752,-0.0338780730962753,-0.1063309907913208,0.4390828013420105
1631021987637,0.2666763365268707,-0.0301150884479284,-0.062973067164421,0.4791754186153412
1631021987746,0.2404577732086181,-0.0108680138364434,-0.0152167631313204,0.4791747629642486
1631021987886,0.2380952686071396,0.0223441999405622,0.0402575768530368,0.4871996939182281
1631021987965,0.2592815160751343,0.0570582970976829,0.0491525866091251,0.5062747597694397
1631021988074,0.2987000644207001,0.0850548520684242,0.0669997557997703,0.5348796844482422
1631021988168,0.3464637696743011,0.1119423732161521,0.088950477540493,0.6947340369224548
1631021988261,0.3905979990959167,0.1474249958992004,0.1111491248011589,0.8380848169326782
1631021988355,0.9432557821273804,0.1890541911125183,0.1340026706457138,0.9625665545463562
1631021988449,1.1573528051376345,0.2240737676620483,0.1614333093166351,1.0486516952514648
1631021988543,1.2501708269119265,0.24415023624897,0.1971686333417892,1.0931707620620728
1631021988636,1.3210575580596924,0.251044362783432,0.2419057488441467,1.10705828666687
1631021988730,1.4075422286987305,0.2506899833679199,0.2923366129398346,1.1061806678771973
1631021988840,1.3953499794006348,0.2468141615390777,0.3424669802188873,1.0988714694976809
1631021988964,1.3086600303649902,0.2410902082920074,0.3870045840740204,1.0870169401168823
1631021989089,1.2415804862976074,0.2350513190031051,0.3332004845142364,1.0722099542617798
1631021989167,1.1849915981292725,0.2287580817937851,0.238742396235466,1.05401349067688
1631021989261,1.1336345672607422,0.2196572422981262,0.0781941935420036,1.0281856060028076
1631021989370,1.0874223709106443,0.2067019790410995,-0.2280579954385757,1.008339762687683
1631021989449,1.0479426383972168,0.1933109164237976,-0.1869156211614608,0.9897080063819884
1631021989574,1.0141756534576416,0.180981770157814,-0.1252528429031372,0.969710409641266
1631021989699,0.9837185740470886,0.1577349454164505,-0.0664993301033973,0.9199618697166444
1631021989761,0.955723762512207,0.1055843532085418,-0.0282919257879257,0.8417548537254333
1631021989870,0.7895101308822632,0.0176881961524486,-0.0172234810888767,0.7198866605758667
1631021989980,0.556727409362793,-0.0877256467938423,-0.0294942129403352,0.5647104382514954
1631021990120,0.3083195984363556,-0.1721393465995788,-0.0560667961835861,0.4216707348823547
1631021990183,0.3015295565128326,-0.212979570031166,-0.0868316516280174,0.3411159515380859
1631021990292,0.2864220440387726,-0.2241605669260025,-0.1143575683236122,0.3152093589305877
1631021990407,0.2800146639347076,-0.2230767607688903,-0.1340324133634567,0.3149754405021667
1631021990500,0.2817932367324829,-0.2139723896980285,-0.1441242396831512,0.3382185101509094
1631021990578,0.3020002245903015,-0.2029194235801696,-0.142225980758667,0.3887874186038971
1631021990672,0.3418183326721191,-0.2016656398773193,-0.1338517963886261,0.4503230452537536
1631021990781,0.3882561028003692,-0.2174980640411377,-0.12537182867527,0.4979159832000732
1631021990891,0.4282689690589905,-0.2457446455955505,-0.1131624802947044,0.5231243371963501
1631021991031,0.4647989869117737,-0.2601411044597626,-0.0592103563249111,0.5149983763694763
1631021991094,0.4746637642383575,-0.1970201879739761,0.094963900744915,0.5160160064697266
1631021991266,0.4862468540668487,-0.0442370250821113,0.3068315386772156,0.5261105298995972
1631021991344,0.5007508397102356,0.1230639293789863,0.491740733385086,0.5415121912956238
1631021991378,0.5143107175827026,0.2460901439189911,0.616330087184906,0.5621950626373291
1631021991503,0.5254182815551758,0.3152992725372314,0.6838111281394958,0.5910828709602356
1631021991581,0.5403786301612854,0.3457089066505432,0.7138444781303406,0.6300378441810608
1631021991706,0.5688087344169617,0.3596958816051483,0.7277264595031738,0.6776694059371948
1631021991800,0.6122679114341736,0.3705192506313324,0.7378684878349304,0.7315707206726074
1631021991909,0.6599866151809692,0.3779638707637787,0.7458751797676086,0.790533185005188
1631021992019,0.6979289054870605,0.380330353975296,0.7502174973487854,0.8480970859527588
1631021992130,0.7138562202453613,0.3792572617530823,0.7510446906089783,0.8480970859527588
1631021992230,0.6947157382965088,0.3793450891971588,0.7498635053634644,0.8480970859527588
1631021992317,0.6658139228820801,0.3836509883403778,0.747806191444397,0.8480970859527588
1631021992403,0.6298482418060303,0.3908817768096924,0.7442538738250732,0.8480970859527588
1631021992494,0.5576521158218384,0.3956007659435272,0.7326837182044983,0.8480970859527588
1631021992615,0.5224103927612305,0.3837010264396667,0.6957109570503235,0.8480970859527588
1631021992760,0.496871680021286,0.3391769826412201,0.6120757460594177,0.3758690655231476
1631021992831,0.4746988415718078,0.2550124228000641,0.4676410853862762,0.3647196292877197
1631021993035,0.455021321773529,0.1476243287324905,0.2676393985748291,0.361265480518341
1631021993102,0.4393511116504669,0.0563917234539985,0.059649258852005,0.3595573008060455
1631021993135,0.4290532767772674,0.0188898108899593,-0.0799235627055168,0.3533754050731659
1631021993195,0.421708196401596,0.0377325713634491,-0.1185279116034507,0.3460815846920013
1631021993349,0.4299987256526947,0.1161703318357467,-0.0552471801638603,0.3626091182231903
1631021993495,0.4299987256526947,0.2428221553564071,0.0835611224174499,0.4119338393211365
1631021993553,0.4299987256526947,0.3749090433120727,0.0807662084698677,0.4119338393211365
1631021993637,0.4299987256526947,0.4914873838424682,0.0909249857068061,0.4119338393211365
1631021993715,0.4023060798645019,0.6104421615600586,0.110907457768917,0.4119338393211365
1631021993824,0.3744561076164245,0.7374534010887146,0.1382420510053634,0.4119338393211365
1631021993985,0.3548001945018768,0.8505579829216003,0.1717572510242462,0.4155672788619995
1631021994079,0.3486334681510925,0.9276829957962036,0.2108564674854278,0.4164857864379883
1631021994157,0.3494057953357696,0.9532864689826964,0.2557701468467712,0.4203877449035644
1631021994251,0.3509208559989929,0.980681836605072,0.3074741065502167,0.4312727451324463
1631021994374,0.3585109114646911,1.010668158531189,0.3665572702884674,0.4477016031742096
1631021994420,0.3751631081104278,1.04414165019989,0.4340744018554687,0.465835303068161
1631021994637,0.3751631081104278,1.0818758010864258,0.5132036805152893,0.490688681602478
1631021994670,0.3751631081104278,1.080439805984497,0.5132036805152893,0.5267205238342285
1631021994747,0.3751631081104278,1.0754444599151611,0.5132036805152893,0.5573879480361938
1631021994842,0.3751631081104278,1.0619359016418457,0.5132036805152893,0.5497665405273438
1631021994985,0.3751631081104278,1.0358028411865234,0.5132036805152893,0.4511763453483581
1631021995031,0.3385017216205597,0.997519850730896,-0.2370253652334213,0.4295976459980011
1631021995172,0.3479457497596741,0.9474307894706726,-0.2770857512950897,0.4269660115242004
1631021995250,0.3789809644222259,0.8677260279655457,-0.3225134313106537,0.467016339302063
1631021995363,0.4291388392448425,0.7197981476783752,-0.3666351437568664,0.5336780548095703
1631021995437,0.4851543605327606,0.438685804605484,-0.3923355638980865,0.593574583530426
1631021995547,0.5306497812271118,-0.2122615277767181,-0.3856424689292907,0.6237528324127197
1631021995687,0.5683292746543884,-0.1980949640274047,-0.351157546043396,0.6299842596054077
1631021995766,0.6093687415122986,-0.1521451324224472,-0.3079825043678283,0.6299612522125244
1631021995890,0.6556373238563538,-0.0940364226698875,-0.2750528454780578,0.6360906958580017
1631021995971,0.6556373238563538,-0.0524416491389274,-0.2615478038787842,0.6360906958580017
1631021996159,0.6556373238563538,-0.0326885618269443,-0.2658168077468872,0.6360906958580017
1631021996206,0.6556373238563538,-0.0076821781694889,-0.277309387922287,0.6462220549583435
1631021996284,0.6748322248458862,0.0461047254502773,-0.2952460348606109,0.6596182584762573
1631021996409,0.6980071663856506,0.1156916245818138,-0.3042609095573425,0.6758466362953186
1631021996487,0.7245648503303528,0.172915831208229,-0.303843080997467,0.6983367800712585
1631021996581,0.7556979656219482,0.2066405117511749,-0.2952122986316681,0.7282861471176147
1631021996689,0.7899990677833557,0.223925307393074,-0.2784319519996643,0.759147047996521
1631021996783,0.8232902884483337,0.2361406683921814,-0.2487806677818298,0.7747786641120911
1631021996877,0.8512451648712158,0.2457880228757858,-0.1616324782371521,0.761934757232666
1631021997017,0.8729466795921326,0.2511292397975921,0.0378419943153858,0.71881502866745
1631021997142,0.8729466795921326,0.2551834285259247,0.2891157567501068,0.71881502866745
1631021997205,0.8729466795921326,0.2588290572166443,0.4978113174438476,0.71881502866745
1631021997283,0.8729466795921326,0.2572567462921142,0.633428692817688,0.71881502866745
1631021997380,0.8729466795921326,0.2465923279523849,0.7035893201828003,0.71881502866745
1631021997489,0.6478306651115417,0.2305901646614074,0.7296708822250366,0.3712435662746429
1631021997614,0.5719391703605652,0.2141429632902145,0.7355087399482727,0.3156520128250122
1631021997708,0.5080850720405579,0.1919270902872085,0.736640989780426,0.272525280714035
1631021997864,0.4555915892124176,0.1473768204450607,0.7372249364852905,0.2358296811580658
1631021997911,0.4110748171806335,0.0750522315502166,0.7377471327781677,0.20071542263031
1631021997989,0.3730008602142334,-0.0089655742049217,0.7378793954849243,0.1665084511041641
1631021998098,0.3406578600406647,-0.0780226737260818,0.7372828722000122,0.1346733719110489
1631021998254,0.3126420080661773,-0.1224811002612114,0.7359236478805542,0.1074952259659767
1631021998354,0.2877185940742492,-0.1565895080566406,0.7333736419677734,0.0876000896096229
1631021998470,0.264654129743576,-0.1838466078042984,0.7240779399871826,0.0762599781155586
1631021998525,0.2473401874303817,-0.1968434303998947,0.6912540197372437,0.0758845135569572
1631021998603,0.2501409947872162,-0.198893740773201,0.610363245010376,0.1011373400688171
1631021998697,0.2132511287927627,-0.2071138173341751,0.4625211954116821,0.1273239552974701
1631021998837,0.1285109966993332,-0.2288456112146377,0.2502753138542175,0.0887201651930809
1631021998931,0.0642828047275543,-0.2553281486034393,0.0273183546960353,0.0658339112997055
1631021999009,0.0413641594350338,-0.26084104180336,-0.0978540405631065,0.0626128986477851
1631021999103,0.0491318702697753,-0.2324103713035583,-0.1066096723079681,0.0699496120214462
1631021999196,0.0662234649062156,-0.1815582811832428,-0.0765687897801399,0.0801614299416542
1631021999290,0.0868783593177795,-0.1255679279565811,-0.0448125973343849,0.09561238437891
1631021999465,0.112409308552742,-0.0758998468518257,-0.0254382044076919,0.1207688674330711
1631021999543,0.1431532949209213,-0.0393617525696754,-0.0194082949310541,0.1574744135141372
1631021999637,0.1792964935302734,-0.013399975374341,-0.0179225802421569,0.2054397612810135
1631021999715,0.2243406921625137,0.0056121256202459,-0.011840003542602,0.2636615931987762
1631021999824,0.2845381498336792,0.0202004741877317,-0.0019272028002887,0.3315751552581787
1631021999933,0.2845381498336792,0.0283489152789115,0.004776650108397,0.3315751552581787
1631022000058,0.2845381498336792,0.0260881036520004,0.0031221455428749,0.3315751552581787
1631022000152,0.2845381498336792,0.0114939687773585,-0.007762789260596,0.3315751552581787
1631022000246,0.2845381498336792,-0.0117641426622867,-0.0287048127502203,0.3315751552581787
1631022000339,-0.2056891024112701,-0.0370960496366024,-0.0611847005784511,-0.0523690655827522
1631022000405,0.0865616351366043,-0.0553344376385211,-0.1021733582019805,-0.0714553892612457
1631022000514,0.391421228647232,-0.0598122142255306,-0.1428951174020767,-0.0325691848993301
1631022000671,0.6450681090354919,-0.0473641194403171,-0.1757478415966034,0.0615296140313148
1631022000787,0.8409956097602844,-0.016430914402008,-0.1829996854066848,0.1670100092887878
1631022000849,1.0013738870620728,0.0267657227814197,-0.0688055530190467,0.2593834996223449
1631022000959,1.127704620361328,0.076851949095726,0.2108077108860016,0.3428048193454742
1631022001037,1.2171355485916138,0.131039410829544,0.4966818392276764,0.4254147112369537
1631022001146,1.2656975984573364,0.1842233091592788,0.5217030644416809,0.497074693441391
1631022001255,1.279069423675537,0.2292713075876236,0.5485302805900574,0.5464853644371033
1631022001367,1.271190524101257,0.2623454332351684,0.5772929787635803,0.5758359432220459
1631022001445,1.2590696811676023,0.2818058431148529,0.6098111271858215,0.5971646904945374
1631022001570,1.2802153825759888,0.2935746610164642,0.6471396088600159,0.6377545595169067
1631022001664,1.3064745664596558,0.3036923110485077,0.6890701055526733,0.6735482215881348
1631022001758,1.3314088582992554,0.317277580499649,0.697880208492279,0.7030118107795715
1631022001883,1.3496918678283691,0.3420842289924621,0.7132871747016907,0.730414092540741
1631022001976,1.3636796474456787,0.3960496783256531,0.7692602872848511,0.7682026624679565
1631022002054,1.3848282098770142,0.4913229346275329,0.8880583047866821,0.8338464498519897
1631022002195,1.3950881958007812,0.6030956506729126,1.0310016870498655,0.922588050365448
1631022002242,1.3954615592956543,0.6931445002555847,1.1470324993133545,1.0068080425262451
1631022002336,1.3807220458984375,0.7445119023323059,1.2095844745635986,1.063873052597046
1631022002510,1.3467775583267212,0.7595509886741638,1.2209581136703491,1.0867632627487185
1631022002588,1.2950602769851685,0.7524735331535339,1.1946463584899902,1.0830986499786377
1631022002666,1.2426968812942505,0.7380215525627136,1.1946463584899902,1.0669907331466677
1631022002807,1.2156518697738647,0.7239683866500854,1.1946463584899902,1.0481904745101929
1631022002885,1.2238898277282717,0.7126774787902832,1.1396039724349976,1.031057357788086
1631022002979,1.1908268928527832,0.7054303884506226,1.091680645942688,1.015135407447815
1631022003088,1.1428173780441284,0.70192950963974,1.0495747327804563,1.0004487037658691
1631022003182,1.07260262966156,0.7016629576683044,1.011666178703308,0.9884627461433412
1631022003291,0.991121470928192,0.7039625644683838,1.0092309713363647,0.9801933765411376
1631022003369,0.9152792692184448,0.7058219313621521,1.0030332803726196,0.9713606238365172
1631022003463,0.8250882029533386,0.6955966949462891,0.9771440625190736,0.9527466297149658
1631022003557,0.5485816597938538,0.6528382897377014,0.9020732641220092,0.9057576060295104
1631022003713,0.5581570863723755,0.5621324777603149,0.7427039742469788,0.8111395239830017
1631022003823,0.5600569248199463,0.4273177981376648,0.4504556059837341,0.6615155935287476
1631022003900,0.5558724999427795,0.2825453281402588,-0.1000886783003807,0.4796579480171203
1631022003979,0.5572411417961121,0.1857398748397827,-0.0281775277107954,0.3399223387241363
1631022004072,0.5703039169311523,0.1543280184268951,0.0422843806445598,0.2961936593055725
1631022004197,0.5863219499588013,0.1518807858228683,0.0904139131307601,0.3053586781024933
1631022004322,0.5979664325714111,0.1552966684103012,0.1116717904806137,0.3286590576171875
1631022004419,0.6053739190101624,0.1626645773649215,0.1288593411445617,0.35563924908638
1631022004513,0.6248339414596558,0.1761997789144516,0.1463409811258316,0.3842267394065857
1631022004622,0.6468594074249268,0.191146582365036,0.177307441830635,0.4094975590705871
1631022004731,0.6667295694351196,0.1999735385179519,0.2266709953546524,0.4376598596572876
1631022004809,0.684971809387207,0.1973976492881775,0.2851721942424774,0.4746967852115631
1631022004919,0.7026469111442566,0.1832565665245056,0.3385741412639618,0.5203037261962891
1631022005028,0.7148869633674622,0.1613690108060836,0.3798780441284179,0.5635458827018738
1631022005122,0.7171530723571777,0.1367480605840683,0.4097162783145904,0.5926594734191895
1631022005200,0.7125937342643738,0.1145773008465766,0.4307988882064819,0.6048192381858826
1631022005278,0.709881067276001,0.101153016090393,0.4426150918006897,0.6062611937522888
1631022005403,0.7125582695007324,0.1037508025765419,0.4421103298664093,0.6084218621253967
1631022005543,0.7173093557357788,0.1314669102430343,0.4272266328334808,0.6302283406257629
1631022005653,0.7212253212928772,0.1849852800369262,0.4027182757854461,0.6816442012786865
1631022005731,0.7265915274620056,0.2484335303306579,0.3806672692298889,0.7468014359474182
1631022005825,0.7323682308197021,0.3003543019294739,0.3728477656841278,0.7991639971733093
1631022005940,0.7331381440162659,0.328665941953659,0.3797458112239837,0.8253625631332397
1631022006018,0.7251997590065002,0.3329446613788605,0.3873645067214966,0.8285573124885559
1631022006127,0.7084391117095947,0.3246756196022033,0.3798899948596954,0.8198142647743225
1631022006236,0.6837905049324036,0.3198521137237549,0.3490879535675049,0.8044298887252808
1631022006330,0.6536237001419067,0.3294369876384735,0.2991022169589996,0.7827868461608887
1631022006442,0.6227690577507019,0.3510240912437439,0.242981269955635,0.7570902705192566
1631022006536,0.59743332862854,0.3724901676177978,0.1921906322240829,0.7323722243309021
1631022006661,0.5791563987731934,0.3838869333267212,0.1489852219820022,0.713725209236145
1631022006755,0.5659065842628479,0.3846790790557861,0.111013263463974,0.7042287588119507
1631022006848,0.5568416118621826,0.3805690407752991,0.0799652114510536,0.7020277380943298
1631022006942,0.5518158674240112,0.3747169971466064,0.064663678407669,0.69875568151474
1631022007051,0.5508106350898743,0.3603011667728424,0.0962130278348922,0.6805061101913452
1631022007145,0.5557205080986023,0.3264916539192199,0.2235805690288543,0.638496458530426
1631022007239,0.5724345445632935,0.27086341381073,0.2352784126996994,0.5834559798240662
1631022007366,0.6007089018821716,0.207026332616806,0.2392245978116989,0.5439473986625671
1631022007475,0.6291646361351013,0.1566850692033767,0.2316090017557144,0.5398503541946411
1631022007585,0.6444355845451355,0.1335793435573578,0.4689902663230896,0.5583004355430603
1631022007632,0.644566535949707,0.1288887411355972,0.5506959557533264,0.577632486820221
1631022007772,0.635749101638794,0.1223415657877922,0.583085834980011,0.5891283750534058
1631022007866,0.6487650871276855,0.0950100570917129,0.6049127578735352,0.591744065284729
1631022007991,0.6626811027526855,0.0382223427295684,0.6217976212501526,0.5844796299934387
1631022008069,0.6797159910202026,-0.0352679826319217,0.6339007019996643,0.5711715817451477
1631022008178,0.6761283278465271,-0.0905133113265037,0.6418361663818359,0.5586588978767395
1631022008256,0.6776649951934814,-0.1050468236207962,0.6484403610229492,0.5511584877967834
1631022008334,0.6767501831054688,-0.0981630310416221,0.6589000821113586,0.5529366731643677
1631022008431,0.6685412526130676,-0.0986238718032836,0.6749401092529297,0.5685102939605713
1631022008572,0.6534808278083801,-0.107163593173027,0.6855318546295166,0.5982624888420105
1631022008665,0.6332740187644958,-0.1010966524481773,0.6604812145233154,0.6360220909118652
1631022008775,0.6048592329025269,-0.0661051794886589,0.6537284255027771,0.6738752126693726
1631022008915,0.5667850375175476,-0.0166146233677864,0.6446179151535034,0.7081414461135864
1631022008962,0.5276934504508972,0.0288573149591684,0.6338577270507812,0.7368899583816528
1631022009087,0.5046869516372681,0.0620865672826767,0.5197436213493347,0.7574105858802795
1631022009181,0.5045674443244934,0.0831665471196174,0.44724041223526,0.7669550776481628
1631022009290,0.5203078985214233,0.0935931950807571,0.4089721739292145,0.7713858485221863
1631022009386,0.5203176140785217,0.0974002629518508,0.3807025849819183,0.7914409041404724
1631022009511,0.5327171683311462,0.1052531599998474,0.3566862940788269,0.8400135636329651
1631022009574,0.5507203936576843,0.1238971650600433,0.3353428840637207,0.901472270488739
1631022009683,0.5819241404533386,0.1483776122331619,0.3168750405311584,0.950899302959442
1631022009824,0.5999802947044373,0.1698937714099884,0.30185067653656,0.9770823121070862
1631022009902,0.6108042597770691,0.187537595629692,0.2984122335910797,0.9842668771743774
1631022009980,0.6257617473602295,0.2158267498016357,0.3398693203926086,0.9825000166893004
1631022010089,0.6477150917053223,0.2639965116977691,0.4379931092262268,0.9769951701164246
1631022010199,0.6639571189880371,0.3206726014614105,0.5513159036636353,0.964748203754425
1631022010246,0.6617106795310974,0.3635233640670776,0.6362308263778687,0.9401081204414368
1631022010405,0.6412493586540222,0.3809700906276703,0.6781033873558044,0.9019902348518372
1631022010515,0.6152133345603943,0.3762401938438415,0.6862936019897461,0.8569012880325317
1631022010577,0.6171087622642517,0.3621656000614166,0.6804213523864746,0.8168662190437317
1631022010687,0.6277450323104858,0.3491319119930267,0.6740905046463013,0.7916808724403381
1631022010780,0.6185357570648193,0.3402776420116424,0.6711896657943726,0.7779216170310974
1631022010874,0.5993363261222839,0.3336973190307617,0.6700398921966553,0.7541040182113647
1631022011030,0.5636153221130371,0.3232176303863525,0.66889888048172,0.6974860429763794
1631022011124,0.513587474822998,0.3034509122371673,0.6681010127067566,0.6021270155906677
1631022011211,0.4614748954772949,0.2750463187694549,0.6699512004852295,0.4907983839511871
1631022011299,0.4311229884624481,0.2481689453125,0.6963522434234619,0.4096823036670685
1631022011393,0.457195371389389,0.2392028570175171,0.7166881561279297,0.387614369392395
1631022011505,0.5533509850502014,0.2515009045600891,0.7109423279762268,0.4146429896354675
1631022011647,0.6792452931404114,0.2676169276237488,0.6535257697105408,0.4636114239692688
1631022011729,0.7863765954971313,0.2651026248931885,0.5220998525619507,0.512082040309906
1631022011795,0.7928792834281921,0.2387533336877823,0.3031338155269623,0.5435890555381775
1631022011915,0.8131612539291382,0.2043389081954956,0.0171034205704927,0.5565989017486572
1631022011998,0.8450503349304199,0.1855875998735427,-0.2251525670289993,0.5646538138389587
1631022012121,0.8450503349304199,0.1964289397001266,-0.3161306977272033,0.594096302986145
1631022012265,0.8450503349304199,0.2381384372711181,-0.3206812143325805,0.664440929889679
1631022012335,0.8819727897644043,0.298149973154068,-0.3129230439662933,0.7631369233131409
1631022012436,0.9268817901611328,0.3545739352703094,-0.3129230439662933,0.856243371963501
1631022012499,0.981149971485138,0.3928410112857818,-0.3129230439662933,0.920910656452179
1631022012624,1.0455242395401,0.4120077192783355,-0.3129230439662933,0.9547744393348694
1631022012733,1.120822787284851,0.4198035597801208,-0.3129230439662933,0.9677383303642272
1631022012838,1.2061742544174194,0.4224612712860107,-0.3129230439662933,0.9703998565673828
1631022012956,1.2239477634429932,0.4186941683292389,-0.3129230439662933,0.96742981672287
1631022013034,1.2059292793273926,0.401620090007782,-0.3129230439662933,0.9604211449623108
1631022013128,1.1227257251739502,0.3688913881778717,-0.3129230439662933,0.9530362486839294
1631022013237,0.9694337844848632,0.3337764143943786,-0.3129230439662933,0.9523391127586364
1631022013331,0.9394217133522034,0.3166404366493225,0.0590503551065921,0.9616426825523376
1631022013462,0.9163909554481506,0.3227911293506622,-0.0060235527344048,0.975062906742096
1631022013570,0.8992491364479065,0.3392646312713623,-0.0557223334908485,0.9845749735832214
1631022013653,0.8826427459716797,0.3494775295257568,-0.0853877291083335,0.9822982549667358
1631022013736,0.871516227722168,0.3470684885978699,-0.0265464875847101,0.9620972275733948
1631022013846,0.8878279328346252,0.3471955060958862,-0.0265464875847101,0.927424132823944
1631022013924,0.9421364068984984,0.3791751265525818,-0.0265464875847101,0.8973188400268555
1631022014064,1.0110135078430176,0.4459917843341827,-0.0265464875847101,0.891816258430481
1631022014158,1.0627890825271606,0.5162950158119202,-0.0265464875847101,0.9087397456169128
1631022014268,1.084527850151062,0.5626116991043091,-0.0265464875847101,0.9281135201454164
1631022014361,1.084527850151062,0.5810686945915222,-0.0265464875847101,0.9390837550163268
1631022014439,1.0947715044021606,0.5819807052612305,-0.0265464875847101,0.9438205361366272
1631022014517,1.0997323989868164,0.5771743655204773,-0.0671981796622276,0.9614620208740234
1631022014673,1.1069763898849487,0.5743399262428284,-0.1185270175337791,0.9687668681144714
1631022014767,1.1231964826583862,0.576467752456665,-0.0351079255342483,0.9645092487335204
1631022014861,1.148159742355347,0.5820803046226501,0.0728031769394874,0.9618440866470336
1631022014955,1.1782149076461792,0.5886853933334351,0.155979037284851,0.9661799669265748
1631022015080,1.2139885425567627,0.5940393805503845,0.2015159279108047,0.9762321710586548
1631022015142,1.259372591972351,0.5955137610435486,0.2221293449401855,0.9887706637382508
1631022015299,1.2641992568969729,0.5885900259017944,0.181625410914421,0.9962718486785888
1631022015407,1.2506483793258667,0.564082682132721,0.1543501168489456,0.9860655665397644
1631022015454,1.1980243921279907,0.5113479495048523,0.1285735368728637,0.948406994342804
1631022015579,1.095410943031311,0.4285082817077636,0.1056771650910377,0.8877022862434387
1631022015688,0.9569474458694458,0.3356284201145172,0.0912675932049751,0.8230581879615784
1631022015782,0.8291700482368469,0.2748507261276245,0.0869955718517303,0.7771968841552734
1631022015971,0.8123725652694702,0.2692347466945648,0.0895236507058143,0.7553209662437439
1631022016018,0.7894910573959351,0.2934356331825256,0.0950714945793151,0.7436413764953613
1631022016143,0.7646507024765015,0.3115260303020477,0.1033214554190635,0.718650758266449
1631022016190,0.7437414526939392,0.3093146383762359,0.1121873632073402,0.7009938359260559
1631022016299,0.732702374458313,0.2866221368312835,0.1021186113357544,0.6949819326400757
1631022016346,0.7387077212333679,0.2541627585887909,0.0810895636677742,0.6706897616386414
1631022016505,0.7586358189582825,0.224595233798027,0.0623722001910209,0.6609711050987244
1631022016630,0.7829917073249817,0.2069122791290283,0.0745831131935119,0.6652882099151611
1631022016723,0.8077507615089417,0.2110524177551269,0.1785193681716919,0.6700769066810608
1631022016801,0.8403983116149902,0.2528016865253448,0.3943479359149933,0.6788456439971924
1631022016911,0.8854218125343323,0.3288221657276153,0.414008617401123,0.6997053027153015
1631022016973,0.8887780904769897,0.4092363119125366,0.4368989169597626,0.7304325699806213
1631022017136,0.8924630880355835,0.4674871265888214,0.6695447564125061,0.7384544610977173
1631022017214,0.8974012732505798,0.495708703994751,0.7563575506210327,0.7481587529182434
1631022017322,0.9067322015762328,0.4996362328529358,0.7796466946601868,0.763529360294342
1631022017420,0.91696959733963,0.4904794991016388,0.7813087105751038,0.7879581451416016
1631022017513,0.9185546040534972,0.4771777093410492,0.7775731086730957,0.7916790246963501
1631022017607,0.9152985215187072,0.4669650197029114,0.7722723484039307,0.7925204038619995
1631022017717,0.9104197025299072,0.4621433913707733,0.7668308019638062,0.7874281406402588
1631022017810,0.9049296975135804,0.4601795673370361,0.7632326483726501,0.7717095017433167
1631022017904,0.8920249938964844,0.4567427337169647,0.7625598311424255,0.7386854290962219
1631022018044,0.864641547203064,0.4492495059967041,0.7632965445518494,0.6894656419754028
1631022018107,0.8196808695793152,0.4369572103023529,0.7608523368835449,0.6353805661201477
1631022018216,0.7542251944541931,0.4194514453411102,0.7394095063209534,0.594249427318573
1631022018341,0.6465849280357361,0.3948306143283844,0.6750028133392334,0.5557857751846313
1631022018469,0.4751065671443939,0.3727341890335083,0.6750028133392334,0.5026894807815552
1631022018531,0.4979518353939056,0.3716594874858856,0.6750028133392334,0.4251431226730346
1631022018610,0.5365884304046631,0.3965615034103393,0.4722116589546203,0.435971587896347
1631022018766,0.5665075182914734,0.4288597702980041,0.2868959903717041,0.4336108565330505
1631022018813,0.5777469277381897,0.4497530162334442,0.2070387154817581,0.423799991607666
1631022018922,0.5520812273025513,0.4559294283390045,0.2071376144886016,0.4142007231712341
1631022019063,0.5523945689201355,0.4557333290576935,0.2348654717206955,0.4186725616455078
1631022019156,0.5750358700752258,0.4543656706809997,0.2723415493965149,0.4336805939674377
1631022019297,0.6026505827903748,0.4529492259025574,0.3153468370437622,0.4534442126750946
1631022019359,0.6188791394233704,0.4521105587482452,0.2989825904369354,0.4727227687835693
1631022019437,0.621806800365448,0.4529992640018463,0.2834230959415436,0.4933401644229889
1631022019578,0.622275173664093,0.4567368626594543,0.2828122973442077,0.5168485641479492
1631022019656,0.6315494775772095,0.4622958898544311,0.3022367656230926,0.5399618148803711
1631022019797,0.6497586369514465,0.4645823538303375,0.3224435448646545,0.5608733296394348
1631022019891,0.6748009920120239,0.4540753662586212,0.2398214787244796,0.5921560525894165
1631022019969,0.7039242386817932,0.4163107275962829,0.3070212304592132,0.6454530954360962
1631022020037,0.7341032028198242,0.3407052159309387,0.3480050563812256,0.7111923694610596
1631022020177,0.7609965205192566,0.230651780962944,0.3682679831981659,0.7683134078979492
1631022020271,0.7803065776824951,0.1138374060392379,0.3744818270206451,0.8041300177574158
1631022020380,0.7898452877998352,0.0304884668439626,0.3715198934078216,0.8192805647850037
1631022020443,0.7882730960845947,-0.0098529709503054,0.3621768951416015,0.8222163319587708
1631022020552,0.774816632270813,-0.031611081212759,0.3481706082820892,0.8205381631851196
1631022020662,0.7521758675575256,-0.0485344119369983,0.3315529525279999,0.8181585073471069
1631022020787,0.7254862785339355,-0.0586672462522983,0.3136186003684997,0.8155124187469482
1631022020865,0.7009978294372559,-0.0591255500912666,0.3158399164676666,0.8112237453460693
1631022020958,0.6814519762992859,-0.0518503114581108,0.312516450881958,0.8027178049087524
1631022021146,0.665123462677002,-0.0412070527672767,0.3024349510669708,0.7894948124885559
1631022021177,0.6507828831672668,-0.0297587215900421,0.2826641201972961,0.7720081806182861
1631022021255,0.6405167579650879,-0.0166820976883173,0.2486640661954879,0.7484497427940369
1631022021399,0.6302655935287476,-0.0003057495341636,0.1975766122341156,0.709974467754364
1631022021494,0.6066229939460754,0.0155719788745045,0.133158728480339,0.6446885466575623
1631022021635,0.5553692579269409,0.0224785003811121,0.0646761581301689,0.548078715801239
1631022021728,0.4739966690540313,0.0147430952638387,-0.0003203329979442,0.4358235597610473
1631022021760,0.3874818682670593,-0.0044337841682136,-0.057485431432724,0.3475843966007232
1631022021900,0.342632919549942,-0.0239485427737236,-0.0999637246131897,0.3165737390518188
1631022022010,0.3638050854206085,-0.0309223234653472,-0.1199795678257942,0.3284239172935486
1631022022150,0.4289292395114898,-0.0199447087943553,-0.1196064054965972,0.3482142686843872
1631022022197,0.503136396408081,0.0017371809808537,-0.1097915843129158,0.3642138838768005
1631022022322,0.5716895461082458,0.0257888715714216,-0.0964001044631004,0.3837056756019592
1631022022400,0.6325311064720154,0.044416107237339,-0.0750773549079895,0.4182243943214416
1631022022478,0.6914336681365967,0.0528685450553894,-0.0453954376280307,0.4735787212848663
1631022022588,0.74812251329422,0.0507898963987827,-0.0077364426106214,0.5446873307228088
1631022022713,0.7935325503349304,0.0409031473100185,0.039959467947483,0.6178812384605408
1631022022775,0.8203875422477722,0.0268924422562122,0.094691552221775,0.6790869235992432
1631022022869,0.829531729221344,0.0085722897201776,0.1442869156599044,0.7212222218513489
1631022022963,0.8281374573707581,-0.0163370855152606,0.1787666380405426,0.7505925893783569
1631022023119,0.8277871012687683,-0.0453483723104,0.1989705860614776,0.7816727757453918
1631022023197,0.8353487849235535,-0.0702205896377563,0.211571991443634,0.8209052085876465
1631022023322,0.8509848117828369,-0.0857034400105476,0.21903657913208,0.8622297644615173
1631022023388,0.8716638684272766,-0.0907902643084526,0.220012366771698,0.8965125679969788
1631022023497,0.8952482342720032,-0.0814689323306083,0.2217815518379211,0.9204895496368408
1631022023575,0.9191796779632568,-0.0531563609838485,0.258747786283493,0.9371311068534852
1631022023669,0.9421679377555848,0.0139846671372652,0.3814040124416351,0.9520459771156312
1631022023841,0.9651804566383362,0.1249500662088394,0.5677096843719482,0.9702322483062744
1631022023934,0.9891815185546876,0.2502825260162353,0.5879263877868652,0.9909142851829528
1631022024012,1.0079329013824463,0.3515095114707947,0.7569829821586609,1.0066478252410889
1631022024090,1.0140175819396973,0.4115711152553558,0.8383405208587646,1.0092155933380127
1631022024200,1.0064697265625,0.4340178966522217,0.8640550971031189,0.9973238706588744
1631022024309,0.992926061153412,0.4352625012397766,0.8626582026481628,0.9789180755615234
1631022024454,0.9821747541427612,0.4307994842529297,0.8543903231620789,0.9642464518547058
1631022024532,0.9765487909317015,0.4282286465167999,0.8465484380722046,0.9542385935783386
1631022024610,0.9714288115501404,0.4297761023044586,0.8410070538520813,0.9394020438194276
1631022024704,0.963115394115448,0.4362685680389404,0.837212085723877,0.9122307300567628
1631022024798,0.9496371746063232,0.4468361139297485,0.83510422706604,0.8752055764198303
1631022024954,0.9297694563865662,0.4580071866512298,0.8342022895812988,0.8396053314208984
1631022025032,0.9013708233833312,0.4644125998020172,0.8311561942100525,0.8162275552749634
1631022025142,0.8628696799278259,0.4625644087791443,0.816116213798523,0.8042869567871094
1631022025267,0.8142611384391785,0.4445613324642181,0.7656316161155701,0.7909780144691467
1631022025345,0.7534351944923401,0.3983272016048431,0.6403894424438477,0.7616199254989624
1631022025470,0.6779731512069702,0.3158239126205444,0.6118966937065125,0.7114608883857727
1631022025517,0.5933805704116821,0.208006352186203,0.3631043434143066,0.6495369076728821
1631022025657,0.516423761844635,0.1110846921801567,0.0552488006651401,0.5932024717330933
1631022025751,0.4698169827461242,0.0645556524395942,-0.1920102834701538,0.5557757019996643
1631022025876,0.4578315913677215,0.0657742321491241,-0.2759447693824768,0.5370791554450989
1631022025938,0.4687678813934326,0.0913997590541839,-0.2893875241279602,0.5314179062843323
1631022026049,0.4939657151699066,0.1284927427768707,-0.2941745519638061,0.5360007882118225
1631022026127,0.5300487875938416,0.1660951226949691,-0.3093559443950653,0.5537382364273071
1631022026268,0.5716462135314941,0.1908447742462158,-0.3316585123538971,0.5848313570022583
1631022026330,0.6164016127586365,0.1963173598051071,-0.3536401987075805,0.6239601969718933
1631022026427,0.6599124670028687,0.1860464662313461,-0.3651743233203888,0.6586435437202454
1631022026552,0.6952242255210876,0.1701811105012893,-0.3584555387496948,0.6788283586502075
1631022026614,0.716822624206543,0.1599914133548736,-0.3370254933834076,0.6869587898254395
1631022026755,0.7265583276748657,0.1671774089336395,-0.3087509274482727,0.6945386528968811
1631022026864,0.7290689945220947,0.1917015016078949,-0.2786883413791656,0.707693874835968
1631022026958,0.7269790768623352,0.2201090604066848,-0.2532537877559662,0.7218177318572998
1631022027083,0.7192918062210083,0.236659288406372,-0.2418075054883957,0.7298128604888916
1631022027177,0.7075803875923157,0.2371270507574081,-0.2453975677490234,0.7303705215454102
1631022027255,0.6961252689361572,0.2309135198593139,-0.2139219492673874,0.7269697189331055
1631022027317,0.6890649795532227,0.2303185611963272,-0.0518876202404499,0.7245660424232483
1631022027474,0.687737762928009,0.2397598773241043,0.2013735771179199,0.7279336452484131
1631022027583,0.6933814287185669,0.2539824843406677,0.4239586591720581,0.7364262342453003
1631022027677,0.702460527420044,0.2658125460147857,0.5738582015037537,0.7438808679580688
1631022027739,0.7043974995613098,0.2742641270160675,0.6565948128700256,0.7407150268554688
1631022027864,0.6863742470741272,0.2840343415737152,0.6936751008033752,0.7214339375495911
1631022027942,0.6454086899757385,0.2985612154006958,0.7088484168052673,0.6896783709526062
1631022028083,0.5942400097846985,0.314374715089798,0.7174636125564575,0.6543719172477722
1631022028163,0.5545327067375183,0.3224591612815857,0.7232927083969116,0.6186251044273376
1631022028288,0.5370635390281677,0.315840482711792,0.726621687412262,0.5842053890228271
1631022028366,0.5382133722305298,0.2968815863132477,0.7281681299209595,0.5613980293273926
1631022028460,0.5485771894454956,0.2769054472446441,0.7296921014785767,0.5654932260513306
1631022028538,0.5653355121612549,0.2669889628887176,0.732556164264679,0.5978882908821106
1631022028679,0.5889884829521179,0.2675853371620178,0.7362443208694458,0.644572377204895
1631022028772,0.6161996126174927,0.2686134278774261,0.7355536222457886,0.6901300549507141
1631022028866,0.6386711001396179,0.2596468329429626,0.7178757786750793,0.7223978638648987
1631022028991,0.6497657895088196,0.2368849813938141,0.6729253530502319,0.7337427139282227
1631022029054,0.6507953405380249,0.2085393965244293,0.6189581751823425,0.7292895913124084
1631022029148,0.6648595333099365,0.1946666240692138,0.609805703163147,0.731512188911438
1631022029288,0.7127880454063416,0.2087503671646118,0.6668429374694824,0.7619261145591736
1631022029417,0.7855616807937622,0.2406455129384994,0.7417634725570679,0.8130770325660706
1631022029510,0.8022987842559814,0.2707669734954834,0.7900055050849915,0.8598659634590149
1631022029588,0.8259773850440979,0.2891693413257599,0.8061939477920532,0.887292206287384
1631022029713,0.8497613668441772,0.2994132936000824,0.8065797090530396,0.8978738188743591
1631022029807,0.871579647064209,0.3092532455921173,0.8053389191627502,0.8988633751869202
1631022029901,0.8812574744224548,0.3268455862998962,0.8057757019996643,0.8941327333450317
1631022029994,0.9024403691291808,0.3651153445243835,0.8069227337837219,0.8861765265464783
1631022030119,0.927023708820343,0.4259096682071686,0.8083943724632263,0.8766515851020813
1631022030197,0.9418159127235411,0.4919461011886596,0.8114926218986511,0.8646209836006165
1631022030338,0.9418460130691528,0.5434761643409729,0.8168284296989441,0.8484551310539246
1631022030401,0.9313239455223083,0.5722458362579346,0.8219642043113708,0.8306325674057007
1631022030526,0.9158060550689696,0.5819363594055176,0.8184316158294678,0.8161680102348328
1631022030619,0.8945099115371704,0.5791957378387451,0.7903313636779785,0.805438220500946
1631022030713,0.8511338829994202,0.5659002661705017,0.7173711657524109,0.7855878472328186
1631022030775,0.766538679599762,0.5427197813987732,0.587656557559967,0.7421066761016846
1631022030900,0.6253448724746704,0.5139982104301453,0.4119421541690826,0.6710337996482849
1631022030979,0.6035674810409546,0.4872667193412781,0.2546551823616028,0.5893141627311707
1631022031119,0.6039968132972717,0.468995600938797,0.2402371764183044,0.5341504216194153
1631022031197,0.6417390704154968,0.4634788632392883,0.3885334730148315,0.5411424040794373
1631022031291,0.6996831893920898,0.467515617609024,0.5720540881156921,0.5975587964057922
1631022031402,0.7459951043128967,0.4705548584461212,0.5941109657287598,0.6582881808280945
1631022031496,0.7289609313011169,0.4536127746105194,0.6165565252304077,0.6925024390220642
1631022031636,0.7004504203796387,0.4036268889904022,0.6391083002090454,0.6968443989753723
1631022031745,0.6776942014694214,0.3241367638111114,0.6524040699005127,0.6907421946525574
1631022031855,0.6764897704124451,0.2394826859235763,0.6421657204627991,0.6977939605712891
1631022031917,0.7234832644462585,0.1812777668237686,0.625697672367096,0.7221068739891052
1631022032026,0.7837790846824646,0.1602883338928222,0.6119049191474915,0.750299870967865
1631022032105,0.8301150798797607,0.1614524275064468,0.6061055064201355,0.7700175642967224
1631022032261,0.8548005223274231,0.1716411709785461,0.611571729183197,0.7820503115653992
1631022032339,0.8663842082023621,0.1845590770244598,0.6296352744102478,0.7961589694023132
1631022032453,0.8790937066078186,0.1958386301994323,0.6677098274230957,0.8200417160987854
1631022032531,0.9029557108879088,0.2070257365703582,0.7349775433540344,0.8531875014305115
1631022032640,0.932666540145874,0.2223941683769226,0.8127118945121765,0.8868144154548645
1631022032750,0.9469969272613524,0.2362005710601806,0.8600251078605652,0.9061219096183776
1631022032859,0.9326181411743164,0.2368133217096328,0.8523623943328857,0.9041933417320251
1631022032968,0.8964514136314392,0.217453047633171,0.8733370304107666,0.8858693242073059
1631022033047,0.873356282711029,0.1841859519481659,0.8640321493148804,0.8636265397071838
1631022033171,0.8465530872344971,0.1499499380588531,0.842866837978363,0.846559464931488
1631022033234,0.8227376937866211,0.1237444803118705,0.8328205943107605,0.8311456441879272
1631022033343,0.8227376937866211,0.1044888645410537,0.857597827911377,0.8085881471633911
1631022033421,0.8146094083786011,0.092426873743534,0.8861622214317322,0.7808974981307983
1631022033562,0.7960297465324402,0.0943294093012809,0.9164931178092957,0.7685423493385315
1631022033671,0.7807058095932007,0.1312130540609359,0.9488112926483154,0.764509379863739
1631022033765,0.7819664478302002,0.2038296163082122,0.9828537702560424,0.7649142146110535
1631022033828,0.7988106608390808,0.2817021310329437,1.0171446800231934,0.7611135840415955
1631022033999,0.8184120655059814,0.336296409368515,1.0445328950881958,0.8313238024711609
1631022034078,0.8196935653686523,0.3569704294204712,1.047239899635315,0.8403868079185486
1631022034159,0.7772018909454346,0.3486790359020233,1.0025089979171753,0.8057094812393188
1631022034268,0.67460697889328,0.3254389762878418,0.8913247585296631,0.751914918422699
1631022034377,0.5132523775100708,0.3036317825317383,0.7035766243934631,0.6978543996810913
1631022034456,0.2999350428581238,0.2965759038925171,0.7035766243934631,0.6588477492332458
1631022034580,0.2373599112033844,0.3073413968086242,0.7035766243934631,0.6370985507965088
1631022034659,0.277075707912445,0.3295665681362152,0.7035766243934631,0.6293489336967468
1631022034784,0.3110942840576172,0.3558167517185211,0.7035766243934631,0.6343491673469543
1631022034893,0.3070979118347168,0.3812695145606994,-0.2932474613189697,0.6487710475921631
1631022034956,0.2835791409015655,0.4009851515293121,-0.2873555421829223,0.6592705249786377
1631022035096,0.2617523670196533,0.408421903848648,-0.2908204197883606,0.6394413709640503
1631022035158,0.2529122531414032,0.3924620449542999,-0.306206077337265,0.6259574890136719
1631022035268,0.2556884288787842,0.347786009311676,-0.3284467160701751,0.616637647151947
1631022035393,0.2592141926288605,0.2854639589786529,-0.3518544137477875,0.6144157648086548
1631022035502,0.2621197998523712,0.2317170798778534,-0.3739292025566101,0.4885716438293457
1631022035596,0.2783550322055816,0.2075810581445694,-0.393363356590271,0.4254135191440582
1631022035658,0.326788991689682,0.2084788531064987,-0.4063856899738312,0.4437656700611114
1631022035783,0.4069471061229706,0.2158093005418777,-0.406482458114624,0.5079137682914734
1631022035877,0.4975108206272125,0.2194221466779709,-0.3914589881896972,0.5860755443572998
1631022036018,0.593498706817627,0.2157768458127975,-0.3639629185199737,0.6568605303764343
1631022036111,0.6673361659049988,0.2047439068555832,-0.323587954044342,0.7141540050506592
1631022036189,0.7228820323944092,0.1913519948720932,-0.1751027256250381,0.7666025757789612
1631022036283,0.7866933941841125,0.1861380487680435,-0.1644326895475387,0.8361676931381226
1631022036397,0.882761538028717,0.2076622396707534,-0.1561175435781479,0.937265396118164
1631022036459,0.9925954341888428,0.2620445191860199,-0.1481935679912567,1.050831913948059
1631022036662,1.018825888633728,0.3298078179359436,-0.136170819401741,1.0734598636627195
1631022036709,1.0464340448379517,0.3859164416790008,-0.1162139922380447,1.0987083911895752
1631022036818,1.0754742622375488,0.4178543388843536,-0.0876338630914688,1.1254926919937134
1631022036896,1.1072947978973389,0.428436815738678,-0.0513605996966362,1.152800440788269
1631022037021,1.1426302194595337,0.4307588040828705,-0.0072980229742825,1.1812807321548462
1631022037150,1.1799745559692385,0.4341945052146911,0.0455912388861179,1.2121871709823608
1631022037228,1.2155147790908811,0.4391840398311615,0.1228537261486053,1.209608793258667
1631022037306,1.2038477659225464,0.4412392079830169,0.1847966760396957,1.1962690353393557
1631022037416,1.1760762929916382,0.4395523965358734,0.2372147142887115,1.172978758811951
1631022037525,1.1356834173202517,0.4396995007991791,0.2801497280597687,1.1458494663238523
1631022037603,1.090123176574707,0.4475264251232147,0.302772045135498,1.1205453872680664
1631022037728,1.0413177013397217,0.4609220921993255,0.2415647059679031,1.0918493270874023
1631022037853,0.9676584601402284,0.4702838957309723,0.2362232655286789,1.0355727672576904
1631022037916,0.8078811764717102,0.4609250724315643,0.2306730598211288,0.9038192629814148
1631022038025,0.408342570066452,0.4245751202106476,0.2356786131858825,0.5992848873138428
1631022038103,0.4813686609268188,0.3748584389686584,0.2881380617618561,0.6372759938240051
1631022038228,0.5930660367012024,0.3581607043743133,0.2881380617618561,0.6916965246200562
1631022038306,0.7207062840461731,0.4138678610324859,0.2881380617618561,0.7571359276771545
1631022038431,0.8295736908912659,0.5087199807167053,0.2881380617618561,0.8163835406303406
1631022038540,0.900260329246521,0.5868217349052429,0.2881380617618561,0.8545764684677124
1631022038650,0.9318872690200806,0.6267152428627014,0.2881380617618561,0.8682650327682495
1631022038728,0.9329845905303956,0.6365083456039429,0.2975542247295379,0.8733550310134888
1631022038806,0.9315204620361328,0.6345121264457703,0.3076248168945312,0.8803053498268127
1631022038915,0.9301981925964355,0.6327229142189026,0.3157129287719726,0.8935409784317017
1631022039040,0.9320660829544068,0.6302036046981812,0.3222465217113495,0.9058004021644592
1631022039134,0.93690025806427,0.6219159960746765,0.3310531079769134,0.9110434651374816
1631022039228,0.9423657655715942,0.6062133312225342,0.3030474781990051,0.9090099334716796
1631022039337,0.9455533027648926,0.5871106386184692,0.2957933843135834,0.902751326560974
1631022039418,0.9448901414871216,0.5720047354698181,0.3111618161201477,0.8937721252441406
1631022039527,0.9397805333137512,0.5653010010719299,0.3256572186946869,0.8815003633499146
1631022039683,0.9260587096214294,0.5616409778594971,0.2450402081012725,0.862176239490509
1631022039746,0.8972231149673462,0.5435341596603394,0.244426280260086,0.8294166326522827
1631022039870,0.842800498008728,0.4903850853443146,0.2297899276018142,0.7761477828025818
1631022039933,0.7617329955101013,0.3936623334884643,0.2107712030410766,0.7047519087791443
1631022040058,0.669767439365387,0.2682625949382782,0.189472422003746,0.6296864151954651
1631022040185,0.5953132510185242,0.1613525003194809,0.1656597405672073,0.5684665441513062
1631022040248,0.5604395866394043,0.1168475523591041,0.139389306306839,0.5235859155654907
1631022040357,0.5553105473518372,0.122077539563179,0.1132566556334495,0.4809207320213318
1631022040498,0.5558154582977295,0.1382686793804168,0.0954876691102981,0.4392970502376556
1631022040560,0.55925053358078,0.1511779725551605,0.0960231274366378,0.4259977340698242
1631022040654,0.5762612819671631,0.1628311276435852,0.1175963133573532,0.4613831341266632
1631022040748,0.6256090402603149,0.1783705651760101,0.1591302752494812,0.5351557731628418
1631022040888,0.7054024934768677,0.1958654224872589,0.2000017762184143,0.6185993552207947
1631022040982,0.7902089357376099,0.2134230583906173,0.2454438656568527,0.6917732357978821
1631022041092,0.8600507378578186,0.2381144911050796,0.3350154459476471,0.7473654747009277
1631022041172,0.918959379196167,0.2822155654430389,0.492812305688858,0.7920641899108887
1631022041281,0.9751386046409608,0.3368066251277923,0.6622260808944702,0.8323813676834106
1631022041344,1.0252346992492676,0.3795256614685058,0.6836081147193909,0.8667880296707153
1631022041484,1.0577635765075684,0.3976273238658905,0.708562433719635,0.8892843723297119
1631022041578,1.0689647197723389,0.3953936100006103,0.7372374534606934,0.8993993401527405
1631022041672,1.0670359134674072,0.3845650553703308,0.7702170610427856,0.9045605659484864
1631022041765,1.0639638900756836,0.3730771243572235,0.7823341488838196,0.9123400449752808
1631022041859,1.0625842809677124,0.3603643774986267,0.796598494052887,0.92045658826828
1631022041937,1.0620771646499634,0.3478817939758301,0.8092114329338074,0.9236401319503784
1631022042093,1.060027241706848,0.3391702473163605,0.8161919116973877,0.9177111387252808
1631022042203,1.0521905422210691,0.3339032232761383,0.8159043788909912,0.9002752900123596
1631022042297,1.03199303150177,0.3271215260028839,0.8079841136932373,0.8695753216743469
1631022042390,0.9946444630622864,0.316464751958847,0.7932275533676147,0.8259539604187012
1631022042484,0.9429131150245668,0.3008932173252105,0.7680035829544067,0.7732589840888977
1631022042578,0.8855023980140686,0.2734784483909607,0.7112396359443665,0.7187127470970154
1631022042719,0.82084721326828,0.2154575735330581,0.56638103723526,0.6656559705734253
1631022042796,0.7344332933425903,0.114985890686512,0.1848376542329788,0.6123109459877014
1631022042890,0.6273868680000305,-0.0151184573769569,0.1621531695127487,0.5613771677017212
1631022042984,0.5046867728233337,-0.1125698536634445,0.1621531695127487,0.5285059213638306
1631022043093,0.4169630706310272,-0.082743801176548,0.1621531695127487,0.5363115072250366
1631022043172,0.3870061039924621,0.0764536038041114,0.1621531695127487,0.5918624997138977
1631022043328,0.3753970265388489,0.2553165853023529,0.1369807869195938,0.6694573760032654
1631022043424,0.3616808354854584,0.3891831934452057,0.0948723256587982,0.7386342287063599
1631022043518,0.3453987538814544,0.4637378752231598,0.0365705788135528,0.7818560600280762
1631022043596,0.3305802345275879,0.4909686148166656,-0.0353531874716281,0.7974644899368286
1631022043721,0.3199144601821899,0.4933632314205169,-0.1272744834423065,0.7956616282463074
1631022043784,0.3182500302791595,0.4904829561710357,-0.2399021834135055,0.7890318036079407
1631022043909,0.3058713674545288,0.4895992577075958,-0.3465173244476318,0.7837141752243042
1631022044018,0.3013345897197723,0.4907840192317962,-0.40310138463974,0.7806352972984314
1631022044112,0.2758088409900665,0.4925013780593872,-0.3111960589885711,0.7767127156257629
1631022044237,0.1834907531738281,0.4971433579921722,-0.1765935271978378,0.7686841487884521
1631022044299,-0.0007552133756689,0.5075674057006836,-0.0624325424432754,0.7574494481086731
1631022044377,-0.0502803437411785,0.521974503993988,-0.0215057618916034,0.7450773119926453
1631022044518,-0.0770293399691581,0.5320011973381042,-0.0470177195966243,0.7310025095939636
1631022044627,-0.067164123058319,0.5227489471435547,-0.0732841715216636,0.7061450481414795
1631022044737,-0.0305207706987857,0.4753692746162414,-0.0838112756609916,0.6517568230628967
1631022044815,0.0099515216425061,0.3788217902183532,-0.0833277478814125,0.5539113283157349
1631022044893,0.0335135906934738,0.2404624074697494,-0.0838688239455223,0.416770875453949
1631022045002,0.0354038178920745,0.1008272841572761,-0.0895759537816047,0.2693745791912079
1631022045143,0.0262469295412302,0.0161228831857442,-0.0971198007464408,0.1615747809410095
1631022045252,0.0274117197841405,-0.0098102800548076,-0.1025212928652763,0.1100265085697174
1631022045346,0.0564411096274852,-0.0168489087373018,-0.1057450100779533,0.0865118205547332
1631022045439,0.1086098179221153,-0.0236409194767475,-0.1080550700426101,0.0736405998468399
1631022045518,0.1756821125745773,-0.0326908975839614,-0.1113611385226249,0.0665786191821098
1631022045611,0.2453988790512085,-0.0432608313858509,-0.1159589886665344,0.0659167617559433
1631022045767,0.32294562458992,-0.0642213448882103,-0.133817583322525,0.0676641389727592
1631022045830,0.4021778404712677,-0.1080253794789314,-0.1535979956388473,0.0695045962929725
1631022045924,0.4672965407371521,-0.1767383813858032,-0.1547687202692031,0.0768890902400016
1631022046049,0.5096491575241089,-0.2537419199943542,-0.126983642578125,0.0985795781016349
1631022046139,0.5370311141014099,-0.3012736439704895,-0.0808721482753753,0.1594218313694
1631022046224,0.5679330229759216,-0.3004784286022186,-0.0351354889571666,0.2921489179134369
1631022046364,0.6149141788482666,-0.2692426145076751,0.0051912097260355,0.4800867438316345
1631022046458,0.6727001070976257,-0.2245955616235733,0.0501744076609611,0.66871577501297
1631022046552,0.7326391935348511,-0.154379665851593,0.1467230021953582,0.8254215717315674
1631022046708,0.7924590110778809,-0.0002574129030108,0.1628477424383163,0.9431260824203492
1631022046771,0.8536322116851807,0.226936861872673,0.1802642792463302,1.0243442058563232
1631022046849,0.9139336943626404,0.4404720067977905,0.1989883631467819,1.0748414993286133
1631022046989,0.9312328100204468,0.5924935936927795,0.2198415696620941,1.1029833555221558
1631022047099,0.9467222094535828,0.6793546676635742,0.2444691956043243,1.1182270050048828
1631022047177,0.9618696570396424,0.7173237800598145,0.2745487093925476,1.128170132637024
1631022047255,0.9756134748458862,0.7287686467170715,0.3113312721252441,1.1355347633361816
1631022047364,0.9879193305969238,0.7311897873878479,0.3525927662849426,1.140533208847046
1631022047430,1.0037391185760498,0.7321597337722778,0.3636334240436554,1.1425405740737915
1631022047571,1.0364084243774414,0.7338342666625977,0.3585418164730072,1.1415338516235352
1631022047665,1.0703586339950562,0.7349627017974854,0.3389059007167816,1.1357920169830322
1631022047758,1.0856395959854126,0.734075665473938,0.3146591782569885,1.1200783252716064
1631022047852,1.0759856700897217,0.7311973571777344,0.2906308174133301,1.0864057540893557
1631022047946,1.0519241094589231,0.7273200750350952,0.251832365989685,1.028473973274231
1631022048071,1.029186129570007,0.7216241359710693,0.0851582214236259,0.9431443810462952
1631022048180,1.0210862159729004,0.7040939331054688,0.0515125766396522,0.8320690393447876
1631022048305,1.0313981771469116,0.6584900617599487,0.0119637595489621,0.7074556946754456
1631022048402,1.04890775680542,0.575190544128418,-0.0235565863549709,0.5952050685882568
1631022048496,1.088914155960083,0.4676969051361084,-0.0503757894039154,0.5193378925323486
1631022048558,1.109793782234192,0.3830656111240387,-0.0677907168865203,0.4794090390205383
1631022048652,1.1191831827163696,0.3646552860736847,-0.0777322128415107,0.4571552872657776
1631022048855,1.122437596321106,0.3924548625946045,-0.0836877971887588,0.4429611265659332
1631022048902,1.118868708610535,0.4220273196697235,-0.0898142307996749,0.4366520941257477
1631022048996,1.1092264652252195,0.4377372562885284,-0.1186591461300849,0.4476871192455292
1631022049074,1.099715232849121,0.4457381665706634,-0.1486633121967315,0.4818926155567169
1631022049168,1.0914548635482788,0.4562766551971435,-0.1803261339664459,0.5318188071250916
1631022049277,1.0897245407104492,0.4719507396221161,-0.2220624834299087,0.5844576358795166
1631022049433,1.0931512117385864,0.487781822681427,-0.2811516225337982,0.6347527503967285
1631022049527,1.0967159271240234,0.4982674121856689,-0.3501295745372772,0.6822702288627625
1631022049589,1.09476900100708,0.5013474225997925,-0.4045370221138,0.7253772020339966
1631022049683,1.08053457736969,0.4943218231201172,-0.424001395702362,0.7603235840797424
1631022049792,1.0486946105957031,0.4724861979484558,-0.3894779682159424,0.7882755398750305
1631022049855,1.0052295923233032,0.4405201375484466,-0.2359683364629745,0.8184553980827332
1631022050042,0.9698153138160706,0.4212186336517334,-0.2224251925945282,0.8349681496620178
1631022050105,0.9366865754127502,0.4337318837642669,-0.2153063267469406,0.8529420495033264
1631022050214,0.906230330467224,0.4657590985298157,-0.2149906903505325,0.8726345896720886
1631022050355,0.8765562176704407,0.4904378056526184,-0.2193614542484283,0.894646406173706
1631022050405,0.8538777828216553,0.4972665309906006,-0.2228295654058456,0.918676733970642
1631022050467,0.8435737490653992,0.4921431243419647,-0.2174831628799438,0.941100001335144
1631022050639,0.8368618488311768,0.4821085035800934,-0.2014514505863189,0.957131028175354
1631022050717,0.8233633041381836,0.4686093628406524,-0.1775862276554107,0.9204540848731996
1631022050811,0.8068363666534424,0.4531104266643524,-0.144525945186615,0.8706367611885071
1631022050905,0.7795146107673645,0.4457300007343292,0.0690830424427986,0.8041048049926758
1631022051014,0.7977695465087891,0.4565555453300476,0.1387991905212402,0.7193309664726257
1631022051092,0.8672850131988525,0.4815413653850555,0.2270661890506744,0.6260362863540649
1631022051295,0.951345443725586,0.5069149136543274,0.2270661890506744,0.5415166020393372
1631022051378,1.0079184770584106,0.5226816534996033,0.2270661890506744,0.4634099900722503
1631022051408,1.0178931951522827,0.5228884220123291,0.2270661890506744,0.344864934682846
1631022051518,1.0200928449630735,0.4982484877109527,0.2270661890506744,0.3866377174854278
1631022051611,1.0200928449630735,0.4412557482719421,0.2270661890506744,0.422374427318573
1631022051736,1.0200928449630735,0.3578340411186218,0.2270661890506744,0.4442439973354339
1631022051830,1.0200928449630735,0.2743915617465973,0.2270661890506744,0.4494614005088806
1631022051924,1.0200928449630735,0.2228202521800995,0.2270661890506744,0.4431264102458954
1631022052017,0.968563973903656,0.2069974541664123,0.0704793259501457,0.4322472214698791
1631022052127,0.9300532341003418,0.2056286036968231,0.0019286460010334,0.4223394095897674
1631022052205,0.9012485146522522,0.2061937004327774,-0.0492767132818698,0.4238493144512176
1631022052345,0.8810456395149231,0.2091324627399444,-0.0676271766424179,0.4378706216812134
1631022052457,0.8880943059921265,0.2090476304292678,-0.2223367094993591,0.4747426807880401
1631022052567,0.8819223046302795,0.1948639452457428,-0.1342485398054123,0.5264142155647278
1631022052645,0.8421725034713745,0.1624964922666549,-0.0765665397047996,0.5719197988510132
1631022052723,0.7637674808502197,0.1212993115186691,-0.0596666187047958,0.5983370542526245
1631022052832,0.6737076044082642,0.0878195241093635,-0.0734727010130882,0.6083865761756897
1631022052910,0.6199513673782349,0.0708305388689041,-0.0990422070026397,0.6121050119400024
1631022053051,0.613111138343811,0.0637883096933364,-0.123775728046894,0.6150093674659729
1631022053145,0.6196562051773071,0.0538365878164768,-0.1451943963766098,0.6167494654655457
1631022053254,0.6304866075515747,0.0349636115133762,-0.1651912033557891,0.6193838119506836
1631022053363,0.6373940110206604,0.01112752687186,-0.1859976053237915,0.6261759996414185
1631022053444,0.6378157734870911,-0.0090568512678146,-0.1854600459337234,0.6343265175819397
1631022053538,0.6523699760437012,-0.0062567433342337,-0.0705209448933601,0.6442023515701294
1631022053678,0.6634157299995422,0.061053279787302,0.2161961197853088,0.6624709963798523
1631022053772,0.6712861657142639,0.1950847953557968,0.2402380555868148,0.6969550848007202
1631022053850,0.6741880774497986,0.3359071612358093,0.2609582245349884,0.737494707107544
1631022053975,0.6647404432296753,0.4351706504821777,0.2732836306095123,0.7624650001525879
1631022054053,0.6400668621063232,0.4830357432365417,0.2774460017681122,0.7604029178619385
1631022054163,0.6122076511383057,0.4935736358165741,0.2825003564357757,0.7376496195793152
1631022054303,0.6061334609985352,0.4906648397445678,0.3008753955364227,0.7113345265388489
1631022054399,0.6326302886009216,0.4906610548496246,0.3380071520805359,0.6940341591835022
1631022054478,0.6714805960655212,0.4950010478496551,0.3893416225910187,0.6831883788108826
1631022054587,0.6992932558059692,0.499127984046936,0.3898319900035858,0.6707433462142944
1631022054680,0.684387743473053,0.4998697936534881,0.3904681801795959,0.6525822877883911
1631022054758,0.6301882863044739,0.4973452389240265,0.3911389708518982,0.629032552242279
1631022054915,0.5812234282493591,0.4940352439880371,0.3918441534042358,0.6026497483253479
1631022054993,0.5542107820510864,0.491474986076355,0.3836401700973511,0.5780715346336365
1631022055071,0.5293876528739929,0.4850671291351318,0.2976160943508148,0.5538826584815979
1631022055196,0.4853635132312774,0.4576627314090729,-0.5336562991142273,0.5191399455070496
1631022055274,0.4421533048152923,0.3861545920372009,-0.5241010189056396,0.4560252428054809
1631022055385,0.4145738780498504,0.2551804184913635,-0.5282068848609924,0.3576371967792511
1631022055495,0.4042747318744659,0.0733582600951194,-0.5326585173606873,0.241520807147026
1631022055588,0.4106378257274627,-0.1018265560269355,-0.4836457371711731,0.1533897966146469
1631022055682,0.4520472884178161,-0.1724622100591659,-0.2779929637908935,0.1384887844324112
1631022055760,0.5531507730484009,-0.1220105066895484,0.057560808956623,0.1993972212076187
1631022055885,0.5531507730484009,-0.0211818665266037,0.3496829867362976,0.294556051492691
1631022056057,0.5531507730484009,0.0757723748683929,0.5428725481033325,0.3891044557094574
1631022056104,0.5531507730484009,0.1424085348844528,0.6727858781814575,0.4624561667442322
1631022056198,0.5464547872543335,0.1753441840410232,0.7010818123817444,0.5094127058982849
1631022056323,0.5495970249176025,0.1851178705692291,0.7316630482673645,0.5348182916641235
1631022056401,0.5514422655105591,0.1847472339868545,0.7649060487747192,0.5464737415313721
1631022056463,0.5526197552680969,0.1816638112068176,0.8009870648384094,0.5516308546066284
1631022056588,0.521761417388916,0.1787363886833191,0.840146005153656,0.5549641251564026
1631022056729,0.5114105939865112,0.178095743060112,0.8393198847770691,0.5598248243331909
1631022056807,0.5107923150062561,0.1800201684236526,0.8395025134086609,0.5653976798057556
1631022056901,0.5068933963775635,0.1826898902654647,0.8405685424804688,0.5691268444061279
1631022057041,0.4987285733222961,0.1827026456594467,0.8415908813476562,0.5688741207122803
1631022057166,0.4846224784851074,0.1766071617603302,0.8394766449928284,0.5636339783668518
1631022057229,0.4302403628826141,0.1579367369413375,0.8237678408622742,0.5503090023994446
1631022057338,0.1844767481088638,0.1135482862591743,0.7663330435752869,0.5183244943618774
1631022057448,0.1970951706171035,0.0290661007165908,0.6262537837028503,0.4576604962348938
1631022057572,0.193553477525711,-0.0989994034171104,0.3397364616394043,0.3638176023960113
1631022057666,0.1892728507518768,-0.2471857964992523,-0.3755949139595032,0.251186192035675
1631022057744,0.1892728507518768,-0.3476443886756897,-0.3755949139595032,0.1722520738840103
1631022057807,0.1892728507518768,-0.3012641966342926,-0.3755949139595032,0.2055570483207702
1631022057963,0.1892728507518768,-0.2827511727809906,-0.3755949139595032,0.3662813901901245
1631022058041,0.1892728507518768,-0.2585770785808563,-0.3755949139595032,0.5771401524543762
1631022058150,0.2143038809299469,-0.2401552051305771,-0.3755949139595032,0.6022034883499146
1631022058291,0.2383115440607071,-0.2338373810052871,-0.3585099875926971,0.6257127523422241
1631022058353,0.2608436644077301,-0.2389165312051773,-0.350621223449707,0.6468552350997925
1631022058450,0.2824037671089172,-0.2471106052398681,-0.3502894043922424,0.6690647602081299
1631022058590,0.2952460646629333,-0.2446848452091217,-0.3475412428379059,0.69759601354599
1631022058653,0.2894211411476135,-0.2267440408468246,-0.3272113800048828,0.7350680828094482
1631022058762,0.2554658353328705,-0.1985261589288711,-0.2811644375324249,0.7794492244720459
1631022058965,0.2554658353328705,-0.1718415170907974,-0.2811644375324249,0.8290463089942932
1631022059012,0.2554658353328705,-0.1467606127262115,-0.2811644375324249,0.9513897895812988
1631022059204,0.2554658353328705,-0.1467606127262115,-0.2811644375324249,1.034146070480347
1631022059344,0.2554658353328705,-0.1467606127262115,-0.2811644375324249,1.034146070480347
1631022059407,0.2554658353328705,-0.1467606127262115,-0.2811644375324249,1.034146070480347
1631022059438,0.2554658353328705,-0.1467606127262115,-0.2811644375324249,1.034146070480347
1631022059579,0.2554658353328705,-0.1467606127262115,-0.2811644375324249,1.034146070480347
1631022059641,0.3891786634922027,0.0278741847723722,-0.049638994038105,0.6053077578544617
1631022059782,0.4080256819725036,0.0743796378374099,0.0620188936591148,0.7248457074165344
1631022059891,0.4430997371673584,0.1152514591813087,0.1647588908672332,0.7902441024780273
1631022059985,0.4879419803619385,0.1365648657083511,0.2519668936729431,0.8088645339012146
1631022060063,0.5311802625656128,0.140677735209465,0.329418808221817,0.8015551567077637
1631022060143,0.5815501809120178,0.1465303003787994,0.403453916311264,0.791091799736023
1631022060284,0.6582053303718567,0.1802313327789306,0.4706510901451111,0.7932913303375244
1631022060425,0.7620936036109924,0.2453139424324035,0.5207587480545044,0.8093125820159912
1631022060534,0.8595916628837585,0.3148181140422821,0.5477800369262695,0.8297048211097717
1631022060565,0.9234694838523864,0.3621723055839538,0.5545434355735779,0.8440576195716858
1631022060675,0.9511290192604064,0.3801003098487854,0.5522682666778564,0.8499504923820496
1631022060768,0.9577650427818298,0.381108283996582,0.5591912865638733,0.8552804589271545
1631022060862,0.9858064651489258,0.4101834595203399,0.6252934336662292,0.9022314548492432
1631022060987,1.034211039543152,0.4733515977859497,0.6507187485694885,0.9752367734909058
1631022061112,1.1000896692276,0.5593410134315491,0.6763412356376648,1.0578685998916626
1631022061192,1.1241453886032104,0.635564386844635,0.7007497549057007,1.120708703994751
1631022061286,1.1492962837219238,0.6810702085494995,0.7223858833312988,1.1272131204605105
1631022061396,1.1748409271240234,0.6964147090911865,0.7407270669937134,1.134434700012207
1631022061505,1.2006428241729736,0.6945011615753174,0.755958616733551,1.1489720344543457
1631022061599,1.1965633630752563,0.688592255115509,0.7665386199951172,1.1721885204315186
1631022061692,1.184838891029358,0.6820243000984192,0.7679703831672668,1.200161695480347
1631022061817,1.159920573234558,0.6699610352516174,0.756610631942749,1.1917808055877686
1631022061895,1.1115328073501587,0.6465534567832947,0.6680856943130493,1.1745977401733398
1631022062005,1.038303256034851,0.6124269962310791,0.5725612640380859,1.150457501411438
1631022062099,0.954442858695984,0.5762325525283813,0.4861170053482055,1.1248266696929932
1631022062210,0.8812806010246277,0.548264741897583,0.4043718874454498,1.101504921913147
1631022062320,0.8236400485038757,0.5283427238464355,0.2610171139240265,1.076791286468506
1631022062383,0.7536044120788574,0.4991567432880401,-0.5732457637786865,1.0309245586395264
1631022062554,0.607987105846405,0.431816816329956,-0.6163411736488342,0.928958773612976
1631022062632,0.2354498356580734,0.3008935153484344,-0.6496202945709229,0.7220736145973206
1631022062695,0.2920046746730804,0.092140719294548,-0.6713569164276123,0.3075787425041199
1631022062851,0.3385509550571441,-0.176743283867836,-0.6850386261940002,0.3013820946216583
1631022062913,0.368039458990097,-0.4120121300220489,-0.6686366200447083,0.2950103282928467
1631022063007,0.3979807794094085,-0.4653040170669555,-0.4986887574195862,0.3086475431919098
1631022063101,0.4615313708782196,-0.3339740037918091,-0.1524949520826339,0.3845706284046173
1631022063226,0.4651932418346405,-0.1174342408776283,0.1797134280204773,0.3845706284046173
1631022063320,0.477890282869339,0.0825608894228935,0.4118214249610901,0.3699848651885986
1631022063430,0.4976893365383148,0.2203293889760971,0.568388819694519,0.3637033700942993
1631022063555,0.5216826796531677,0.2950853407382965,0.6497786045074463,0.367577463388443
1631022063633,0.5504299402236938,0.3248144090175628,0.6812069416046143,0.3809223771095276
1631022063727,0.5869479179382324,0.332196831703186,0.688909649848938,0.4015895426273346
1631022063805,0.6305716633796692,0.3336414396762848,0.6905754208564758,0.4250486493110657
1631022063915,0.6792615652084351,0.3334229290485382,0.691129207611084,0.4491585195064544
1631022064024,0.7239395976066589,0.332168847322464,0.6919912695884705,0.4714356958866119
1631022064164,0.7561168670654297,0.3303776681423187,0.6937246322631836,0.4312621057033539
1631022064227,0.694834291934967,0.3290034532546997,0.6963698863983154,0.38234943151474
1631022064376,0.6211199760437012,0.3289665579795837,0.6996124386787415,0.3422852456569671
1631022064418,0.5501022934913635,0.329955518245697,0.7022820711135864,0.3057897686958313
1631022064527,0.4561976194381714,0.3270868360996246,0.6981342434883118,0.2239181995391845
1631022064652,0.0686688497662544,0.3061642050743103,0.6701992750167847,-0.2563004791736603
1631022064746,0.082449123263359,0.245441734790802,0.5933490991592407,-0.2284013330936432
1631022064855,0.0858086049556732,0.1307613998651504,0.4456908702850342,-0.2115494459867477
1631022064918,0.0936072319746017,-0.0223629679530859,0.2216747999191284,-0.198953166604042
1631022065043,0.1167689636349678,-0.1530784219503402,-0.0353882387280464,-0.1870937645435333
1631022065105,0.1491196751594543,-0.1997447460889816,-0.2016299664974212,-0.1696648746728897
1631022065246,0.1844159811735153,-0.1876723617315292,-0.2229223251342773,-0.1551879495382309
1631022065390,0.22925566136837,-0.1683610379695892,-0.1762648522853851,-0.1394819468259811
1631022065453,0.3043119311332702,-0.1478417962789535,-0.0465772002935409,-0.0951872915029525
1631022065515,0.3043119311332702,-0.1093651950359344,0.1866503357887268,0.0176674742251634
1631022065656,0.3043119311332702,-0.0447084233164787,0.4290850162506103,0.1905717849731445
1631022065734,0.3249720931053161,0.0284052267670631,0.4527688920497894,0.3506649136543274
1631022065875,0.3457520306110382,0.0879592821002006,0.6171025037765503,0.4576306343078613
1631022065953,0.3657397925853729,0.1237358003854751,0.643578290939331,0.5132694840431213
1631022066031,0.3848452568054199,0.1391448080539703,0.6727737784385681,0.5359458923339844
1631022066140,0.4052762389183044,0.144841730594635,0.7052945494651794,0.5468851923942566
1631022066234,0.4323471486568451,0.15387524664402,0.7416671514511108,0.5701258182525635
1631022066328,0.4690375626087188,0.1608594805002212,0.782739520072937,0.5957667827606201
1631022066471,0.5124972462654114,0.1651517450809478,0.8294768333435059,0.6238933205604553
1631022066580,0.5569310188293457,0.1674827635288238,0.8823222517967224,0.654677152633667
1631022066674,0.5569310188293457,0.1735067367553711,0.9424499273300172,0.6877470016479492
1631022066752,0.5569310188293457,0.1908310651779174,1.0132253170013428,0.7249367833137512
1631022066846,0.5569310188293457,0.2210766524076461,1.097775936126709,0.7665820121765137
1631022066955,0.5569310188293457,0.2581182420253753,1.097775936126709,0.8073668479919434
1631022067080,0.5569310188293457,0.2852368652820587,1.097775936126709,0.8297787308692932
1631022067174,0.5569310188293457,0.2818942070007324,1.097775936126709,0.8112385272979736
1631022067283,0.5569310188293457,0.2370380461215973,1.097775936126709,0.7343772053718567
1631022067361,0.5569310188293457,0.2370380461215973,1.097775936126709,0.7343772053718567
1631022067442,0.5569310188293457,0.2370380461215973,1.097775936126709,0.7343772053718567
1631022067598,0.5569310188293457,0.2370380461215973,1.097775936126709,0.7343772053718567
1631022067661,0.5569310188293457,0.2370380461215973,1.097775936126709,0.7343772053718567
1631022067770,0.5569310188293457,-0.1255802512168884,-0.0370766408741474,0.7343772053718567
1631022067879,0.5569310188293457,-0.0813905224204063,0.0415984690189361,0.7343772053718567
1631022067973,0.5569310188293457,-0.0396917201578617,0.0870954245328903,0.7343772053718567
1631022068108,0.5569310188293457,-0.0085539314895868,0.1034351512789726,0.7343772053718567
1631022068171,0.5569310188293457,0.0106830419972538,0.0978032872080802,0.7343772053718567
1631022068325,0.5569310188293457,0.0182807836681604,0.0763273015618324,1.01933491230011
1631022068400,0.5569310188293457,0.0139248073101043,0.0486169829964637,0.97136127948761
1631022068485,0.5569310188293457,-0.0025497677270323,0.0206178501248359,0.9226952791213988
1631022068576,0.5569310188293457,-0.0283316168934106,-0.005943399388343,0.8798011541366577
1631022068719,0.5569310188293457,-0.0567668266594409,-0.0302889216691255,0.8430289626121521
1631022068813,0.5569310188293457,-0.0811053365468978,-0.0525586083531379,0.8114739060401917
1631022068928,0.5569310188293457,-0.0973462015390396,-0.0732827186584472,0.7826257944107056
1631022069016,0.5569310188293457,-0.0955256819725036,-0.0797790214419364,0.7887235283851624
1631022069141,0.2316093742847442,-0.0912767276167869,-0.0979569926857948,0.7569010257720947
1631022069246,0.2665386795997619,-0.0874337777495384,-0.1323105096817016,0.7275775074958801
1631022069302,0.2665386795997619,-0.0899730771780014,-0.183302640914917,0.700950026512146
1631022069377,0.2665386795997619,-0.1043709069490432,-0.2427450865507125,0.6791290640830994
1631022069534,0.2665386795997619,-0.1206428930163383,-0.3232644498348236,0.672344446182251
1631022069607,0.2665386795997619,-0.1010888665914535,-0.4140181839466095,0.6148945093154907
1631022069740,0.2665386795997619,-0.032490037381649,-0.4988889992237091,0.6306766867637634
1631022069808,0.2665386795997619,0.0521073751151561,-0.5561514496803284,0.70743727684021
1631022069928,0.2665386795997619,0.1174323633313179,-0.5881008505821228,0.7832340002059937
1631022069989,0.2665386795997619,0.1544622629880905,-0.6079204678535461,0.8276614546775818
1631022070114,0.2665386795997619,0.1725389063358307,-0.6220933198928833,0.8444587588310242
1631022070222,0.2665386795997619,0.1839371025562286,-0.6370880603790283,0.8476293683052063
1631022070332,0.3135396242141723,0.1922796964645385,-0.6560851335525513,0.8461990356445312
1631022070410,0.3135396242141723,0.1971175521612167,-0.6792962551116943,0.8433462977409363
1631022070492,0.3135396242141723,0.1976871639490127,-0.639977216720581,0.8416150808334351
1631022070633,0.3135396242141723,0.1936888694763183,-0.5436547994613647,0.8416589498519897
1631022070742,0.3135396242141723,0.1856622099876403,-0.4329350590705871,0.8427592515945435
1631022070854,-0.3446596264839172,0.1756449341773986,-0.3638787269592285,0.8438969254493713
1631022070965,-0.3346442580223083,0.1658544391393661,-0.3331622779369354,0.843154788017273
1631022071032,-0.3383384346961975,0.1515992134809494,-0.3127805292606354,0.8336314558982849
1631022071121,-0.3166204392910003,0.1147957891225814,-0.3049650192260742,0.801291823387146
1631022071236,-0.2471693307161331,0.0383168868720531,-0.3083152174949646,0.7307201623916626
1631022071361,-0.1545425355434417,-0.080688439309597,-0.317209392786026,0.618790864944458
1631022071424,-0.0785996541380882,-0.2199672609567642,-0.3282434046268463,0.4835498332977295
1631022071517,-0.0398895926773548,-0.3334739506244659,-0.311931312084198,0.3643608689308166
1631022071658,0.0024041859433054,-0.3872416019439697,-0.1606369316577911,0.2986906766891479
1631022071739,0.1390874534845352,-0.3783957660198211,0.1585106402635574,0.2972263693809509
1631022071817,0.3612030744552612,-0.3136893212795257,0.1585106402635574,0.3629563748836517
1631022072005,0.5676918029785156,-0.2269573211669922,0.1585106402635574,0.4724120497703552
1631022072036,0.7398728728294373,-0.1571989059448242,0.1860709935426712,0.5868467688560486
1631022072163,0.767693281173706,-0.1191903054714202,0.2142176628112793,0.6785172820091248
1631022072211,0.7973844408988953,-0.101385660469532,0.2438474297523498,0.7431719303131104
1631022072352,0.8293613791465759,-0.0829548090696334,0.2761003375053406,0.7857141494750977
1631022072430,0.8644344210624695,-0.0500558465719223,0.3118777275085449,0.8138752579689026
1631022072539,0.9034510850906372,0.002972193993628,0.3537368178367615,0.8356779217720032
1631022072680,0.9458131194114684,0.0714620575308799,0.4191299974918365,0.8589665293693542
1631022072743,0.9906243085861206,0.1389724016189575,0.5023432374000549,0.8836379051208496
1631022072855,1.0386450290679932,0.1883264183998108,0.5763685703277588,0.9042982459068298
1631022072920,1.0938597917556765,0.2153849303722381,0.6257548332214355,0.9174234867095948
1631022073061,1.1630713939666748,0.2269141525030136,0.6462618708610535,0.9265314936637878
1631022073174,1.2476847171783447,0.2306334376335144,0.6190145015716553,0.9335973262786864
1631022073268,1.2476847171783447,0.2238601893186569,0.4397090971469879,0.9342592358589172
1631022073377,1.2476847171783447,0.2010281234979629,0.3935060501098633,0.9197146892547609
1631022073455,1.2476847171783447,0.1650714427232742,0.3563010394573211,0.8863995671272278
1631022073549,1.2476847171783447,0.129400834441185,0.3265151977539062,0.83647620677948
1631022073627,1.2476847171783447,0.1064033359289169,0.3002365529537201,0.7783095240592957
1631022073799,1.2476847171783447,0.0952348709106445,0.2736397981643677,0.7196526527404785
1631022073862,0.0869854539632797,0.0848292186856269,0.2459167242050171,0.6673489212989807
1631022073955,0.0403106994926929,0.0645426139235496,0.2196774780750274,0.6241327524185181
1631022074080,-0.0060541634447872,0.0231024846434593,0.1981573849916458,0.5847887396812439
1631022074161,-0.0375754199922084,-0.0498616434633731,0.1507750451564788,0.534821093082428
1631022074286,-0.0075258077122271,-0.1511797606945037,0.0719409510493278,0.4726190268993377
1631022074380,0.1247815117239952,-0.2515764832496643,-0.0268717855215072,0.4238073825836181
1631022074490,0.3002829253673553,-0.3097009062767029,-0.1080626845359802,0.4210802912712097
1631022074583,0.4444444179534912,-0.3147547841072082,-0.1091633066534996,0.4539305865764618
1631022074685,0.5401439666748047,-0.2824955582618713,0.0498397536575794,0.4927501380443573
1631022074771,0.6183696985244751,-0.1982078701257705,0.341939777135849,0.5449949502944946
1631022074865,0.6995358467102051,-0.0711446031928062,0.619025707244873,0.6247764825820923
1631022075021,0.6995358467102051,0.0505933947861194,0.8140624761581421,0.7139078378677368
1631022075099,0.7215791940689087,0.1363609433174133,0.9268888831138612,0.7824376225471497
1631022075193,0.7795105576515198,0.1884098500013351,0.9773527979850768,0.8256362676620483
1631022075256,0.80824875831604,0.2254541963338852,0.9931071400642396,0.8633530139923096
1631022075396,0.8410516977310181,0.2625130712985992,1.02198588848114,0.9124776124954224
1631022075490,0.8790192008018494,0.296645313501358,1.0532387495040894,0.9391403794288636
1631022075631,0.9222987294197084,0.321042388677597,1.0866518020629885,0.9678780436515808
1631022075693,0.9705394506454468,0.338011771440506,1.1224488019943235,0.998567521572113
1631022075818,1.0200674533843994,0.359567791223526,1.1227189302444458,1.0297197103500366
1631022075881,1.061812400817871,0.3929401040077209,1.121877670288086,1.057177186012268
1631022076006,1.0878334045410156,0.4146076142787933,1.1206326484680176,1.0781458616256714
1631022076068,1.1017882823944092,0.4364238679409027,1.1170752048492432,1.0958319902420044
1631022076211,1.1054059267044067,0.457505851984024,1.1013526916503906,1.117363214492798
1631022076336,1.0306673049926758,0.4519666731357574,1.0498090982437134,1.136901617050171
1631022076398,0.8510702252388,0.4203768372535705,0.934194266796112,1.1385313272476196
1631022076539,0.7755852937698364,0.3733120262622833,0.733439028263092,1.1143419742584229
1631022076601,0.7222870588302612,0.3284801840782165,0.4482977986335754,1.1143419742584229
1631022076680,0.5801693797111511,0.2976806163787842,0.1592821776866912,1.1143419742584229
1631022076836,0.5614449977874756,0.2736177444458008,0.0202702786773443,1.1143419742584229
1631022076936,0.5532590746879578,0.2431484013795852,0.0277450550347566,1.1143419742584229
1631022077019,0.5498297214508057,0.2091554403305053,0.0204852819442749,1.1143419742584229
1631022077113,0.5498297214508057,0.1828179508447647,0.0154611393809318,0.5105196833610535
1631022077194,0.5498297214508057,0.16510109603405,0.0154611393809318,0.539138674736023
1631022077287,0.5498297214508057,0.1447969526052475,0.0194194391369819,0.5920740962028503
1631022077443,0.5498297214508057,0.1213756278157234,0.0327974818646907,0.6856050491333008
1631022077537,0.5498297214508057,0.1693132519721985,0.0457908660173416,0.7807015776634216
1631022077631,0.5498297214508057,0.2094737738370895,0.0546245947480201,0.8437121510505676
1631022077756,0.4083176851272583,0.2026756256818771,0.0570140555500984,0.864044725894928
1631022077803,0.3637999296188354,0.1934498697519302,0.0550323612987995,0.864044725894928
1631022077912,0.3866379261016845,0.1804641336202621,0.0556885004043579,0.864044725894928
1631022078068,0.4209159314632416,0.1639965772628784,0.0628429800271987,0.864044725894928
1631022078177,0.4528467655181885,0.1437404155731201,0.0666601657867431,0.864044725894928
1631022078224,0.4528467655181885,0.1227915361523628,0.0479344800114631,0.864044725894928
1631022078349,0.4528467655181885,0.1072567924857139,-0.0950012281537056,0.8568427562713623
1631022078461,0.4528467655181885,0.1018044501543045,-0.2520922124385834,0.8456496000289917
1631022078523,0.4528467655181885,0.1043714359402656,-0.3392015695571899,0.8309176564216614
1631022078695,0.1973284780979156,0.1104901134967804,-0.4124124348163605,0.8151485323905945
1631022078758,0.216088056564331,0.1146330311894416,-0.3526415228843689,0.7958287000656128
1631022078851,0.2116230875253677,0.10663603246212,-0.3128623962402344,0.7606247067451477
1631022078945,0.2042718082666397,0.0703640207648277,-0.2817662358283996,0.6886142492294312
1631022079054,0.2082836329936981,-0.0011505458969622,-0.2516593039035797,0.5735436081886292
1631022079133,0.2404515445232391,-0.0936275199055671,-0.2136802524328231,0.4496612846851349
1631022079258,0.3161720633506775,-0.161024197936058,-0.101374328136444,0.4117361903190613
1631022079351,0.4472455978393554,-0.141848936676979,-0.101374328136444,0.5374024510383606
1631022079464,0.4472455978393554,-0.0068089473061263,-0.101374328136444,0.6686853766441345
1631022079588,0.4472455978393554,0.1748493760824203,-0.101374328136444,0.7811858654022217
1631022079667,0.4472455978393554,0.3291092216968536,-0.101374328136444,0.8560259938240051
1631022079745,0.4472455978393554,0.4266451001167297,-0.101374328136444,0.8902772665023804
1631022079885,0.4768216609954834,0.4726030826568603,-0.068548247218132,0.918419599533081
1631022079979,0.5022392868995667,0.4847940504550934,-0.0341298133134841,0.9303494691848756
1631022080041,0.5230527520179749,0.4828730821609497,-0.002116811228916,0.937939703464508
1631022080166,0.5441657900810242,0.4767841398715973,0.0260308049619197,0.944350242614746
1631022080276,0.5756243467330933,0.4720183610916137,0.0567761212587356,0.9524167776107788
1631022080370,0.6240533590316772,0.4705987274646759,0.0398975387215614,0.968120276927948
1631022080463,0.6902469396591187,0.4730772674083709,0.0328955873847007,0.9932677149772644
1631022080588,0.6902469396591187,0.4774906933307647,0.0282098930329084,1.0143802165985107
1631022080698,0.6902469396591187,0.4820183515548706,0.0018607756355777,1.0306081771850586
1631022080760,0.6902469396591187,0.4851049482822418,-0.1871662884950637,1.0398286581039429
1631022080869,0.6902469396591187,0.4838818907737732,-0.1581743508577346,1.035680055618286
1631022080963,0.6902469396591187,0.4646313488483429,-0.0924837440252304,1.0059258937835691
1631022081088,0.6902469396591187,0.4124140441417694,-0.0270776487886905,0.94220370054245
1631022081182,0.6902469396591187,0.3248953223228454,0.0071340142749249,0.8515273928642273
1631022081276,0.6902469396591187,0.2240779846906662,0.0054671186953783,0.7657855749130249
1631022081369,0.6902469396591187,0.147057756781578,-0.018498009070754,0.7289820313453674
1631022081513,0.6902469396591187,0.1122334599494934,-0.0483365580439567,0.7414095401763916
1631022081575,0.6902469396591187,0.1014790832996368,-0.0763863548636436,0.7748491764068604
1631022081691,0.6902469396591187,0.0995803251862526,-0.0978032127022743,0.7748491764068604
1631022081785,0.6902469396591187,0.0970884039998054,-0.065870001912117,0.7748491764068604
1631022081878,0.6902469396591187,0.0917854979634285,0.1066500693559646,0.7748491764068604
1631022081988,0.6902469396591187,0.0876172184944152,0.3616029024124145,0.7748491764068604
1631022082097,0.6902469396591187,0.0928695052862167,0.5848326683044434,0.8189990520477295
1631022082175,0.9700319766998292,0.1067294254899025,0.7359288334846497,0.8849354982376099
1631022082316,0.9700319766998292,0.1177939996123313,0.8179513812065125,0.8947627544403076
1631022082378,0.9700319766998292,0.110370434820652,0.8495295643806458,0.8665187358856201
1631022082505,0.9700319766998292,0.0767704620957374,0.8535836338996887,0.8219812512397766
1631022082614,0.9700319766998292,0.0232969131320714,0.8489151000976562,0.7781689167022705
1631022082708,0.8811807632446289,-0.0320844165980815,0.8434897661209106,0.7411805391311646
1631022082770,0.8290615081787109,-0.0657509490847587,0.841428816318512,0.713467538356781
1631022082942,0.8231782913208008,-0.0694005712866783,0.8434492945671082,0.713467538356781
1631022083036,0.8231782913208008,-0.0584829673171043,0.848911702632904,0.713467538356781
1631022083083,0.8231782913208008,-0.0474206246435642,0.8575274348258972,0.713467538356781
1631022083239,0.8231782913208008,-0.0327827036380767,0.8702428936958313,0.713467538356781
1631022083332,0.8231782913208008,-0.0029906777199357,0.8829103708267212,0.7350464463233948
1631022083409,0.8455593585968018,0.0367155037820339,0.8795050978660583,0.7448835968971252
1631022083507,0.8254587650299072,0.0644178241491317,0.836335301399231,0.7205251455307007
1631022083648,0.7290402054786682,0.0640802830457687,0.7395394444465637,0.6392030715942383
1631022083726,0.7290402054786682,0.038050714880228,0.5980054140090942,0.4891286492347717
1631022083820,0.7290402054786682,0.0027363859117031,0.4569077789783478,0.2913056910037994
1631022083882,0.7290402054786682,-0.0228295475244522,0.3759307265281677,0.1294939517974853
1631022084007,0.7290402054786682,-0.0234072096645832,0.3607638776302337,0.1294939517974853
1631022084132,0.7290402054786682,0.0046864114701747,0.3737742304801941,0.1294939517974853
1631022084241,0.7290402054786682,0.0495138689875602,0.4007558524608612,0.1294939517974853
1631022084319,0.7290402054786682,0.0916577652096748,0.4445202648639679,0.1294939517974853
1631022084399,0.7290402054786682,0.126999631524086,0.530012309551239,0.1294939517974853
1631022084509,0.7290402054786682,0.1700485199689865,0.6694939136505127,0.1294939517974853
1631022084603,0.7290402054786682,0.2274546772241592,0.819837212562561,0.1294939517974853
1631022084759,0.7290402054786682,0.2793465554714203,0.9340566992759703,0.1294939517974853
1631022084821,0.7290402054786682,0.3035796880722046,0.9960583448410034,1.0189523696899414
1631022084962,0.7290402054786682,0.2973021566867828,1.0085117816925049,0.9628183841705322
1631022085040,0.7290402054786682,0.2774910926818847,1.0245450735092163,0.9164480566978456
1631022085133,0.7290402054786682,0.2635889947414398,1.016337275505066,0.8953405618667603
1631022085212,0.7290402054786682,0.2612928450107574,1.011621117591858,0.890647292137146
1631022085368,0.7290402054786682,0.2644825875759125,1.0095016956329346,0.885361909866333
1631022085464,0.7290402054786682,0.2657347619533539,1.0080822706222534,0.8697881698608398
1631022085542,0.6377683281898499,0.2582280337810516,1.0060045719146729,0.8439281582832336
1631022085636,0.5492966175079346,0.2378833591938018,1.0017818212509155,0.8131479620933533
1631022085745,0.478306382894516,0.2065779864788055,0.9940493702888488,0.7826197743415833
1631022085854,0.4249970316886902,0.1725444942712783,0.9792545437812804,0.7563419938087463
1631022085964,0.3981618881225586,0.1372590661048889,0.9436550736427308,0.7387454509735107
1631022086057,0.4021002948284149,0.0857594013214111,0.8581356406211853,0.7028321027755737
1631022086151,0.4249497354030609,-0.0014387739356607,0.6861546039581299,0.6715968251228333
1631022086260,0.24351167678833,-0.1211651265621185,0.3781718313694,0.6488891243934631
1631022086354,0.2909838855266571,-0.2126771509647369,-0.2817144095897674,0.6462443470954895
1631022086435,0.3626513183116913,-0.159792274236679,-0.2817144095897674,0.6667178273200989
1631022086544,0.4838893711566925,0.0219738520681858,-0.2817144095897674,0.7058999538421631
1631022086669,0.61418217420578,0.2066631466150283,-0.303746223449707,0.7496236562728882
1631022086779,0.7106947898864746,0.3354339897632599,-0.2905108630657196,0.7833700180053711
1631022086904,0.7781881093978882,0.4055363833904266,-0.2875093817710876,0.7995330095291138
1631022086982,0.8100835680961609,0.4334872663021087,-0.2984140515327453,0.8026059865951538
1631022087075,0.8368806838989258,0.442440003156662,-0.3141373097896576,0.8072320818901062
1631022087200,0.8675233721733093,0.4487617015838623,-0.3142236173152923,0.8306935429573059
1631022087278,0.9007543921470642,0.456688642501831,-0.2802282571792602,0.8757528066635132
1631022087372,0.935916304588318,0.465180367231369,-0.1598356664180755,0.9015365242958068
1631022087453,0.9709234237670898,0.4713468253612518,-0.0847810879349708,0.9246475100517272
1631022087578,1.0039280652999878,0.4772260785102844,-0.0085209980607032,0.9411665201187134
1631022087640,1.0360803604125977,0.4898618459701538,0.0947252660989761,0.950042188167572
1631022087781,1.0731899738311768,0.5137545466423035,0.1807027608156204,0.9561580419540404
1631022087875,1.1187677383422852,0.5394113659858704,0.2249228656291961,0.9662780165672302
1631022087984,1.162621021270752,0.5466981530189514,0.2249166965484619,0.9774749875068665
1631022088078,1.181527018547058,0.5161633491516113,0.1962344199419021,0.9729977250099182
1631022088156,1.181527018547058,0.4439433217048645,0.1645336300134658,0.9395045042037964
1631022088296,1.181527018547058,0.3495324552059173,0.1645336300134658,0.8831565976142883
1631022088399,1.181527018547058,0.2767953872680664,0.1645336300134658,0.8423593640327454
1631022088519,1.181527018547058,0.2713656723499298,0.1645336300134658,0.8423593640327454
1631022088613,1.181527018547058,0.3400191962718963,0.1645336300134658,0.8423593640327454
1631022088691,1.181527018547058,0.4415144622325897,0.1645336300134658,0.8423593640327454
1631022088769,1.181527018547058,0.5348275303840637,0.1645336300134658,0.8423593640327454
1631022088894,1.181527018547058,0.5990804433822632,0.1803527623414993,0.8423593640327454
1631022089019,1.181527018547058,0.6341239213943481,0.2055480778217315,0.8423593640327454
1631022089097,1.181527018547058,0.6481837630271912,0.2256143242120742,0.8423593640327454
1631022089191,1.181527018547058,0.6504690051078796,0.2125419676303863,0.8423593640327454
1631022089300,1.181527018547058,0.645690381526947,0.1434370428323745,0.8423593640327454
1631022089412,1.181527018547058,0.636964738368988,0.1434370428323745,0.8423593640327454
1631022089490,1.181527018547058,0.6426646113395691,0.1434370428323745,0.8423593640327454
1631022089647,1.181527018547058,0.6572433114051819,0.1434370428323745,0.8423593640327454
1631022089740,1.181527018547058,0.6816217303276062,0.1434370428323745,0.8423593640327454
1631022089819,1.181527018547058,0.7128965258598328,0.1434370428323745,0.8423593640327454
1631022089943,1.181527018547058,0.7458503842353821,0.1434370428323745,0.8423593640327454
1631022089990,1.181527018547058,0.7708675265312195,0.1434370428323745,0.8423593640327454
1631022090115,1.181527018547058,0.769851803779602,0.1434370428323745,0.8423593640327454
1631022090225,1.181527018547058,0.7275906801223755,0.1434370428323745,0.8423593640327454
1631022090334,1.181527018547058,0.6388583779335022,0.1434370428323745,0.8423593640327454
1631022090430,1.181527018547058,0.5186012387275696,0.1434370428323745,0.8423593640327454
1631022090524,1.181527018547058,0.4108361303806305,0.1434370428323745,0.8423593640327454
1631022090617,1.181527018547058,0.4108361303806305,0.1434370428323745,0.8423593640327454
1631022090695,1.181527018547058,0.4108361303806305,0.1434370428323745,0.8423593640327454
1631022090867,1.181527018547058,0.4108361303806305,0.1434370428323745,0.8423593640327454
1631022090930,1.181527018547058,0.4108361303806305,0.1434370428323745,1.451091766357422
1631022091023,1.181527018547058,0.7129945755004883,0.1434370428323745,1.4209569692611694
1631022091117,1.181527018547058,0.7772745490074158,0.7429505586624146,1.409299612045288
1631022091211,1.181527018547058,0.8292458653450012,0.6965317726135254,1.3984802961349487
1631022091320,1.181527018547058,0.8538019061088562,0.652895450592041,1.3793162107467651
1631022091433,1.181527018547058,0.8492368459701538,0.614691972732544,1.168419599533081
1631022091558,1.181527018547058,0.8263188004493713,0.5882430672645569,1.1447356939315796
1631022091636,1.181527018547058,0.810878574848175,0.5882430672645569,1.126383662223816
1631022091745,1.181527018547058,0.8404079079627991,0.5882430672645569,1.131078839302063
1631022091839,1.181527018547058,0.8404079079627991,0.5882430672645569,1.1729711294174194
1631022091933,1.181527018547058,0.8404079079627991,0.5882430672645569,1.2348755598068235
1631022092089,1.181527018547058,0.8404079079627991,0.5882430672645569,1.2852672338485718
1631022092169,1.181527018547058,0.8404079079627991,0.5882430672645569,1.3074284791946411
1631022092232,1.181527018547058,0.8607258200645447,0.5882430672645569,1.32923424243927
1631022092357,1.181527018547058,0.8784105777740479,0.553740382194519,1.3479543924331665
1631022092435,1.181527018547058,0.8932870030403137,0.4893000721931457,1.361805081367493
1631022092544,1.181527018547058,0.8993242383003235,0.4107924103736877,1.3689874410629272
1631022092685,1.181527018547058,0.8868047595024109,0.3456907868385315,1.3712395429611206
1631022092747,1.181527018547058,0.9743391871452332,0.3456907868385315,1.3758673667907717
1631022092872,1.181527018547058,1.1221429109573364,0.3456907868385315,1.3923966884613037
1631022092950,1.181527018547058,1.2522321939468384,0.3456907868385315,1.425705909729004
1631022093060,1.181527018547058,1.3306565284729004,0.3456907868385315,1.47435200214386
1631022093169,1.181527018547058,1.3564831018447876,0.3456907868385315,1.5331997871398926
1631022093278,1.181527018547058,1.33190655708313,0.3456907868385315,1.5902220010757446
1631022093373,1.181527018547058,1.2695432901382446,0.3456907868385315,1.5902220010757446
1631022093466,1.181527018547058,1.2150219678878784,0.3456907868385315,1.5902220010757446
1631022093575,1.181527018547058,1.1676870584487915,0.3456907868385315,1.5902220010757446
1631022093653,1.181527018547058,1.125922918319702,0.3456907868385315,1.5902220010757446
1631022093778,1.181527018547058,1.0885525941848757,0.3456907868385315,1.5902220010757446
1631022093888,1.181527018547058,1.0547161102294922,0.3456907868385315,1.5902220010757446
1631022093981,0.704879879951477,1.023930311203003,0.224214494228363,0.7030792236328125
1631022094091,0.7166600823402405,0.9959955811500548,0.1975428164005279,0.6338224411010742
1631022094172,0.7014228701591492,0.9707324504852296,0.1876472532749176,0.5667508244514465
1631022094265,0.6665626764297485,0.9063082933425904,0.1970027089118957,0.5129727125167847
1631022094359,0.6238818168640137,0.7771807312965393,0.2142192423343658,0.476406067609787
1631022094500,0.5819624066352844,0.575410783290863,0.2259341925382614,0.4541072845458984
1631022094609,0.5451830625534058,0.3283270597457886,0.2257158905267715,0.4364498853683471
1631022094687,0.5172520279884338,0.1248404756188392,0.2156883478164672,0.4150241315364837
1631022094766,0.5016962289810181,0.034435361623764,0.2016526609659195,0.3879305422306061
1631022094906,0.4947438836097717,0.0047751031816005,0.1882836371660232,0.3582020699977875
1631022094968,0.4916665852069855,-0.0130234351381659,0.1756055951118469,0.3327036201953888
1631022095093,0.4873015880584717,-0.032537568360567,0.1631107479333877,0.3188580870628357
1631022095191,0.4641886949539184,-0.0563966780900955,0.1433376967906952,0.2650357782840729
1631022095300,0.4351039826869964,-0.0866813287138938,0.121178887784481,0.2020544707775116
1631022095394,0.3929201066493988,-0.1235511228442192,0.1013787388801574,0.1461232155561447
1631022095519,0.337047666311264,-0.1675563752651214,0.0853817015886306,0.1151001304388046
1631022095566,0.2882851958274841,-0.2219995558261871,0.0698958784341812,0.1111666485667228
1631022095706,0.2826865613460541,-0.2906349301338196,0.0468571558594703,0.1237104684114456
1631022095800,0.3249325752258301,-0.3683739006519317,0.0105989230796694,0.1454668492078781
1631022095894,0.3828435242176056,-0.4284643828868866,-0.0367406383156776,0.1774575412273407
1631022095987,0.42759770154953,-0.436227023601532,-0.0796400904655456,0.2269141376018524
1631022096081,0.4510158002376556,-0.3896345794200897,-0.092917688190937,0.3037245869636535
1631022096193,0.4601309597492218,-0.3202545046806335,-0.0633592829108238,0.4059807658195495
1631022096333,0.474269688129425,-0.255644142627716,-0.0050327996723353,0.5242719650268555
1631022096411,0.5116177201271057,-0.2054981738328933,0.0543370768427848,0.6380184292793274
1631022096521,0.5691085457801819,-0.1702650636434555,0.0970417335629463,0.7272624373435974
1631022096599,0.6270451545715332,-0.148312821984291,0.1168568208813667,0.78397136926651
1631022096708,0.6727960109710693,-0.1365436911582946,0.1183212473988533,0.8131927847862244
1631022096802,0.7108132839202881,-0.1263091266155243,0.1105428636074066,0.8261372447013855
1631022096974,0.7517791986465454,-0.104956679046154,0.105370707809925,0.8347891569137573
1631022097068,0.7989932894706726,-0.0616991892457008,0.1092458292841911,0.8484028577804565
1631022097138,0.8422026634216309,-0.0024473497178405,0.1216714456677436,0.8707666397094727
1631022097210,0.8693627119064331,0.053117137402296,0.1380653083324432,0.8968845009803772
1631022097289,0.8763134479522705,0.0896370559930801,0.1545068621635437,0.9164019227027892
1631022097413,0.8706339001655579,0.1035482138395309,0.1707801818847656,0.9219290614128112
1631022097538,0.8646083474159241,0.1026589423418045,0.1870806664228439,0.9131779074668884
1631022097648,0.8657090067863464,0.099008023738861,0.1993483304977417,0.8925980925559998
1631022097741,0.8697048425674438,0.1007126569747924,0.2011977136135101,0.859693706035614
1631022097820,0.8666468262672424,0.1094874441623687,0.1873985379934311,0.8099684715270996
1631022097944,0.8495771884918213,0.1259075999259948,0.1606092005968094,0.7434552311897278
1631022098023,0.818695068359375,0.1542242020368576,0.1356031149625778,0.6740325093269348
1631022098146,0.7815917730331421,0.1964519917964935,0.1338036805391311,0.6264975070953369
1631022098228,0.7502727508544922,0.2471009194850921,0.1684852689504623,0.6136924624443054
1631022098353,0.7349607348442078,0.2996955215930938,0.188801109790802,0.6291802525520325
1631022098447,0.7469939589500427,0.3532417416572571,0.2095365226268768,0.6586980223655701
1631022098524,0.7141535878181458,0.4040397703647613,0.2264903932809829,0.6564261317253113
1631022098618,0.6664395332336426,0.4444125890731811,0.24004827439785,0.6398376822471619
1631022098759,0.6182268261909485,0.4699536263942718,0.2528939545154571,0.6078575849533081
1631022098900,0.5898236036300659,0.4830155074596405,0.2676779329776764,0.5768820643424988
1631022098962,0.6383748054504395,0.4912041127681732,0.2831923365592956,0.5723499059677124
1631022099040,0.686642587184906,0.5004308223724365,0.2935788333415985,0.5986476540565491
1631022099152,0.7154788970947266,0.5105800628662109,0.2938308715820312,0.6315127015113831
1631022099246,0.7248473763465881,0.518330454826355,0.3118991553783417,0.655302882194519
1631022099371,0.722449779510498,0.5203477144241333,0.3263693451881408,0.6642022728919983
1631022099465,0.7169690728187561,0.5142859816551208,0.3329245746135711,0.6585235595703125
1631022099574,0.7102319598197937,0.4989900290966034,0.3240942358970642,0.6379560828208923
1631022099637,0.7041105031967163,0.4759637713432312,0.2892153263092041,0.6048605442047119
1631022099777,0.6952983140945435,0.448987752199173,0.2037238329648971,0.5661962032318115
1631022099840,0.6673880219459534,0.4194237887859344,0.1603027433156967,0.5232421159744263
1631022100012,0.5758780241012573,0.3810108602046966,0.1281864792108535,0.4646889269351959
1631022100058,0.5528901219367981,0.3264855444431305,0.1036542132496833,0.464136391878128
1631022100155,0.5312435030937195,0.2587919533252716,0.0862711817026138,0.4545680582523346
1631022100311,0.5108891725540161,0.1930239647626876,0.0769626498222351,0.4447186589241028
1631022100342,0.4903416335582733,0.1454220563173294,0.0783245861530304,0.4323099851608276
1631022100452,0.4051011800765991,0.1155897453427314,0.090308554470539,0.4355292320251465
1631022100623,0.3160850405693054,0.0879775956273078,0.1071044951677322,0.4476837515830993
1631022100670,0.2533696889877319,0.0494789741933345,0.1221791729331016,0.4653524756431579
1631022100780,0.2422714531421661,-0.0013529119314625,0.1025193333625793,0.4830819368362427
1631022100889,0.2682090997695923,-0.0496936999261379,0.0814817920327186,0.4988279342651367
1631022100967,0.3015429079532623,-0.0617268942296505,0.0699513182044029,0.5113075375556946
1631022101076,0.3286531567573547,-0.0139061445370316,0.0750481858849525,0.5199742913246155
1631022101201,0.3459940254688263,0.0686319470405578,0.0952432304620742,0.5194492936134338
1631022101295,0.3550815284252167,0.1429241001605987,0.121644340455532,0.5056663155555725
1631022101373,0.3582823574542999,0.186052918434143,0.144905224442482,0.4799568355083465
1631022101483,0.3604426383972168,0.1988612860441208,0.1600110530853271,0.4525607228279114
1631022101561,0.3610240817070007,0.1943343579769134,0.1676693558692932,0.4346213936805725
1631022101701,0.3639777302742004,0.1874793767929077,0.1700375378131866,0.4254831373691559
1631022101827,0.3763458430767059,0.1911725997924804,0.1689611673355102,0.4148479104042053
1631022101889,0.4017712771892547,0.2149320542812347,0.1680783778429031,0.3938972949981689
1631022102014,0.4376163780689239,0.2539323270320892,0.1844720095396042,0.3631930351257324
1631022102092,0.4924357831478119,0.2996687591075897,0.2642314732074737,0.349886417388916
1631022102220,0.589860200881958,0.3519087433815002,0.262198269367218,0.4009270071983337
1631022102282,0.5922501683235168,0.4097399711608886,0.2620789706707001,0.5169765949249268
1631022102407,0.5928131937980652,0.4625262320041656,0.2655439376831054,0.6381238698959351
1631022102517,0.5941376686096191,0.4940415024757385,0.2733817994594574,0.724031925201416
1631022102610,0.5985987782478333,0.4940600991249084,0.2840245366096496,0.7678786516189575
1631022102720,0.609117865562439,0.4663597643375397,0.2939309775829315,0.7828919291496277
1631022102798,0.6274853348731995,0.4274177849292755,0.3020683825016022,0.7847996354103088
1631022102892,0.6198654174804688,0.3977230787277221,0.3136358559131622,0.7842552661895752
1631022103017,0.6175961494445801,0.3887354731559753,0.2845078706741333,0.7840630412101746
1631022103175,0.6190776228904724,0.3965619206428528,0.2689419984817505,0.7853301763534546
1631022103269,0.6149631142616272,0.4097184240818023,0.2607103586196899,0.7895405888557434
1631022103300,0.596723198890686,0.4180871248245239,0.2514776885509491,0.7975494265556335
1631022103441,0.5632946491241455,0.4142828285694122,0.2271801978349685,0.8065534830093384
1631022103488,0.5145754814147949,0.3991123139858246,0.1422169357538223,0.8092702627182007
1631022103659,0.4194728136062622,0.3770366311073303,-0.3069523870944977,0.7946226596832275
1631022103737,0.09912571310997,0.3476078808307647,-0.335966944694519,0.7480664849281311
1631022103831,0.1429710984230041,0.3053161799907684,-0.3582976460456848,0.6564037203788757
1631022103909,0.1801444441080093,0.2499755620956421,-0.3763888478279114,0.5196969509124756
1631022104050,0.2074451297521591,0.1950449347496032,-0.3919479250907898,0.360772967338562
1631022104151,0.2227547466754913,0.1604055762290954,-0.3972559571266174,0.2315261512994766
1631022104272,0.2237167656421661,0.1510384678840637,-0.3781585991382599,0.1698693931102752
1631022104335,0.2130444496870041,0.1550757437944412,-0.331421822309494,0.1563146412372589
1631022104460,0.204906940460205,0.1602877080440521,-0.2708830535411834,0.1557895541191101
1631022104569,0.1995055377483368,0.1584401726722717,-0.2066620290279388,0.1570352464914322
1631022104647,0.2058644145727157,0.1455558985471725,-0.1567423343658447,0.1578934788703918
1631022104725,0.2333629429340362,0.1270142942667007,-0.1028038337826728,0.1610217690467834
1631022104881,0.2912256419658661,0.1268035918474197,-0.0227553527802228,0.1690814942121505
1631022104975,0.3760543763637543,0.1791287064552307,0.0824757665395736,0.1810314506292343
1631022105038,0.4636397361755371,0.2773829400539398,0.1917439252138137,0.1947596073150634
1631022105166,0.5259944796562195,0.3775231838226318,0.2870098948478699,0.2075162380933761
1631022105213,0.5580093860626221,0.4542976319789886,0.3675989508628845,0.2325286418199539
1631022105354,0.5860528349876404,0.5192051529884338,0.4465638101100921,0.3012051582336426
1631022105463,0.6509680151939392,0.5919901728630066,0.530764102935791,0.4256810545921325
1631022105572,0.7484646439552307,0.6686632037162781,0.6075946092605591,0.5658801794052124
1631022105682,0.7660364508628845,0.7286873459815979,0.6620992422103882,0.6810410618782043
1631022105744,0.7889683842658997,0.7631797790527344,0.6897935271263123,0.7599911093711853
1631022105854,0.8179111480712891,0.7778081297874451,0.6966849565505981,0.8102607727050781
1631022105978,0.8504539132118225,0.7839313745498657,0.6936271786689758,0.8420711159706116
1631022106072,0.884543240070343,0.808062732219696,0.6912201046943665,0.8679394125938416
1631022106201,0.9190521836280824,0.8347546458244324,0.7108884453773499,0.8939608931541443
1631022106263,0.9537855386734008,0.8642510771751404,0.7306395173072815,0.9191460013389589
1631022106357,0.9846507906913756,0.8926878571510315,0.7463035583496094,0.9434282183647156
1631022106451,1.0052570104599,0.9121147990226746,0.7544313073158264,0.9693882465362548
1631022106560,1.0169382095336914,0.9171713590621948,0.7552567720413208,1.0010769367218018
1631022106700,1.039763569831848,0.9117630124092102,0.7526636123657227,1.0411323308944702
1631022106794,1.039763569831848,0.9055940508842468,0.7478125095367432,1.0864533185958862
1631022106857,1.039763569831848,0.8967155814170837,0.7293385863304138,1.124783277511597
1631022106982,1.039763569831848,0.8631992340087891,0.6736663579940796,1.1384261846542358
1631022107044,1.039763569831848,0.7792453169822693,0.5608866214752197,1.1157854795455933
1631022107145,1.039763569831848,0.7792453169822693,0.3855461478233337,1.1157854795455933
1631022107282,1.039763569831848,0.7792453169822693,0.2720263600349426,1.1157854795455933
1631022107407,1.039763569831848,0.7792453169822693,0.2285052090883255,1.1157854795455933
1631022107516,1.039763569831848,0.7792453169822693,0.220014601945877,1.1157854795455933
1631022107563,0.0021502855233848,-0.2216464281082153,0.1801062822341919,-0.1549037247896194
1631022107672,0.0149489995092153,-0.276180237531662,0.1394016146659851,-0.0759485810995101
1631022107782,0.0432331711053848,-0.3204908370971679,0.114494077861309,-0.0073089790530502
1631022107891,0.0582632906734943,-0.3416313230991363,0.0904859974980354,0.0321166217327117
1631022107985,0.0606014057993888,-0.33795166015625,0.0632523149251937,0.0444239862263202
1631022108079,0.0655397176742553,-0.3176933228969574,0.0359928794205188,0.0332370437681674
1631022108188,0.0874480083584785,-0.2965845465660095,0.0104730846360325,0.0119788395240902
1631022108282,0.1180031299591064,-0.2857203483581543,-0.0122903911396861,-0.0048703551292419
1631022108375,0.1377377808094024,-0.2870146036148071,-0.0345799140632152,-0.0099094286561012
1631022108534,0.1421379148960113,-0.2936462759971618,-0.0559686124324798,-0.0084227565675973
1631022108628,0.1434444934129715,-0.2808718383312225,-0.0705506578087806,-0.0078151831403374
1631022108706,0.1551542729139328,-0.2046894431114196,-0.066472940146923,-0.0073033263906836
1631022108784,0.1859842985868454,-0.0543690994381904,-0.1037940829992294,0.012062176130712
1631022108909,0.2158668935298919,0.1088825166225433,-0.0590050667524337,0.046534426510334
1631022109003,0.2392682135105133,0.2340066730976104,0.0136146619915962,0.0821195840835571
1631022109143,0.2545008361339569,0.3072862923145294,0.0704539939761161,0.1055712029337883
1631022109210,0.2629244327545166,0.3390226662158966,0.1046612113714218,0.1157089695334434
1631022109304,0.2700172066688537,0.3481388092041015,0.1338261514902115,0.1244721934199333
1631022109413,0.2830550372600555,0.3492728471755981,0.174372911453247,0.1465641856193542
1631022109491,0.3025513887405395,0.3491044640541076,0.2268570512533188,0.1813302934169769
1631022109616,0.3243270814418793,0.3502355217933655,0.2896170616149902,0.2225959450006485
1631022109757,0.3435415625572204,0.35332190990448,0.3624400496482849,0.2628057301044464
1631022109835,0.3596894443035126,0.3576992750167846,0.3867236375808716,0.2972633838653564
1631022109928,0.3801118433475494,0.3654588162899017,0.4139330983161926,0.3268518149852752
1631022110022,0.4250741004943847,0.3885854482650757,0.4442086517810821,0.3623198866844177
1631022110147,0.5181013345718384,0.4402544200420379,0.475801557302475,0.4246099889278412
1631022110256,0.6401399970054626,0.5052464008331299,0.5041925311088562,0.508740246295929
1631022110335,0.7491672039031982,0.5503740310668945,0.5236549973487854,0.5884143114089966
1631022110432,0.7647284269332886,0.557539701461792,0.5318780541419983,0.6411680579185486
1631022110525,0.7844366431236267,0.5335714817047119,0.5348238945007324,0.6636788249015808
1631022110619,0.8090670704841614,0.5026002526283264,0.5461946725845337,0.6810352206230164
1631022110713,0.8372964262962341,0.4863913357257843,0.5756643414497375,0.701093316078186
1631022110822,0.8676072955131531,0.4975802898406982,0.6174541711807251,0.7216554880142212
1631022110963,0.9000361561775208,0.5550846457481384,0.6174541711807251,0.7406312823295593
1631022111056,0.9356390833854676,0.6679382920265198,0.6174541711807251,0.7593739628791809
1631022111135,0.9755294919013976,0.7970537543296814,0.6174541711807251,0.7808526158332825
1631022111244,1.020971655845642,0.9003267884254456,0.6174541711807251,0.8073973655700684
1631022111338,1.0756303071975708,0.9621355533599854,1.5522398948669434,0.8404425382614136
1631022111417,1.1446820497512815,0.9885600209236144,1.5522398948669434,0.8801341652870178
1631022111558,1.1446820497512815,1.0132989883422852,1.5522398948669434,0.9221900701522828
1631022111652,1.1446820497512815,1.0303452014923096,1.5522398948669434,0.9478065371513368
1631022111745,1.1446820497512815,1.0051904916763306,1.5522398948669434,0.9478065371513368
1631022111839,1.1446820497512815,0.9777184128761292,1.5522398948669434,0.9478065371513368
1631022111948,1.1446820497512815,0.9586779475212096,1.456618070602417,0.9478065371513368
1631022112042,1.1446820497512815,0.9518051743507384,1.3789204359054563,0.9478065371513368
1631022112167,0.5959685444831848,0.951905369758606,1.313622236251831,0.9478065371513368
1631022112261,0.5732517242431641,0.952706217765808,1.2572506666183472,0.4588720202445984
1631022112370,0.5589321255683899,0.9474821090698242,1.2075098752975464,0.4193170368671417
1631022112435,0.541126549243927,0.921101689338684,1.162962555885315,0.3776730597019195
1631022112529,0.5165432095527649,0.8467616438865662,1.080544352531433,0.3454989194869995
1631022112654,0.4920738339424133,0.6985311508178711,0.9053291082382202,0.3286472856998443
1631022112763,0.4743038415908813,0.4546622633934021,0.5684439539909363,0.3247995972633362
1631022112857,0.4621473550796509,0.1113949716091156,-0.3479012250900268,0.3280630707740783
1631022112982,0.451968640089035,0.1018831431865692,-0.3496323823928833,0.3344956636428833
1631022113107,0.4405668675899505,0.1095646917819976,-0.3475771844387054,0.3390873670578003
1631022113169,0.4281888008117676,0.1286655366420745,-0.3470231890678406,0.3391263782978058
1631022113248,0.4137782156467438,0.1451689749956131,-0.3537540733814239,0.3324062526226043
1631022113423,0.3713106215000152,0.1334878057241439,-0.36598801612854,0.3207082450389862
1631022113486,0.3439960777759552,0.0970663800835609,-0.3726115822792053,0.3045432865619659
1631022113580,0.3486892282962799,0.0581714771687984,-0.3614394068717956,0.3267954587936401
1631022113673,0.3846756219863891,0.0392395853996276,-0.3251169323921203,0.4026472568511963
1631022113783,0.4371766448020935,0.0401252843439579,-0.275579571723938,0.50127774477005
1631022113892,0.493298590183258,0.0487857460975647,-0.2305294722318649,0.5843971371650696
1631022114001,0.5505932569503784,0.0637459531426429,-0.1964891701936721,0.6397560238838196
1631022114111,0.6064016222953796,0.0955185070633888,-0.1616246998310089,0.6731568574905396
1631022114220,0.6519873738288879,0.1511572301387787,-0.1122327372431755,0.6925475597381592
1631022114282,0.6836281418800354,0.2200029343366623,-0.0522680021822452,0.7018312215805054
1631022114361,0.7058476805686951,0.2809680700302124,0.0008125385502353,0.7054577469825745
1631022114454,0.7234959602355957,0.3177673816680908,0.0350671559572219,0.7117266654968262
1631022114579,0.7399524450302124,0.3255724906921386,0.0513971745967865,0.7288925051689148
1631022114689,0.7599361538887024,0.3132863938808441,0.0586244091391563,0.7550930380821228
1631022114798,0.7894312739372253,0.2986649572849273,0.0642249062657356,0.7822830677032471
1631022114923,0.8303728699684143,0.2969854474067688,0.0725693851709365,0.8068820238113403
1631022114985,0.8815690279006958,0.3103517591953277,0.0829817205667495,0.8302910923957825
1631022115079,0.9354028701782228,0.327522873878479,0.0899679288268089,0.8522862792015076
1631022115204,0.9800373911857604,0.3387279808521271,0.0864563733339309,0.8678920269012451
1631022115345,1.0066497325897217,0.3442114293575287,0.0778864473104476,0.8736933469772339
1631022115407,1.0158472061157229,0.3525933921337127,0.0928693264722824,0.8716265559196472
1631022115517,1.0142252445220947,0.37478107213974,0.1856576651334762,0.8647919297218323
1631022115595,1.0116850137710571,0.4129568934440613,0.3602876663208008,0.8569878935813904
1631022115720,1.0154178142547607,0.4536750614643097,0.3688352108001709,0.8550503849983215
1631022115813,1.02745258808136,0.480329304933548,0.3718608617782593,0.8646202087402344
1631022115923,1.0417300462722778,0.4887003898620605,0.3752719163894653,0.8804292678833008
1631022116032,1.051480412483215,0.4881935715675354,0.3869328498840332,0.8896967172622681
1631022116095,1.0538057088851929,0.4914510548114776,0.4244818389415741,0.8848327994346619
1631022116220,1.0494916439056396,0.5006340146064758,0.4441312551498413,0.8700466156005859
1631022116313,1.0400948524475098,0.5068883299827576,0.4641112983226776,0.85578852891922
1631022116441,1.026782512664795,0.5041565895080566,0.4843513369560241,0.8465530872344971
1631022116519,1.007246494293213,0.4938546121120453,0.5009784698486328,0.8355128169059753
1631022116644,0.978918194770813,0.4820497632026672,0.5153453350067139,0.8103193640708923
1631022116754,0.943774163722992,0.4731572568416595,0.5321144461631775,0.7651517987251282
1631022116832,0.9105176329612732,0.4664208590984344,0.5504547953605652,0.7077405452728271
1631022116910,0.8883498311042786,0.4565337896347046,0.560006320476532,0.6573888063430786
1631022117066,0.8783279061317444,0.4343437552452087,0.5320020318031311,0.6314659118652344
1631022117128,0.8687363266944885,0.3895015716552734,0.4076502621173858,0.6251444816589355
1631022117222,0.8501468896865845,0.3198221325874328,0.4161010682582855,0.616580605506897
1631022117347,0.8199301958084106,0.2402804791927337,0.4176450967788696,0.591211199760437
1631022117429,0.785137951374054,0.1761384159326553,0.413483202457428,0.5529769659042358
1631022117507,0.7544198632240295,0.1390994042158126,0.4071836471557617,0.5169640183448792
1631022117647,0.7332077622413635,0.1162085533142089,0.387830913066864,0.4917698204517364
1631022117772,0.7185966968536377,0.1021643579006195,0.3811621069908142,0.4723327159881592
1631022117850,0.7040597796440125,0.1187464371323585,0.3750877976417541,0.4528791606426239
1631022117929,0.6798285841941833,0.1740284562110901,0.3731318712234497,0.4345138370990753
1631022118085,0.6385371685028076,0.2405562847852707,0.380454957485199,0.4195677042007446
1631022118116,0.5796598792076111,0.2875647246837616,0.3931111097335815,0.4074991345405578
1631022118288,0.5143283605575562,0.3068346083164215,0.4026135504245758,0.400186538696289
1631022118366,0.4580076932907104,0.3074464797973633,0.4032683372497558,0.3990856409072876
1631022118447,0.4163368344306946,0.3013645708560943,0.3933438062667846,0.4135624766349792
1631022118540,0.3905140161514282,0.293177455663681,0.3770990669727325,0.4540961384773254
1631022118634,0.3857272267341614,0.2833463549613952,0.3608382642269134,0.5125864744186401
1631022118744,0.3986795842647552,0.2710097432136535,0.349233329296112,0.5667310357093811
1631022118868,0.4094725251197815,0.2544685006141662,0.3420752584934234,0.6025829911231995
1631022118962,0.4078111946582794,0.2332093119621276,0.3403804004192352,0.6281989216804504
1631022119056,0.4028684794902801,0.209443911910057,0.3522079885005951,0.65983647108078
1631022119150,0.4042510986328125,0.1874045133590698,0.3852458298206329,0.7022175788879395
1631022119228,0.4109583795070648,0.1662049889564514,0.445172518491745,0.7482680082321167
1631022119322,0.4266189634799957,0.1384834349155426,0.5290330052375793,0.7885361313819885
1631022119450,0.441519170999527,0.0996057465672493,0.6192988157272339,0.8188641667366028
1631022119574,0.4597778916358948,0.0568434409797191,0.6931243538856506,0.8389514684677124
1631022119653,0.4850115478038788,0.0309477876871824,0.7375448346138,0.8528255224227905
1631022119793,0.52985680103302,0.0375624001026153,0.7545713782310486,0.8624632954597473
1631022119903,0.5588991045951843,0.0711060985922813,0.7570303678512573,0.8663700819015503
1631022119965,0.5647152662277222,0.1107693687081337,0.755834698677063,0.8585297465324402
1631022120106,0.5514848828315735,0.1425685584545135,0.7537346482276917,0.8347494006156921
1631022120215,0.5275418758392334,0.1696582585573196,0.7522774934768677,0.8013486266136169
1631022120293,0.4856046438217163,0.218226671218872,0.7591431140899658,0.7784080505371094
1631022120356,0.4474066197872162,0.3014383614063263,0.7779773473739624,0.7810105085372925
1631022120468,0.4330162703990936,0.3959492743015289,0.7989588975906372,0.8003031611442566
1631022120593,0.4432532787322998,0.4715864956378937,0.8178399801254272,0.8136487007141113
1631022120687,0.469583511352539,0.5168108344078064,0.8300325870513916,0.8090904355049133
1631022120796,0.5104983448982239,0.5363322496414185,0.812675952911377,0.7885323166847229
1631022120890,0.5104983448982239,0.5384780764579773,0.7662394046783447,0.7617002725601196
1631022120984,0.5104983448982239,0.5287801027297974,0.6838803887367249,0.7350687384605408
1631022121062,0.5104983448982239,0.5114122629165649,0.5738844275474548,0.7124603986740112
1631022121187,0.4955296218395233,0.4922739863395691,0.4693304300308227,0.6932106614112854
1631022121312,0.4161486029624939,0.4755391180515289,0.4083400368690491,0.6768490076065063
1631022121374,0.3322525322437286,0.4608120024204254,0.3911590874195099,0.6654307246208191
1631022121487,0.2772580981254577,0.4465327262878418,0.3985738158226013,0.6622412800788879
1631022121596,0.2073661684989929,0.4328001737594604,0.4199937582015991,0.6652082204818726
1631022121690,0.1752455234527588,0.4173792898654938,0.4419300258159637,0.665404200553894
1631022121768,0.1420345157384872,0.3861823379993438,0.4359106421470642,0.6492006778717041
1631022121924,0.1112946942448616,0.3204485774040222,0.4360807538032532,0.6080427765846252
1631022122003,0.0897972956299781,0.2099599093198776,0.4334384799003601,0.5419981479644775
1631022122112,0.0782373994588851,0.0647165700793266,0.4377008974552154,0.4660167992115021
1631022122177,0.0739672929048538,-0.0787663534283638,0.4507826566696167,0.4053069949150085
1631022122302,0.0770479515194892,-0.1815725117921829,0.4515996873378753,0.3766815066337585
1631022122396,0.0990110859274864,-0.241321787238121,0.4495216310024261,0.3683108985424042
1631022122521,0.1375812888145446,-0.2792539894580841,0.4388273358345032,0.3637531995773315
1631022122615,0.1762378066778183,-0.3024640381336212,0.4242148399353027,0.3540559709072113
1631022122740,0.1794929802417755,-0.3126063644886017,0.4137870371341705,0.3397156894207001
1631022122834,0.1832835376262664,-0.3095462620258331,0.4121550023555755,0.3253509998321533
1631022122896,0.1835703700780868,-0.2987782657146454,0.4157500565052032,0.3145643770694732
1631022123005,0.1776835769414901,-0.2840032875537872,0.4156867265701294,0.3056078553199768
1631022123146,0.1695298701524734,-0.2681740224361419,0.4054345488548279,0.2972261607646942
1631022123224,0.1625739634037017,-0.2549186050891876,0.3853141069412231,0.2887057960033417
1631022123349,0.1576882153749466,-0.2475165277719497,0.3616074323654175,0.2819863855838775
1631022123415,0.1523119062185287,-0.2411023080348968,0.3399807214736938,0.2790979743003845
1631022123556,0.1436817049980163,-0.2245610952377319,0.3195575773715973,0.277623176574707
1631022123603,0.1349692195653915,-0.1956355571746826,0.2909314930438995,0.2703362107276916
1631022123743,0.1289292275905609,-0.1669137775897979,0.2471044510602951,0.2475629895925521
1631022123900,0.1241020038723945,-0.1492862254381179,0.1966197043657302,0.2019142061471939
1631022123947,0.1064806506037712,-0.1443183422088623,0.1641409695148468,0.1349176466464996
1631022124056,0.0692817419767379,-0.1440383791923523,0.1656667441129684,0.0587667226791381
1631022124153,0.0255601182579994,-0.1402272880077362,0.1878377050161361,5.521708953892812e-05
1631022124216,0.0102415904402732,-0.126605212688446,0.2055111229419708,0.0020611670333892
1631022124356,0.0470858886837959,-0.1062044724822044,0.2078461647033691,0.0797910913825035
1631022124481,0.1222573220729827,-0.0851807296276092,0.2052779793739318,0.1833617091178894
1631022124715,0.3050304055213928,0.004841785877943,0.3213678002357483,0.3350529372692108
1631022124747,0.4240173399448395,0.114005796611309,0.4521480202674866,0.4059501588344574
1631022124856,0.5426715612411499,0.1281683444976806,0.57405024766922,0.4844438135623932
1631022124965,0.6332458257675171,0.1430048197507858,0.658737301826477,0.4999735951423645
1631022125059,0.6847097277641296,0.1555380523204803,0.7025195360183716,0.5209161639213562
1631022125137,0.7077670097351074,0.1671419143676757,0.7261741161346436,0.5486924052238464
1631022125247,0.7275187373161316,0.1742145419120788,0.7514104247093201,0.5824300646781921
1631022125340,0.7670469880104065,0.1854614466428756,0.7791195511817932,0.6123432517051697
1631022125434,0.8229357600212097,0.212040826678276,0.7808040976524353,0.6424428224563599
1631022125590,0.8778572678565979,0.2443844527006149,0.7870051860809326,0.6767175793647766
1631022125653,0.9174898266792296,0.2689146995544433,0.7994609475135803,0.7143206596374512
1631022125762,0.937464714050293,0.2813660502433777,0.8169426918029785,0.7435534596443176
1631022125840,0.9408994317054749,0.285140186548233,0.8336946964263916,0.7543283700942993
1631022125934,0.9339644312858582,0.2872246205806732,0.844149649143219,0.7469906210899353
1631022126059,0.9205338954925536,0.2844216525554657,0.8437157869338989,0.7311192750930786
1631022126215,0.8997659683227539,0.2584505379199981,0.8250415325164795,0.7091010212898254
1631022126278,0.8653901219367981,0.1773118525743484,0.778587281703949,0.6721868515014648
1631022126371,0.8156631588935852,0.1810686588287353,0.7042766809463501,0.6155811548233032
1631022126452,0.7611606121063232,0.1859512329101562,0.6200355291366577,0.6071006655693054
1631022126546,0.7218090891838074,0.2030245661735534,0.5637543797492981,0.6119014024734497
1631022126640,0.7065635323524475,0.2361987084150314,0.5623713135719299,0.6354475617408752
1631022126796,0.7010561227798462,0.2847583293914795,0.5759916305541992,0.679513692855835
1631022126874,0.6777706146240234,0.3264651596546173,0.5934097766876221,0.7295202016830444
1631022126968,0.6136893630027771,0.3546853959560394,0.6317771673202515,0.7684341073036194
1631022127077,0.5079126954078674,0.3956783711910248,0.643244743347168,0.7931336760520935
1631022127171,0.3772671520709991,0.4748066365718841,0.644175112247467,0.8129943609237671
1631022127265,0.2570600211620331,0.5722442269325256,0.6354855298995972,0.8130356669425964
1631022127405,0.1812004297971725,0.651731550693512,0.6262837052345276,0.8161180019378662
1631022127483,0.1493631154298782,0.6964480876922607,0.6258091926574707,0.826730489730835
1631022127577,0.157327264547348,0.7115482091903687,0.6316426396369934,0.8455404043197632
1631022127687,0.1808306574821472,0.7100484371185303,0.6349124908447266,0.8372656106948853
1631022127780,0.2067150175571441,0.7034533619880676,0.6134970784187317,0.8265736103057861
1631022127874,0.383028894662857,0.6963316798210144,0.6012148857116699,0.8149109482765198
1631022127999,0.5721175074577332,0.6892131567001343,0.6188831925392151,0.80084228515625
1631022128093,0.7213738560676575,0.679179310798645,0.6546846032142639,0.7810515761375427
1631022128202,0.8122186064720154,0.663783609867096,0.6786311864852905,0.7447363138198853
1631022128280,0.8455765247344971,0.6456925868988037,0.6746666431427002,0.6802049279212952
1631022128374,0.8137185573577881,0.6303337812423706,0.6499027013778687,0.5842970013618469
1631022128501,0.775086522102356,0.6164661645889282,0.6060457825660706,0.4691418707370758
1631022128658,0.7362233400344849,0.5879450440406799,0.6012570858001709,0.3466363847255707
1631022128736,0.7018535137176514,0.519633948802948,0.601813018321991,0.1928498446941375
1631022128798,0.6766368746757507,0.3959361910820007,0.6145038604736328,0.2519277930259704
1631022128923,0.6702401638031006,0.2347638756036758,0.6469343304634094,0.3143784999847412
1631022129001,0.7048472762107849,0.1383409202098846,0.6469343304634094,0.3916093111038208
1631022129079,0.7048472762107849,0.2184224277734756,0.6469343304634094,0.4909427165985107
1631022129236,0.7048472762107849,0.3813817799091339,0.6469343304634094,0.6071592569351196
1631022129314,0.7048472762107849,0.5145471096038818,0.6623360514640808,0.6979377269744873
1631022129439,0.7044479250907898,0.5944312810897827,0.6792993545532227,0.7502360343933105
1631022129517,0.6828861832618713,0.6326239705085754,0.6891260147094727,0.7760652899742126
1631022129626,0.6434712409973145,0.6490249633789062,0.6874818205833435,0.7999705076217651
1631022129704,0.5987177491188049,0.6573858261108398,0.6786115765571594,0.811082124710083
1631022129830,0.5882930159568787,0.659949779510498,0.6761610507965088,0.8225817084312439
1631022129923,0.5931800007820129,0.6571313142776489,0.6299875378608704,0.8355312943458557
1631022130017,0.6100370287895203,0.6533554792404175,0.6442764401435852,0.8532316088676453
1631022130126,0.6422559022903442,0.6632803678512573,0.6628356575965881,0.8877646327018738
1631022130251,0.6842181086540222,0.7112908959388733,0.6628356575965881,0.954550564289093
1631022130329,0.7292306423187256,0.7387902140617371,0.6628356575965881,1.0454256534576416
1631022130438,0.7562277317047119,0.7649149894714355,0.6628356575965881,1.0636987686157229
1631022130532,0.7562277317047119,0.7781143188476562,0.6628356575965881,1.0767890214920044
1631022130642,0.7562277317047119,0.7617633938789368,0.6628356575965881,1.0766887664794922
1631022130704,0.7562277317047119,0.7058795690536499,0.6628356575965881,1.0620794296264648
1631022130829,0.7562277317047119,0.6170481443405151,0.6628356575965881,1.0475168228149414
1631022130954,0.7562277317047119,0.5271499752998352,0.6628356575965881,1.0541508197784424
1631022131048,0.7562277317047119,0.4767571687698364,0.6628356575965881,1.0541508197784424
1631022131157,0.7562277317047119,0.4083825349807739,0.6628356575965881,1.0099016427993774
1631022131235,0.5730298757553101,0.3529612421989441,0.6628356575965881,1.000585675239563
1631022131360,0.4767176210880279,0.3067136108875274,0.0207626093178987,0.990127980709076
1631022131426,0.4429643750190735,0.2753124535083771,-0.0229667779058218,0.9800072312355042
1631022131535,0.4720651805400848,0.2505298554897308,-0.0578102171421051,0.9665429592132568
1631022131676,0.5163222551345825,0.1567045003175735,-0.0879485979676246,0.9269229173660278
1631022131785,0.5157032012939453,-0.6275495886802673,-0.1082483455538749,0.803844153881073
1631022131863,0.4855177700519562,-0.6060507893562317,-0.1150908470153808,0.4379472136497497
1631022131941,0.4490613937377929,-0.6033992767333984,-0.1076178029179573,0.4226798713207245
1631022132082,0.4247986972332001,-0.5959707498550415,-0.0916525423526763,0.4129935204982757
1631022132129,0.4239710867404938,-0.5651594996452332,-0.0755661576986312,0.4311243593692779
1631022132269,0.4545297920703888,-0.4597199559211731,-0.0439970418810844,0.4930742681026459
1631022132363,0.5190131068229675,-0.2515844702720642,0.0573756955564022,0.5935361981391907
1631022132459,0.6043842434883118,-0.0228636562824249,0.2159003019332885,0.7081667184829712
1631022132584,0.6043842434883118,0.1532069593667984,0.3609057962894439,0.8069506287574768
1631022132646,0.6043842434883118,0.2856022417545318,0.469936728477478,0.8942720293998718
1631022132787,0.6266307830810547,0.3564461171627044,0.5282331109046936,0.9146385788917542
1631022132881,0.6447781324386597,0.3851279020309448,0.5507593750953674,0.9369258880615234
1631022132974,0.6537894010543823,0.3930347561836242,0.5578008890151978,0.9615352153778076
1631022133068,0.6523315906524658,0.3952007591724396,0.5613806843757629,1.027704834938049
1631022133162,0.6515457034111023,0.3972611129283905,0.5626552700996399,1.0625097751617432
1631022133271,0.6873599886894226,0.4010504782199859,0.56163090467453,1.0716553926467896
1631022133396,0.7009850740432739,0.4104474484920501,0.5602450966835022,1.0697424411773682
1631022133490,0.7139161825180054,0.4390244483947754,0.5661869645118713,1.0683364868164062
1631022133599,0.7450708746910095,0.4658978581428528,0.5920259356498718,1.074021339416504
1631022133677,0.816877543926239,0.493189126253128,0.6476541757583618,1.093835473060608
1631022133818,0.8333643078804016,0.5152143836021423,0.7197180986404419,1.123871684074402
1631022133896,0.8170755505561829,0.517075777053833,0.7771875858306885,1.1458147764205933
1631022133959,0.72822505235672,0.4797448217868805,0.7997381687164307,1.142745852470398
1631022134099,0.72822505235672,0.3905171751976013,0.7897503972053528,1.1140557527542114
1631022134208,0.72822505235672,0.2543315291404724,0.7687894701957703,1.0752732753753662
1631022134271,0.72822505235672,0.1132998168468475,0.7596542835235596,1.0705739259719849
1631022134392,0.72822505235672,0.0406051576137542,0.7659622430801392,1.0655455589294434
1631022134492,0.72822505235672,0.0450207963585853,0.7763668894767761,1.0566662549972534
1631022134570,0.72822505235672,0.0730952993035316,0.7829744219779968,1.01550555229187
1631022134710,0.7059966921806335,0.0944952592253685,0.7861711382865906,0.9843077063560486
1631022134820,0.6453219652175903,0.0990903601050376,0.7883196473121643,0.9707573652267456
1631022134914,0.6192952394485474,0.061984609812498,0.7910261750221252,0.9680877327919006
1631022135023,0.5955207943916321,-0.1435011476278305,0.7913387417793274,0.9673275351524352
1631022135101,0.5223389267921448,-0.1973329931497573,0.7803981304168701,0.9598671793937684
1631022135210,0.2383832335472107,-0.2428736686706543,0.7443099021911621,0.9314960837364196
1631022135320,0.2454578280448913,-0.2664943635463714,0.6743702292442322,0.8723465800285339
1631022135416,0.3118623495101928,-0.2486405819654464,0.5750806927680969,0.7908692955970764
1631022135510,0.4098158776760101,-0.1792463511228561,0.4655213057994842,0.7128088474273682
1631022135588,0.4929181337356567,-0.0875871777534484,0.3681361973285675,0.6619514226913452
1631022135682,0.5397033095359802,-0.0070876772515475,0.2885947823524475,0.6359851360321045
1631022135823,0.5529369115829468,0.0491806901991367,0.2230895310640335,0.6215352416038513
1631022135979,0.5538208484649658,0.0873975232243537,0.1840849816799163,0.6213156580924988
1631022136010,0.5653071999549866,0.125963032245636,0.1891429871320724,0.6402390003204346
1631022136135,0.5928858518600464,0.1658446490764618,0.229676604270935,0.6745020747184753
1631022136229,0.6334485411643982,0.2072528600692749,0.2783474624156952,0.7160476446151733
1631022136322,0.6868596076965332,0.2472591698169708,0.2946579158306122,0.7589352130889893
1631022136404,0.7441412806510925,0.2867457866668701,0.3094410896301269,0.8008753061294556
1631022136544,0.7689985632896423,0.3340056240558624,0.3153404295444488,0.8483326435089111
1631022136654,0.7966721653938293,0.4146462976932525,0.3137264251708984,0.8719114661216736
1631022136732,0.8259631991386414,0.5226179361343384,0.3161470890045166,0.8965483903884888
1631022136825,0.853194534778595,0.623389720916748,0.3349629640579223,0.9226763248443604
1631022136919,0.8713586926460266,0.6921355724334717,0.3716191947460174,0.94823157787323
1631022137029,0.8759845495223999,0.7263715863227844,0.4204301238059997,0.9710843563079834
1631022137154,0.8725649118423462,0.7384791374206543,0.4762236773967743,0.9907289147377014
1631022137232,0.8763201236724854,0.7411978840827942,0.5356791019439697,1.0078526735305786
1631022137341,0.9021923542022704,0.7404778003692627,0.5932900905609131,1.0203261375427246
1631022137438,0.946786880493164,0.7418643236160278,0.5932900905609131,1.1004191637039185
1631022137516,0.9924595952033995,0.7606415748596191,0.5932900905609131,1.1568421125411987
1631022137610,0.9924595952033995,0.8184813857078552,0.5932900905609131,1.2330869436264038
1631022137735,0.9924595952033995,0.9073917865753174,0.5932900905609131,1.3299753665924072
1631022137828,0.9924595952033995,0.9949119687080384,0.5932900905609131,1.4139888286590576
1631022137985,0.9924595952033995,1.055397391319275,0.5932900905609131,1.4568681716918943
1631022138047,0.9924595952033995,1.0824828147888184,0.5932900905609131,1.5042213201522827
1631022138156,0.9924595952033995,1.0797405242919922,0.5932900905609131,1.5042213201522827
1631022138281,0.9924595952033995,1.0563069581985474,0.5932900905609131,1.5042213201522827
1631022138399,0.9924595952033995,1.0229856967926023,0.5932900905609131,1.5042213201522827
1631022138457,0.9924595952033995,0.9918292164802552,0.5932900905609131,1.4310230016708374
1631022138567,0.9924595952033995,0.970286786556244,0.5932900905609131,1.3697857856750488
1631022138661,1.3882108926773071,0.9571374654769896,0.5932900905609131,1.3171098232269287
1631022138770,1.2990798950195312,0.9482559561729432,0.5932900905609131,1.2721848487854004
1631022138817,1.2280938625335691,0.942269206047058,0.5681270360946655,1.2344049215316772
1631022138973,1.1714428663253784,0.9362989068031312,0.5903227925300598,1.1785529851913452
1631022139082,1.1258641481399536,0.9192021489143372,0.6066640019416809,1.1221736669540403
1631022139163,1.0876851081848145,0.868056058883667,0.6131443381309509,1.0316574573516846
1631022139272,0.908714771270752,0.7596482634544373,0.6131443381309509,0.8591910600662231
1631022139350,0.3443663716316223,0.5798710584640503,0.6131443381309509,0.5324479341506958
1631022139444,0.3443663716316223,0.3491291403770447,0.6131443381309509,0.5324479341506958
1631022139569,0.3443663716316223,0.1806026995182037,0.6131443381309509,0.5324479341506958
1631022139710,0.3443663716316223,0.1890504658222198,0.6131443381309509,0.5324479341506958
1631022139804,0.3443663716316223,0.276768147945404,0.6131443381309509,0.5324479341506958
1631022139866,0.3443663716316223,0.3472171127796173,0.6131443381309509,0.5324479341506958
1631022139975,0.3443663716316223,0.3857949078083038,0.6131443381309509,0.551048219203949
1631022140085,0.3680783808231354,0.4033360481262207,0.6160662770271301,0.5750476121902466
1631022140210,0.3927280008792877,0.4099761247634887,0.6309800148010254,0.5630979537963867
1631022140288,0.4688339233398437,0.4096440076828003,0.652432382106781,0.5337601900100708
1631022140400,0.5088632106781006,0.4050223529338836,0.652432382106781,0.4939833581447601
1631022140494,0.5079204440116882,0.396876722574234,0.652432382106781,0.4448084235191345
1631022140572,0.4788777530193329,0.3857763409614563,0.652432382106781,0.3879264593124389
1631022140666,0.436972051858902,0.3744905292987823,0.652432382106781,0.3235408067703247
1631022140869,0.4046638906002044,0.368336945772171,0.8209841251373291,0.2573792934417724
1631022140931,0.3839965462684631,0.3693271577358246,0.788272500038147,0.2677855789661407
1631022141025,0.4172512292861938,0.3703410923480987,0.7415395379066467,0.2692491412162781
1631022141103,0.5146915316581726,0.357814073562622,0.6940961480140686,0.2961269617080688
1631022141213,0.6287362575531006,0.3248787820339203,0.6623690128326416,0.3674142956733703
1631022141275,0.7146339416503906,0.2763595581054687,0.6532356142997742,0.4553889334201813
1631022141405,0.7599499821662903,0.2256443500518798,0.6581943035125732,0.526350200176239
1631022141530,0.771744966506958,0.1855257600545883,0.6661615967750549,0.5695307850837708
1631022141608,0.7634226083755493,0.1638055890798568,0.6752838492393494,0.5912014245986938
1631022141686,0.7505097389221191,0.1709854900836944,0.7025312781333923,0.6216291785240173
1631022141795,0.7559024691581726,0.2296161204576492,0.7677882313728333,0.6599993705749512
1631022141873,0.7836080193519592,0.3372505605220794,0.7677882313728333,0.7120384573936462
1631022142045,0.8289808630943298,0.4544115364551544,0.7602107524871826,0.7719272375106812
1631022142124,0.8739017248153687,0.547559916973114,0.7528963685035706,0.7901242971420288
1631022142248,0.9076946377754213,0.6052432656288147,0.7464264035224915,0.8078364133834839
1631022142326,0.9303619265556335,0.6327806711196899,0.7445405721664429,0.82807457447052
1631022142408,0.9439666867256165,0.6409412026405334,0.7559762597084045,0.8540928959846497
1631022142502,0.9440968036651612,0.6371699571609497,0.7864834666252136,0.8748264312744141
1631022142642,0.9236468076705932,0.6235860586166382,0.8307713270187378,0.8789138793945312
1631022142736,0.882334291934967,0.6022262573242188,0.8774892091751099,0.8579686284065247
1631022142830,0.8297532200813293,0.5801385045051575,0.9192579388618468,0.8165732026100159
1631022142892,0.7934191823005676,0.5728791356086731,0.9602349996566772,0.7801802754402161
1631022143017,0.8169798851013184,0.6031882166862488,0.9602349996566772,0.7964648008346558
1631022143111,0.9115127325057985,0.676843523979187,0.9602349996566772,0.8812408447265625
1631022143236,0.9297791719436646,0.7624095678329468,0.9602349996566772,0.985240399837494
1631022143345,0.942621111869812,0.8212570548057556,0.9602349996566772,1.05767822265625
1631022143442,0.9418461918830872,0.8358399868011475,0.9602349996566772,1.079725980758667
1631022143504,0.9248677492141724,0.8122870922088623,0.9602349996566772,1.060766577720642
1631022143614,0.9005285501480103,0.7713786959648132,0.9602349996566772,1.060766577720642
1631022143723,0.8820465803146362,0.7357787489891052,0.9602349996566772,1.060766577720642
1631022143879,0.8789368271827698,0.7153288125991821,0.9602349996566772,1.060766577720642
1631022143957,0.8933549523353577,0.7081006765365601,0.9602349996566772,1.0319583415985107
1631022144036,0.8899746537208557,0.7080533504486084,0.9602349996566772,1.018836259841919
1631022144129,0.8929623961448669,0.7107359766960144,0.9602349996566772,1.0097593069076538
1631022144207,0.8983067870140076,0.7139020562171936,0.9602349996566772,1.0067318677902222
1631022144348,0.9079143404960632,0.7160079479217529,0.9602349996566772,1.0071853399276731
1631022144460,0.903867483139038,0.7116801142692566,0.9602349996566772,1.0018550157546997
1631022144554,0.8233705163002014,0.6850712895393372,0.9602349996566772,0.9712166786193848
1631022144647,0.4839597046375274,0.6134333610534668,0.9602349996566772,0.8916199803352356
1631022144757,0.4728995859622955,0.4813525974750519,0.9602349996566772,0.7500751614570618
1631022144835,0.460510104894638,0.2956865429878235,0.9602349996566772,0.5574154853820801
1631022144944,0.4516966342926025,0.1030715182423591,0.9602349996566772,0.372052401304245
1631022145116,0.4435628950595855,-0.0241381470113992,0.9602349996566772,0.2627125382423401
1631022145178,0.4319261014461517,-0.0772891566157341,0.9602349996566772,0.250618427991867
1631022145257,0.4156132638454437,-0.104933463037014,0.9602349996566772,0.2400454878807068
1631022145388,0.397631287574768,-0.1292818039655685,0.9602349996566772,0.2318906784057617
1631022145447,0.3839625120162964,-0.163011685013771,0.9602349996566772,0.2182176858186721
1631022145572,0.3638403713703155,-0.2111469656229019,0.9602349996566772,0.2373982369899749
1631022145666,0.3631291687488556,-0.2649802267551422,0.9602349996566772,0.2826151549816131
1631022145760,0.3906704485416412,-0.3078784346580505,0.9602349996566772,0.3249801099300384
1631022145854,0.4433911740779876,-0.3337827622890472,0.9602349996566772,0.3444377779960632
1631022145963,0.5051168203353882,-0.3483560681343078,0.9602349996566772,0.3388576805591583
1631022146057,0.5574292540550232,-0.3555919528007507,0.9602349996566772,0.3158569037914276
1631022146166,0.5909094214439392,-0.3596310317516327,0.9602349996566772,0.2861749529838562
1631022146275,0.6127023696899414,-0.3549910485744476,0.9602349996566772,0.2652486562728882
1631022146396,0.6539812684059143,-0.2883184254169464,0.9602349996566772,0.2831639349460602
1631022146465,0.7525690197944641,-0.0916216969490051,0.9602349996566772,0.3761464655399322
1631022146559,0.7708504796028137,0.150876373052597,0.9602349996566772,0.391946017742157
1631022146669,0.7929507493972778,0.3426982164382934,0.9602349996566772,0.4090601503849029
1631022146762,0.8200697898864746,0.4601272344589233,0.9602349996566772,0.4281581044197082
1631022146903,0.851651132106781,0.515180766582489,0.9602349996566772,0.4486879110336303
1631022146981,0.8855506181716919,0.5322760343551636,0.9602349996566772,0.4828218817710876
1631022147090,0.9202409982681274,0.5352950096130371,0.9602349996566772,0.4790181517601013
1631022147231,0.9549520015716552,0.5359582304954529,0.9602349996566772,0.446864366531372
1631022147278,0.9325016140937804,0.5359383225440979,0.9602349996566772,0.3984239101409912
1631022147389,0.8942389488220215,0.5347704291343689,0.9602349996566772,0.3554709851741791
1631022147515,0.839637815952301,0.5326902866363525,0.9602349996566772,0.3314749002456665
1631022147593,0.7809299230575562,0.5300093293190002,0.9602349996566772,0.3319759964942932
1631022147703,0.736743152141571,0.5267826914787292,0.9602349996566772,0.3605915606021881
1631022147828,0.7368618845939636,0.5225606560707092,0.9602349996566772,0.4091867804527282
1631022147890,0.696659505367279,0.510317862033844,0.9602349996566772,0.4515016674995422
1631022148000,0.3139262497425079,0.4699168801307678,0.9602349996566772,0.4548226594924927
1631022148125,0.7576766014099121,0.3782684803009033,0.9602349996566772,0.5465041399002075
1631022148218,0.9544456005096436,0.2250161916017532,0.9602349996566772,0.6144616603851318
1631022148328,1.0444129705429075,0.0347225293517112,0.9602349996566772,0.650762140750885
1631022148405,1.0746983289718628,-0.1077127382159233,0.9602349996566772,0.6600503325462341
1631022148487,1.0758663415908811,-0.134802758693695,0.9602349996566772,0.6561276316642761
1631022148581,1.0650471448898315,-0.1011100485920906,0.9602349996566772,0.6582806706428528
1631022148737,1.0480246543884275,-0.0640013441443443,0.9602349996566772,0.6666548252105713
1631022148831,1.062289834022522,-0.0368672832846641,0.9602349996566772,0.6821253895759583
1631022148940,1.0744318962097168,-0.0193363782018423,0.9602349996566772,0.7024959921836853
1631022149002,1.0831655263900757,-0.0112936710938811,0.9602349996566772,0.7220189571380615
1631022149127,1.0866113901138306,-0.0102664195001125,0.9602349996566772,0.7338664531707764
1631022149205,1.087841272354126,-0.0058158626779913,0.9602349996566772,0.7348803281784058
1631022149346,1.0677340030670166,0.0195182673633098,0.3614110648632049,0.730574905872345
1631022149429,1.0634124279022217,0.0798861756920814,0.5998160243034363,0.7280069589614868
1631022149538,1.0634124279022217,0.1607090830802917,0.5998160243034363,0.721686065196991
1631022149616,1.0258371829986572,0.2309953272342682,0.5998160243034363,0.7003443241119385
1631022149710,0.9593650698661804,0.2733696103096008,0.5998160243034363,0.6644428968429565
1631022149819,0.8813159465789795,0.2904244661331177,0.5998160243034363,0.6263984441757202
1631022149944,0.815710186958313,0.2932825088500976,0.5998160243034363,0.6137878894805908
1631022150022,0.7762925624847412,0.2913651466369629,0.5998160243034363,0.6166098117828369
1631022150116,0.7547004222869873,0.2874336242675781,0.5421456098556519,0.6138521432876587
1631022150257,0.7431529760360718,0.2849147617816925,0.5052645206451416,0.6168043613433838
1631022150319,0.7319644689559937,0.2876307666301727,0.487742155790329,0.6236337423324585
1631022150447,0.7171100974082947,0.2938399910926819,0.4812624156475067,0.6270837783813477
1631022150619,0.700324535369873,0.2981058061122894,0.5071317553520203,0.6270097494125366
1631022150682,0.699308454990387,0.2985713183879852,0.5152194499969482,0.6283767223358154
1631022150760,0.7220549583435059,0.2963854968547821,0.4928809404373169,0.6334788203239441
1631022150838,0.7477865815162659,0.2899154722690582,0.4095863699913025,0.6304863095283508
1631022150916,0.7446097731590271,0.2681108713150024,0.1507612764835357,0.6075791716575623
1631022151041,0.7701774835586548,0.2215887755155563,0.1216615512967109,0.5708696842193604
1631022151150,0.7807530164718628,0.1579558402299881,0.1008673086762428,0.5467996001243591
1631022151260,0.7799750566482544,0.1004990935325622,0.0847892016172409,0.55173659324646
1631022151353,0.773405134677887,0.0675080046057701,0.0695418864488601,0.5722375512123108
1631022151447,0.7631702423095703,0.0528031326830387,0.0525916516780853,0.5735123157501221
1631022151556,0.7440159320831299,0.0407168790698051,0.0332135260105133,0.5599097013473511
1631022151666,0.7216269373893738,0.0277172941714525,0.0136111425235867,0.5445369482040405
1631022151806,0.700042188167572,0.012254181317985,-0.021565543487668,0.5201690196990967
1631022151869,0.6837989091873169,-0.0095764016732573,-0.081205815076828,0.4945590496063232
1631022151978,0.6794736981391907,-0.0344009101390838,-0.1656247973442077,0.488703578710556
1631022152072,0.6947078704833984,-0.0496826246380806,-0.2551207840442657,0.5137057900428772
1631022152181,0.7196487784385681,-0.047779481858015,-0.3095495998859405,0.5568984746932983
1631022152291,0.7349857091903687,-0.0349546112120151,-0.3071417510509491,0.5950859189033508
1631022152404,0.7284542322158813,-0.025090904906392,-0.2716019749641418,0.6184213161468506
1631022152483,0.7075135707855225,-0.0196487158536911,-0.1750974357128143,0.6327161192893982
1631022152561,0.7030380964279175,-0.001236701500602,0.0437357909977436,0.6534531712532043
1631022152686,0.7480171918869019,0.0512652695178985,0.3260687887668609,0.6920444369316101
1631022152748,0.828289270401001,0.1288083791732788,0.5611515641212463,0.7432231307029724
1631022152873,0.8372952342033386,0.2020793706178665,0.7166906595230103,0.7908133268356323
1631022152982,0.851698637008667,0.2540877163410187,0.8006058931350708,0.8225370645523071
1631022153092,0.8732463717460632,0.2859383523464203,0.828778862953186,0.8383483290672302
1631022153250,0.9031740427017212,0.3059344291687011,0.8596007227897644,0.8444399833679199
1631022153297,0.91056627035141,0.3205477595329284,0.8608525991439819,0.8469614386558533
1631022153391,0.9128438830375672,0.3294425308704376,0.8600244522094727,0.8441157937049866
1631022153469,0.9030664563179016,0.333012580871582,0.858525276184082,0.8301401138305664
1631022153625,0.8763872385025024,0.3322608470916748,0.8566384315490723,0.8019867539405823
1631022153688,0.8338616490364075,0.3285121321678161,0.8547604084014893,0.7634575366973877
1631022153813,0.7830914258956909,0.3211465775966644,0.8527733683586121,0.7246595025062561
1631022153875,0.7364800572395325,0.3099420070648193,0.8505878448486328,0.6949689388275146
1631022154000,0.6944899559020996,0.2945485413074493,0.8433645963668823,0.6721665263175964
1631022154078,0.630882203578949,0.273386538028717,0.8227901458740234,0.6401216983795166
1631022154237,0.4962476789951324,0.2544058859348297,0.7696835994720459,0.5867738127708435
1631022154299,0.2505368590354919,0.2742775678634643,0.631375789642334,0.5311022400856018
1631022154409,0.2505368590354919,0.3635517954826355,0.3595506250858307,0.5248938202857971
1631022154487,0.2505368590354919,0.4891042709350586,0.7239241003990173,0.5896307826042175
1631022154565,0.2505368590354919,0.5948247909545898,0.9399021863937378,0.6739592552185059
1631022154659,0.2505368590354919,0.6574580073356628,1.015250563621521,0.7360416054725647
1631022154830,0.2339871078729629,0.682608962059021,1.0592762231826782,0.7679011821746826
1631022154908,0.2325185090303421,0.6890788078308105,1.074941635131836,0.7840813994407654
1631022154987,0.2527691125869751,0.6911103129386902,1.0809097290039062,0.797512412071228
1631022155096,0.3189901411533355,0.6935527324676514,1.0856332778930664,0.8139294385910034
1631022155193,0.4029728472232818,0.6961588263511658,1.0895012617111206,0.8309310078620911
1631022155334,0.4833385646343231,0.7002581357955933,1.0921636819839478,0.8445639610290527
1631022155427,0.5448483228683472,0.7083109617233276,1.09418785572052,0.856914222240448
1631022155521,0.5835603475570679,0.7205605506896973,1.0962555408477783,0.8724230527877808
1631022155615,0.6004568338394165,0.7326452732086182,1.0936598777770996,0.8894701600074768
1631022155709,0.5845886468887329,0.7348208427429199,1.0650005340576172,0.896912157535553
1631022155787,0.5102241039276123,0.7130866646766663,1.0405319929122925,0.8822787404060364
1631022155880,0.5102241039276123,0.6568182110786438,1.0405319929122925,0.8457719087600708
1631022156052,0.5102241039276123,0.5740880370140076,0.913104772567749,0.8183061480522156
1631022156148,0.5102241039276123,0.5046406984329224,0.7242674231529236,0.8404089212417603
1631022156242,0.5102241039276123,0.4908345341682434,0.503845751285553,0.902542769908905
1631022156320,0.5102241039276123,0.5193091630935669,0.3277285993099212,0.9613073468208312
1631022156414,0.5102241039276123,0.5466824769973755,0.2509346604347229,0.991722047328949
1631022156570,0.5102241039276123,0.5557776689529419,0.2406680434942245,1.012116551399231
1631022156633,0.5164971351623535,0.553676962852478,0.2410331666469574,1.0325169563293457
1631022156726,0.5018281936645508,0.5487666130065918,0.2499893903732299,1.053897261619568
1631022156836,0.4660291075706482,0.5409625172615051,0.2767278254032135,1.079467535018921
1631022156976,0.4259856641292572,0.527664065361023,0.3173891901969909,1.1086817979812622
1631022157039,0.329629898071289,0.5082257986068726,0.2409684360027313,1.0949002504348757
1631022157167,0.2484310716390609,0.4872428774833679,0.1187625080347061,1.077666163444519
1631022157245,0.1399265080690384,0.4718064963817596,-0.0387337021529674,1.0648373365402222
1631022157339,-0.15776889026165,0.4651207625865936,-0.3533816635608673,1.0617589950561523
1631022157464,-0.173696294426918,0.4582363367080688,-0.2598879635334015,1.0588382482528689
1631022157542,-0.1566045582294464,0.4276795983314514,-0.2257627844810485,1.0255300998687744
1631022157667,-0.1070267930626869,0.3475789725780487,-0.2354320734739303,0.9326785802841188
1631022157730,-0.0170457325875759,0.2046328037977218,-0.2623921632766723,0.7726266384124756
1631022157886,0.1236427426338195,0.0161648876965045,-0.2829701602458954,0.5980713963508606
1631022157964,0.2791100442409515,-0.1458591967821121,-0.2844835519790649,0.5374355316162109
1631022158042,0.4079815447330475,-0.2012216001749038,-0.2550849318504333,0.6217526197433472
1631022158152,0.4943737685680389,-0.1819710731506347,-0.1215060055255889,0.6964555978775024
1631022158248,0.5672250390052795,-0.1430814266204834,-0.1215060055255889,0.7696785926818848
1631022158342,0.668021559715271,-0.0737639740109443,-0.1215060055255889,0.7696785926818848
1631022158467,0.8128980398178101,0.0545159988105297,-0.1215060055255889,0.7696785926818848
1631022158561,0.839067280292511,0.2076504230499267,-0.0921879485249519,0.801253080368042
1631022158655,0.8675620555877686,0.3364193141460418,-0.0641465932130813,0.83498215675354
1631022158748,0.8993666768074036,0.4191747009754181,-0.0447221584618091,0.8663097023963928
1631022158858,0.935025990009308,0.4586491584777832,-0.0398537963628768,0.8918285965919495
1631022158936,0.9737963080406188,0.4715355038642883,-0.0441744476556777,0.9144073128700256
1631022159076,1.0156996250152588,0.4802030920982361,-0.0374950654804706,0.9445072412490844
1631022159173,1.0608181953430176,0.50162273645401,6.501593452412635e-05,0.9885787963867188
1631022159251,1.108199954032898,0.5534979701042175,0.0699677541851997,1.0420737266540527
1631022159344,1.153978943824768,0.6371374130249023,0.5915194749832153,1.1012592315673828
1631022159454,1.1957943439483645,0.7276585102081299,0.9115468859672546,1.1594728231430054
1631022159579,1.3536285161972046,0.7999674081802368,1.1041460037231443,1.173606276512146
1631022159673,1.4464033842086792,0.8452365398406982,1.1939231157302856,1.1918529272079468
1631022159797,1.4910516738891602,0.869089663028717,1.147111892700195,1.1655181646347046
1631022159907,1.536861538887024,0.8790912628173828,1.084822177886963,1.1363277435302734
1631022159985,1.536861538887024,0.8752056360244751,1.0241702795028689,1.1087647676467896
1631022160079,1.536861538887024,0.8553957343101501,0.9703671336174012,1.0798487663269043
1631022160191,1.4500420093536377,0.8255641460418701,0.9230798482894896,1.0473787784576416
1631022160316,1.3814107179641724,0.7991690039634705,0.8809622526168823,1.0148308277130127
1631022160394,1.3376715183258057,0.7870632410049438,0.8430160880088806,0.986705720424652
1631022160504,1.309118628501892,0.7865627408027649,0.8084710240364075,0.9635268449783324
1631022160628,1.2832400798797607,0.7864579558372498,0.7765790224075317,0.9429323077201844
1631022160691,1.2529371976852417,0.7774455547332764,0.7466014623641968,0.9181230068206788
1631022160769,1.2529371976852417,0.7476595640182495,0.7191867828369141,0.880121648311615
1631022160941,1.2529371976852417,0.6888585090637207,0.6611576676368713,0.8177381157875061
1631022161003,1.2529371976852417,0.6177901029586792,0.5744227170944214,0.7354187965393066
1631022161097,1.1673518419265747,0.5883515477180481,0.4240683317184448,0.7764796018600464
1631022161206,1.0655899047851562,0.6295333504676819,0.238969475030899,0.7962026596069336
1631022161285,0.9680657386779784,0.6942988634109497,0.0938287079334259,0.8483436107635498
1631022161378,0.9680657386779784,0.7349023222923279,0.0418023578822612,0.8850756883621216
1631022161519,0.9680657386779784,0.7455255389213562,0.0432239435613155,0.8921583294868469
1631022161659,0.9667131900787354,0.74519944190979,0.0598251894116401,0.8849807381629944
1631022161706,0.9607619047164916,0.7471185922622681,0.0819419994950294,0.8781778216362
1631022161816,0.9466710090637208,0.7495253086090088,0.1072693392634391,0.8726283311843872
1631022161925,0.9013142585754396,0.7469661235809326,0.1107571795582771,0.8641281723976135
1631022162003,0.8216363787651062,0.7404589653015137,0.1038310676813125,0.8528932332992554
1631022162128,0.7263398766517639,0.734729528427124,0.1030367985367775,0.8427018523216248
1631022162237,0.649291455745697,0.7329044342041016,0.1213766708970069,0.8407812714576721
1631022162300,0.6197575926780701,0.7340612411499023,0.1497452408075332,0.8523873686790466
1631022162409,0.614690363407135,0.7309357523918152,0.143232449889183,0.8718690872192383
1631022162519,0.6272590160369873,0.7078178524971008,-0.0472813881933689,0.8790526390075684
1631022162597,0.6386146545410156,0.6406804323196411,-0.0410109274089336,0.8476248383522034
1631022162737,0.637549638748169,0.5129289627075195,-0.037580344825983,0.7639804482460022
1631022162816,0.627238929271698,0.3333155810832977,-0.0412179231643676,0.637958288192749
1631022162941,0.6158820390701294,0.1587025374174118,-0.0533836297690868,0.5096057653427124
1631022163020,0.6060401797294617,0.0645525231957435,-0.066158577799797,0.4283184111118316
1631022163136,0.5553797483444214,0.0331762619316577,-0.0692479163408279,0.3990562260150909
1631022163217,0.5174585580825806,0.0003618692280724,-0.0620604678988456,0.3970587253570556
1631022163361,0.4808172881603241,-0.0471366308629512,-0.0637538954615593,0.4092972874641418
1631022163455,0.4697416722774505,-0.0878404229879379,-0.0374246835708618,0.4348068833351135
1631022163536,0.4723359644412994,-0.0640195682644844,-0.0206334274262189,0.463049441576004
1631022163635,0.4863426387310028,0.0952671021223068,-0.004801807925105,0.4890576601028442
1631022163752,0.5061306357383728,0.3356846570968628,0.0008536710520274,0.4996366500854492
1631022163831,0.5206867456436157,0.5453269481658936,-0.005973273422569,0.476513147354126
1631022163946,0.5146084427833557,0.6848801374435425,-0.0173015724867582,0.4054002165794372
1631022164088,0.4790510535240173,0.7588073015213013,-0.0253465287387371,0.2868148982524872
1631022164149,0.4251763224601745,0.787337601184845,-0.0294475425034761,0.14987613260746
1631022164271,0.3804907202720642,0.7935515642166138,-0.0326199531555175,0.0523788258433342
1631022164335,0.3576513826847076,0.7930991649627686,-0.0252944305539131,0.0328722298145294
1631022164455,0.336735188961029,0.7900026440620422,0.0045399321243166,0.2918388247489929
1631022164564,0.336735188961029,0.7856387495994568,0.0512926690280437,0.5134018659591675
1631022164675,0.336735188961029,0.7814589142799377,0.0636063292622566,0.6696298122406006
1631022164738,0.336735188961029,0.779226541519165,0.0367610603570938,0.7686381936073303
1631022164862,0.336735188961029,0.7806006669998169,-0.0032538804225623,0.825585126876831
1631022164955,0.4442743957042694,0.7856307625770569,-0.0833372399210929,0.8028742074966431
1631022165037,0.4347310960292816,0.7885104417800903,-0.0821050852537155,0.7766141891479492
1631022165160,0.4123047292232513,0.7728959321975708,-0.0901712700724601,0.7514433860778809
1631022165294,0.3871040940284729,0.7162038087844849,-0.1110963374376297,0.7316843271255493
1631022165384,0.369381695985794,0.604545533657074,-0.1374950855970382,0.7215622663497925
1631022165467,0.3582225143909454,0.4453601539134979,-0.1524244099855423,0.720811128616333
1631022165604,0.3515526056289673,0.2838619351387024,-0.1439011991024017,0.7259549498558044
1631022165667,0.3508518040180206,0.1872816681861877,-0.120346650481224,0.73350590467453
1631022165807,0.3663100600242615,0.1616097241640091,-0.1017091274261474,0.7423040270805359
1631022165870,0.4115538895130157,0.1612449735403061,-0.0717564895749092,0.7515707612037659
1631022165995,0.4911200702190399,0.1821981072425842,0.0589844621717929,0.7689733505249023
1631022166073,0.592501699924469,0.2569726407527923,0.0589844621717929,0.7899136543273926
1631022166164,0.7078954577445984,0.3887980580329895,0.0660007074475288,0.7809888124465942
1631022166253,0.8095194697380066,0.5242878198623657,0.0775258615612983,0.7734958529472351
1631022166379,0.882760763168335,0.6198999881744385,0.0910045653581619,0.7728748917579651
1631022166472,0.9246631860733032,0.6657049655914307,0.1049996465444564,0.7813243269920349
1631022166550,0.9460036754608154,0.6733683943748474,0.121227741241455,0.7943881750106812
1631022166700,0.9507545828819276,0.6612681150436401,0.144634410738945,0.7860557436943054
1631022166771,0.977469563484192,0.6445501446723938,0.1808864921331405,0.7705411911010742
1631022166912,0.9826735854148864,0.6301941871643066,0.2307722270488739,0.7487176060676575
1631022167037,0.98944491147995,0.6227005124092102,0.2190295159816742,0.7208508849143982
1631022167099,0.9960927963256836,0.623651385307312,0.194527119398117,0.6878582239151001
1631022167209,1.0015143156051636,0.6304685473442078,0.1582351773977279,0.6512786746025085
1631022167272,1.0026204586029053,0.6388142108917236,0.1256801933050155,0.6078043580055237
1631022167381,0.9934456944465636,0.6440625786781311,0.0800806879997253,0.5511654019355774
1631022167474,0.965645670890808,0.6396186947822571,-0.2813000082969665,0.4610902070999145
1631022167615,0.9121584892272948,0.6113390922546387,-0.1673997044563293,0.3089068531990051
1631022167724,0.8372728228569031,0.5426915884017944,0.0729776546359062,0.3089068531990051
1631022167810,0.7762392163276672,0.4351368546485901,0.0729776546359062,0.3089068531990051
1631022167910,0.676561713218689,0.3296028077602386,0.0729776546359062,0.3089068531990051
1631022168007,0.5866543054580688,0.2877766788005829,0.0729776546359062,0.3089068531990051
1631022168098,0.5866543054580688,0.3078840374946594,0.0729776546359062,0.2099018394947052
1631022168245,0.5933670401573181,0.3354670405387878,0.0729776546359062,0.3809869587421417
1631022168319,0.5933670401573181,0.3446682691574096,0.0729776546359062,0.4399272203445434
1631022168452,0.6027957797050476,0.3429605960845947,0.0729776546359062,0.4477367103099823
1631022168521,0.6060008406639099,0.3380550742149353,0.1200620159506797,0.4380943477153778
1631022168600,0.6082325577735901,0.3305508196353912,0.172729417681694,0.4567702412605285
1631022168701,0.61235111951828,0.3395209908485412,0.2317391484975814,0.4708350896835327
1631022168839,0.6237527132034302,0.3463848233222961,0.3006108403205871,0.4873148500919342
1631022168933,0.6560060381889343,0.3580771088600158,0.3006108403205871,0.5202769637107849
1631022169027,0.6560060381889343,0.3800070583820343,0.3006108403205871,0.5854453444480896
1631022169136,0.6560060381889343,0.4098078310489654,0.3006108403205871,0.5854453444480896
1631022169217,0.6560060381889343,0.4365962743759155,0.3006108403205871,0.5854453444480896
1631022169310,0.6560060381889343,0.5416147708892822,0.3006108403205871,0.5854453444480896
1631022169467,0.6560060381889343,0.5178632140159607,0.3006108403205871,0.5854453444480896
1631022169589,0.6560060381889343,0.4393658339977264,0.3006108403205871,0.5854453444480896
1631022169667,0.6560060381889343,0.3465338945388794,0.3006108403205871,0.5854453444480896
1631022169745,0.6560060381889343,0.2763899564743042,0.3006108403205871,0.3295968174934387
1631022169807,0.6560060381889343,0.2395709753036499,0.3006108403205871,0.1939494758844375
1631022169901,0.6560060381889343,0.2226305454969406,0.3006108403205871,0.1980019211769104
1631022170042,0.6560060381889343,0.2121380716562271,0.3006108403205871,0.2141883671283722
1631022170182,-0.0315278470516204,0.2038808614015579,-0.5965890884399414,0.1579738706350326
1631022170232,-0.0720217674970626,0.1734180748462677,-0.6245301961898804,0.1048745587468147
1631022170341,-0.0973152220249176,0.1530087739229202,-0.6208606362342834,0.0644906535744667
1631022170435,-0.0871696472167968,0.1374493837356567,-0.5621210336685181,0.0564919337630271
1631022170513,-0.0283119939267635,0.1211509257555008,-0.4597005546092987,0.1070953011512756
1631022170669,0.0891289561986923,0.1023962572216987,-0.3487033545970917,0.2085608392953872
1631022170747,0.2247801125049591,0.0849645286798477,-0.2501282393932342,0.3118288516998291
1631022170857,0.346884548664093,-0.1754837483167648,-0.1375301331281662,0.3950543403625488
1631022170919,0.4690998196601867,-0.1899918168783188,0.0717280060052871,0.4698405265808105
1631022171060,0.6327757835388184,0.0101995794102549,0.3714504241943359,0.5774157047271729
1631022171122,0.8056763410568237,0.2548798024654388,0.6364229917526245,0.7110092639923096
1631022171263,0.9392416477203368,0.4513435065746307,0.8142330050468445,0.8508985042572021
1631022171341,1.0400997400283811,0.5786392688751221,0.8428593277931213,0.95551335811615
1631022171466,1.0908311605453491,0.6455550193786621,0.8737431764602661,1.0221105813980105
1631022171544,1.1135904788970947,0.6715180277824402,0.9074374437332152,1.061160445213318
1631022171638,1.1419764757156372,0.6783921718597412,0.9444110989570618,1.0838578939437866
1631022171747,1.173005223274231,0.6791732907295227,0.9850209355354308,1.0968858003616333
1631022171888,1.206510305404663,0.6780093908309937,0.9872589707374572,1.1048487424850464
1631022171966,1.242198467254639,0.6772984266281128,0.9880141615867616,1.1106101274490356
1631022172060,1.2482258081436155,0.6789712905883789,0.9866873025894164,1.112689971923828
1631022172182,1.2492902278900146,0.6833399534225464,0.9835008978843688,1.1084007024765017
1631022172236,1.2431187629699707,0.6884548664093018,0.9787201285362244,1.0988057851791382
1631022172360,1.2298622131347656,0.6899958252906799,0.9702712893486024,1.086486577987671
1631022172501,1.2067666053771973,0.6809041500091553,0.943668782711029,1.07032573223114
1631022172580,1.1558458805084229,0.6445746421813965,0.8574668169021606,1.037081599235535
1631022172689,1.053894281387329,0.5614079833030701,0.628217339515686,0.9710951447486876
1631022172782,0.884223461151123,0.4178024530410766,-0.2527744770050049,0.8639954328536987
1631022172876,0.6580211520195007,0.2223551720380783,-0.2832601964473724,0.7241187691688538
1631022172954,0.4284634292125702,0.0268730968236923,-0.3131802976131439,0.5733766555786133
1631022173095,0.2515088617801666,-0.0866255760192871,-0.3360286355018616,0.4368424415588379
1631022173188,0.2360989451408386,-0.1201528310775756,-0.3453731834888458,0.3313695192337036
1631022173313,0.2241086512804031,-0.1302098482847213,-0.3311401307582855,0.2682639360427856
1631022173376,0.2170573621988296,-0.1353286504745483,-0.3055112659931183,0.238394409418106
1631022173470,0.213557481765747,-0.1358581036329269,-0.2569757103919983,0.2145867794752121
1631022173575,0.1557873636484146,-0.1340694725513458,-0.2121212035417556,0.18572299182415
1631022173700,0.0997312813997268,-0.1367381662130355,-0.1876631081104278,0.1619187891483307
1631022173825,0.0801567062735557,-0.1485652327537536,-0.1766266524791717,0.1644565016031265
1631022173919,0.1321852356195449,-0.1542948186397552,-0.1545818299055099,0.2083625644445419
1631022173981,0.277891606092453,-0.1074434518814086,-0.064446248114109,0.3135943710803985
1631022174090,0.2942273616790771,0.0418409518897533,0.1345321834087371,0.4808083474636078
1631022174187,0.3146876394748688,0.2460301965475082,0.369083046913147,0.6570380926132202
1631022174327,0.3388705551624298,0.4243363440036773,0.5580901503562927,0.7952970266342163
1631022174406,0.3638152778148651,0.5443577170372009,0.6789228320121765,0.8221713900566101
1631022174484,0.3881226181983948,0.6082248687744141,0.7406740784645081,0.8514875769615173
1631022174593,0.4145306050777435,0.6329147815704346,0.7638944387435913,0.8828621506690979
1631022174671,0.4459577798843384,0.6388249397277832,0.769365668296814,0.9155734777450562
1631022174812,0.4817619919776916,0.6399579644203186,0.7687512636184692,0.9490535259246826
1631022174921,0.5213121771812439,0.6396341323852539,0.7646656036376953,0.9416043758392334
1631022175015,0.5341610908508301,0.6369977593421936,0.7585456371307373,0.9352683424949646
1631022175124,0.5499836206436157,0.6315775513648987,0.7527826428413391,0.933410108089447
1631022175189,0.5589985251426697,0.6247432231903076,0.7494482398033142,0.9354408383369446
1631022175298,0.5467220544815063,0.618757963180542,0.7489470839500427,0.9354456663131714
1631022175423,0.4851266145706177,0.6128883361816406,0.7485334277153015,0.926633894443512
1631022175548,0.2335360050201416,0.5994018316268921,0.7387362718582153,0.8960391879081726
1631022175626,0.2129970639944076,0.5596725940704346,0.6993411779403687,0.8154926300048828
1631022175720,0.2001651674509048,0.4706261157989502,0.6072003245353699,0.643914520740509
1631022175845,0.228564977645874,0.3206213414669037,0.4552507698535919,0.3127284049987793
1631022175908,0.3353331685066223,0.153257668018341,0.3015193939208984,0.366019457578659
1631022176001,0.4978983104228973,0.1200603917241096,0.2970494329929352,0.4607738256454468
1631022176142,0.6486064791679382,0.251189649105072,0.4445322751998901,0.5601625442504883
1631022176251,0.7521279454231262,0.3913059532642364,0.596577525138855,0.6293155550956726
1631022176361,0.8093838691711426,0.4806872904300689,0.7055480480194092,0.6293155550956726
1631022176454,0.8336619734764099,0.5376832485198975,0.7846606373786926,0.6571831703186035
1631022176517,0.8622589111328125,0.5863766670227051,0.8490683436393738,0.6853526830673218
1631022176626,0.8835489153862,0.6300989389419556,0.9012577533721924,0.7126652598381042
1631022176765,0.908042013645172,0.6609530448913574,0.9366664886474608,0.7391794919967651
1631022176864,0.9364147782325744,0.6812659502029419,0.9538514018058776,0.7662411332130432
1631022176952,0.9683644771575928,0.6991837620735168,0.958217203617096,0.7955271005630493
1631022177066,1.0043541193008425,0.7181052565574646,0.9571803212165833,0.828803539276123
1631022177130,1.0451016426086426,0.7339293360710144,0.9551516771316528,0.8697654008865356
1631022177247,1.0907710790634155,0.7436411380767822,0.954682469367981,0.9233741164207458
1631022177406,1.137384057044983,0.7536618113517761,0.9576933979988098,0.9899060726165771
1631022177461,1.174334168434143,0.7808942198753357,0.9679375886917114,0.9899060726165771
1631022177584,1.185617208480835,0.7741901278495789,0.9895492196083068,0.9899060726165771
1631022177691,1.1602438688278198,0.7439513206481934,1.0175074338912964,0.9899060726165771
1631022177751,1.1602438688278198,0.702695369720459,1.0400501489639282,0.9899060726165771
1631022177836,1.1602438688278198,0.6706047058105469,1.0453627109527588,0.9899060726165771
1631022177993,1.1602438688278198,0.6512061357498169,1.0327091217041016,0.9899060726165771
1631022178102,1.1602438688278198,0.6296249032020569,1.019717812538147,0.9899060726165771
1631022178165,1.1602438688278198,0.6020615696907043,1.0078123807907104,0.9899060726165771
1631022178259,1.1602438688278198,0.5424402356147766,0.971543550491333,0.9899060726165771
1631022178353,1.1602438688278198,0.4933991432189941,0.950686514377594,0.9899060726165771
1631022178497,1.1602438688278198,0.4384806156158447,0.9428501129150392,0.9899060726165771
1631022178575,1.1602438688278198,0.3663452267646789,0.9408280849456788,0.9899060726165771
1631022178669,1.1602438688278198,0.2927272319793701,0.9404740333557128,0.6682718396186829
1631022178794,1.1602438688278198,0.2394051402807235,0.9390201568603516,0.6303042769432068
1631022178883,1.1602438688278198,0.1546392738819122,0.9302575588226318,0.6145157217979431
1631022178972,1.1602438688278198,-0.4043169021606445,0.8970203399658203,0.6218906044960022
1631022179050,0.7773264050483704,-0.4015842378139496,0.8105295896530151,0.647391676902771
1631022179202,0.808007538318634,-0.3878385424613952,0.6389300227165222,0.6733183860778809
1631022179312,0.8529800176620483,-0.3690502643585205,0.3451781868934631,0.6869166493415833
1631022179374,0.9065356850624084,-0.3501667976379394,-0.123678520321846,0.6881757378578186
1631022179488,0.9065356850624084,-0.3306411504745483,-0.0644276067614555,0.6875509023666382
1631022179566,0.9065356850624084,-0.3059024512767792,-0.0097824810072779,0.6875509023666382
1631022179675,0.9065356850624084,-0.2749327719211578,0.0462442710995674,0.6875509023666382
1631022179785,0.9065356850624084,-0.2546186447143554,0.1108151525259018,0.6875509023666382
1631022179894,0.9065356850624084,-0.2226744443178177,0.1679953038692474,0.6547451615333557
1631022179987,0.9065356850624084,-0.1920258700847625,0.2091024369001388,0.6502680778503418
1631022180116,0.9065356850624084,-0.1679027378559112,0.2338806241750717,0.6700774431228638
1631022180179,0.9065356850624084,-0.1454536616802215,0.2497967928647995,0.6968787312507629
1631022180273,0.939543068408966,-0.116774171590805,0.2622435092926025,0.7242645025253296
1631022180398,0.9684967398643494,-0.0785679742693901,0.2710481882095337,0.7500538229942322
1631022180510,0.997534155845642,-0.0286013949662446,0.2746118605136871,0.7654418349266052
1631022180588,0.9569103717803956,0.027358079329133,0.2718396484851837,0.6835187077522278
1631022180728,0.913629114627838,0.0765340477228164,0.2615155577659607,0.5653524994850159
1631022180806,0.8183548450469971,0.1094262599945068,0.2429898679256439,0.422821432352066
1631022180869,0.5887824892997742,0.1257660239934921,0.2186277061700821,0.2694364786148071
1631022181056,0.5429648756980896,0.1321685016155243,0.1919601559638977,0.0606821812689304
1631022181119,0.5429648756980896,0.1351193487644195,0.1617796868085861,0.1383814811706543
1631022181213,0.5429648756980896,0.1390089690685272,0.1207221522927284,0.1383814811706543
1631022181308,0.5429648756980896,0.1437703073024749,0.0660267248749733,0.1383814811706543
1631022181387,0.5429648756980896,0.1476121097803115,0.0101340571418404,0.1383814811706543
1631022181481,0.5429648756980896,0.1511596888303756,-0.0236934181302785,0.1383814811706543
1631022181621,0.5429648756980896,0.1603356301784515,-0.029667280614376,0.1383814811706543
1631022181746,0.5429648756980896,0.1774175763130188,-0.0245049707591533,0.1383814811706543
1631022181840,0.5429648756980896,0.1949010640382766,-0.0213005226105451,0.1383814811706543
1631022181949,0.5429648756980896,0.2035913616418838,-0.0153472423553466,0.1383814811706543
1631022182027,0.5429648756980896,0.1959210038185119,-4.802472540177405e-05,0.1383814811706543
1631022182105,0.5354647636413574,0.1712072342634201,0.0205650180578231,0.149068146944046
1631022182246,0.5354647636413574,0.1379970163106918,0.0371724478900432,0.1685251891613006
1631022182324,0.5354647636413574,0.1114916503429412,0.0448495298624038,0.1685251891613006
1631022182450,0.5354647636413574,0.1028481125831604,0.0424919091165065,0.1685251891613006
1631022182561,0.5354647636413574,0.1108350679278373,0.0312599763274192,0.1685251891613006
1631022182639,0.5354647636413574,0.1272799223661422,0.0146215371787548,0.1685251891613006
1631022182743,0.5354647636413574,0.1401370018720626,-0.0021517851855605,0.1685251891613006
1631022182853,0.5354647636413574,0.141331285238266,-0.0127218719571828,0.1685251891613006
1631022182962,0.3713743388652801,0.1316780000925064,-0.0146184237673878,0.2926604747772217
1631022183040,0.4362512528896332,0.1186827942728996,-0.0141163095831871,0.2496899664402008
1631022183134,0.4923851490020752,0.1052879020571708,-0.017768720164895,0.2197833359241485
1631022183243,0.5316921472549438,0.0873475894331932,-0.0253952089697122,0.2248353213071823
1631022183368,0.5488224029541016,0.0628539621829986,-0.0309712924063205,0.2633357048034668
1631022183464,0.5474780797958374,0.0379356667399406,-0.0348148681223392,0.3110237717628479
1631022183557,0.5357533693313599,0.0244637914001941,-0.0397532172501087,0.3439643085002899
1631022183667,0.5217532515525818,0.0291481241583824,-0.0297596007585525,0.3664155602455139
1631022183761,0.5207802653312683,0.0504164472222328,0.061301115900278,0.3985432386398315
1631022183870,0.5207802653312683,0.08867197483778,0.0730001181364059,0.4573051929473877
1631022183948,0.5207802653312683,0.1386514753103256,0.0942858383059501,0.5298821926116943
1631022184104,0.5207802653312683,0.1855818331241607,0.1214184612035751,0.5888549089431763
1631022184182,0.5406415462493896,0.2129677683115005,0.1506987810134887,0.631466269493103
1631022184276,0.6290026903152466,0.216185450553894,0.1794760525226593,0.6490117311477661
1631022184370,0.6460654735565186,0.2055215239524841,0.2026739716529846,0.6504461169242859
1631022184442,0.6259742975234985,0.1948722749948501,0.2157705277204513,0.6474736928939819
1631022184576,0.5893223881721497,0.1889543831348419,0.1962830871343612,0.6502242684364319
1631022184685,0.5416263341903687,0.1841577738523483,0.1897300034761428,0.6610395908355713
1631022184763,0.4866375923156738,0.1790347695350647,0.2046378403902053,0.6735636591911316
1631022184857,0.434556096792221,0.1764132231473922,0.2253546863794326,0.6792407631874084
1631022184950,0.3970975577831268,0.1784244179725647,0.2394641935825348,0.6740628480911255
1631022185091,0.3785683512687683,0.1827210485935211,0.2419610172510147,0.6637316942214966
1631022185170,0.3705551028251648,0.1857363581657409,0.219125747680664,0.6552788615226746
1631022185310,0.343359500169754,0.1860879212617874,0.0757730528712272,0.6462754607200623
1631022185374,0.3294470012187958,0.1762050092220306,0.0431682839989662,0.621711254119873
1631022185484,0.315046489238739,0.1458981931209564,0.0124179171398282,0.5693119168281555
1631022185577,0.3031587302684784,0.0927110761404037,-0.0111487274989485,0.4946388006210327
1631022185687,0.2931333482265472,0.0313865467905998,-0.0262446720153093,0.4236269295215606
1631022185780,0.1281281858682632,-0.0102192629128694,-0.0367842242121696,0.3876118063926697
1631022185937,0.0622297823429107,-0.0182824358344078,-0.048255056142807,0.3900610208511352
1631022185999,0.0953574627637863,-0.0070130242966115,-0.0629996135830879,0.4113848209381103
1631022186108,0.1938994377851486,0.0067010470665991,-0.0811060965061187,0.4310923814773559
1631022186171,0.3301540911197662,0.0194518081843853,-0.1102317944169044,0.4393770396709442
1631022186283,0.4618017375469208,0.0341604091227054,-0.1541328132152557,0.43575119972229
1631022186361,0.5591261386871338,0.0488901287317276,-0.2037114053964615,0.4302468299865722
1631022186486,0.6201625466346741,0.0546601898968219,-0.2445667833089828,0.4393271803855896
1631022186579,0.6575179100036621,0.0456457361578941,-0.2603539526462555,0.4680259227752685
1631022186704,0.6841956973075867,0.0259028524160385,-0.2424476593732834,0.5005643963813782
1631022186798,0.7069719433784485,0.008935765363276,-0.1920531988143921,0.5228657126426697
1631022186907,0.7289392352104187,0.0089855790138244,-0.1229094192385673,0.5342482328414917
1631022187001,0.7509608864784241,0.0304177347570657,-0.0533931292593479,0.5444611310958862
1631022187142,0.7706544995307922,0.0636250451207161,0.0024008501786738,0.5598938465118408
1631022187254,0.787481427192688,0.0989810153841972,0.0370425693690776,0.5782845616340637
1631022187316,0.8079280257225037,0.132411852478981,0.052827913314104,0.5948530435562134
1631022187410,0.8358368277549744,0.1621665954589843,0.0588296353816986,0.6083276867866516
1631022187520,0.8653894066810608,0.1861043125391006,0.063493825495243,0.6200128197669983
1631022187598,0.8833927512168884,0.2018093466758728,0.0687114372849464,0.6348954439163208
1631022187723,0.8863131403923035,0.2080082893371582,0.0747236683964729,0.6631544828414917
1631022187816,0.8687222003936768,0.2058291882276535,0.0851213186979293,0.7067369222640991
1631022187926,0.8492873907089233,0.1993705332279205,0.105792760848999,0.7172850370407104
1631022188035,0.8383914232254028,0.1946834623813629,0.1450146734714508,0.7265511155128479
1631022188098,0.8374307155609131,0.1960775554180145,0.2064276039600372,0.7300390005111694
1631022188226,0.8424774408340454,0.2025768905878067,0.2747327387332916,0.728411078453064
1631022188335,0.8519881963729858,0.2085656821727752,0.3255828320980072,0.7265604138374329
1631022188429,0.8653503656387329,0.2077143341302871,0.3455441296100616,0.7304779291152954
1631022188569,0.8813323378562927,0.1987823545932769,0.3384900093078613,0.7458569407463074
1631022188616,0.9036062359809875,0.1894160807132721,0.3208402991294861,0.7471989393234253
1631022188726,0.90743887424469,0.1856598556041717,0.3188252747058868,0.7485535740852356
1631022188819,0.92562073469162,0.1846967339515686,0.331024557352066,0.7583787441253662
1631022188975,0.9666417241096495,0.1796948611736297,0.3511857688426971,0.786938488483429
1631022189054,1.0383224487304688,0.1708044856786728,0.3764355778694153,0.8310335874557495
1631022189147,1.0463861227035522,0.1639463454484939,0.4048922061920166,0.8677518367767334
1631022189230,1.05763041973114,0.1605875045061111,0.4354859292507171,0.8704164624214172
1631022189386,1.05763041973114,0.1559079736471176,0.4666677415370941,0.8453243970870972
1631022189448,1.05763041973114,0.1458864957094192,0.4945941269397735,0.8453243970870972
1631022189589,1.05763041973114,0.1312995702028274,0.5086783766746521,0.8453243970870972
1631022189667,1.05763041973114,0.1141948997974395,0.4898249804973602,0.8066103458404541
1631022189745,0.9712820649147034,0.0938793048262596,0.4206719100475311,0.7789788842201233
1631022189854,0.903106153011322,0.0651081204414367,0.299814760684967,0.7576093673706055
1631022189933,0.845427393913269,0.0256637185811996,0.1161935254931449,0.7375099658966064
1631022190053,0.7940694689750671,-0.0209181550890207,0.0395283214747905,0.7105007767677307
1631022190162,0.7482028603553772,-0.0714963674545288,0.0255690217018127,0.693920373916626
1631022190271,0.7079150080680847,-0.1211772859096527,-0.0962891057133674,0.6784359216690063
1631022190365,0.6400793194770813,-0.1565418094396591,-0.1044892445206642,0.6564900279045105
1631022190459,0.4937977790832519,-0.1595315188169479,-0.0778493210673332,0.614339292049408
1631022190553,0.0638119131326675,-0.1327775865793228,-0.0360347442328929,0.5423350930213928
1631022190646,0.0966410189867019,-0.0987439379096031,-0.0037941320333629,0.4524708390235901
1631022190772,0.108569361269474,-0.0724379792809486,0.0110759194940328,0.3817292153835296
1631022190881,0.1106342077255249,-0.0516569875180721,0.0140895945951342,0.3904990553855896
1631022190974,0.1102687194943428,-0.0305861309170722,0.0175572745501995,0.3978427350521087
1631022191053,0.1168940290808677,-0.0091677652671933,0.037554919719696,0.4224095642566681
1631022191162,0.1661623269319534,0.0208258628845214,0.1400482356548309,0.4919737875461578
1631022191229,0.3192934691905975,0.0828087106347084,0.1400482356548309,0.5933017730712891
1631022191369,0.5349488854408264,0.1983052641153335,0.1400482356548309,0.7086915969848633
1631022191494,0.7272527813911438,0.2232804149389267,0.1544578522443771,0.8094374537467957
1631022191588,0.7531013488769531,0.2479093819856643,0.1679930835962295,0.8301360607147217
1631022191650,0.7819334864616394,0.2731058597564697,0.1871415674686432,0.8542840480804443
1631022191775,0.8123840689659119,0.2974613308906555,0.2143259942531585,0.8803514242172241
1631022191869,0.8438297510147095,0.3161956667900085,0.2435400038957595,0.907476007938385
1631022191994,0.8755283951759338,0.3084215819835663,0.2665552496910095,0.9361737966537476
1631022192088,0.9089807271957396,0.2782743573188782,0.2827111184597015,0.9314987659454346
1631022192188,0.9476510286331176,0.237280324101448,0.250012457370758,0.9224737882614136
1631022192310,0.9955323934555054,0.1959942281246185,0.2179853320121765,0.9126390814781188
1631022192404,0.9894307851791382,0.160601794719696,0.1893241554498672,0.904383420944214
1631022192497,0.9845393300056458,0.1329729855060577,0.1551822423934936,0.8958101868629456
1631022192591,0.9805169105529784,0.1140718832612037,0.0878920629620552,0.8761284947395325
1631022192685,0.9643847942352296,0.0897040069103241,-0.3134316205978393,0.8292872309684753
1631022192794,0.8970559239387512,0.0104947397485375,-0.3123877346515655,0.7271119356155396
1631022192872,0.6988058090209961,-0.2984461784362793,-0.302980899810791,0.5190991163253784
1631022192982,-0.0252031497657299,-0.2922058999538421,-0.2866433560848236,0.0399471260607242
1631022193091,0.0040529719553887,-0.2752513587474823,-0.260774701833725,0.0356859602034091
1631022193203,0.028621818870306,-0.2585497200489044,-0.2269607931375503,0.0472903288900852
1631022193344,0.0675205886363983,-0.2520884573459625,-0.1907999962568283,0.0612287335097789
1631022193453,0.1387506276369094,-0.2484426200389862,-0.154919296503067,0.06655915081501
1631022193516,0.226160779595375,-0.2694180905818939,-0.119122564792633,0.0666457042098045
1631022193610,0.301339328289032,-0.2275950312614441,-0.0852663516998291,0.0536162741482257
1631022193719,0.3487688302993774,-0.1545923501253128,-0.0530795790255069,0.0702590867877006
1631022193828,0.3686953783035278,-0.0867482423782348,-0.0305871330201625,0.0964754298329353
1631022193938,0.3916831910610199,-0.0425213538110256,-0.0189490336924791,0.1220227554440498
1631022194000,0.4006814956665039,-0.0156722720712423,-0.0116280242800712,0.1444430947303772
1631022194109,0.4006146788597107,0.0054272129200398,0.0002425621787551,0.1629979610443115
1631022194203,0.3967301547527313,0.0237239077687263,0.017074104398489,0.1794299930334091
1631022194297,0.3960615992546081,0.0348573736846447,0.032824583351612,0.1987354010343551
1631022194438,0.402498722076416,0.0374426953494548,0.0423131734132766,0.2241798639297485
1631022194547,0.4128365814685821,0.0340240821242332,0.0441804863512516,0.2513193786144256
1631022194656,0.427068144083023,0.0328232124447822,0.0409682542085647,0.2718525230884552
1631022194750,0.4424722194671631,0.042377796024084,0.04270850867033,0.2815777063369751
1631022194813,0.4612339735031128,0.068165622651577,0.0394417382776737,0.2948525846004486
1631022194937,0.455117404460907,0.1061671376228332,0.0303925909101963,0.3398238122463226
1631022195062,0.428459882736206,0.1467561870813369,0.0127579793334007,0.4241938591003418
1631022195156,0.3839219510555267,0.1797411441802978,-0.0157689526677131,0.5158270597457886
1631022195237,0.3354083597660064,0.1999066770076751,-0.0488898940384388,0.5845224261283875
1631022195331,0.3700546026229858,0.208648219704628,-0.071049690246582,0.6218485236167908
1631022195440,0.370943158864975,0.2106012105941772,-0.0706763118505477,0.6343843340873718
1631022195518,0.3922769427299499,0.2083754539489746,-0.0553526058793067,0.6339470148086548
1631022195659,0.4246902167797088,0.2020619809627533,-0.0478504225611686,0.632232666015625
1631022195753,0.4486686885356903,0.1939505785703659,-0.0639277473092079,0.6340503692626953
1631022195846,0.4631668627262115,0.1889907717704773,-0.1290622800588607,0.639900803565979
1631022195956,0.4557726085186004,0.1886678785085678,-0.1451253890991211,0.6468512415885925
1631022196034,0.4264878034591675,0.1891514658927917,-0.1138061061501503,0.6514170169830322
1631022196127,0.3816516697406769,0.1840132623910904,-0.09317447245121,0.6526055932044983
1631022196268,0.3361161351203918,0.1702236086130142,-0.1073900237679481,0.6520353555679321
1631022196377,0.2756952047348022,0.1459163874387741,-0.1276210844516754,0.6475526690483093
1631022196440,0.2804637551307678,0.1076454371213913,-0.1440459489822387,0.6289321780204773
1631022196534,0.2871018052101135,0.0492560677230358,-0.1510650366544723,0.5822677612304688
1631022196643,0.2882596552371979,-0.0329342745244503,-0.1436752527952194,0.5063186287879944
1631022196705,0.283856451511383,-0.1308137476444244,-0.1190235540270805,0.4180245995521545
1631022196862,0.1963340044021606,-0.2238701283931732,-0.0863427519798278,0.3473193943500519
1631022196987,0.1966368556022644,-0.2879497110843658,-0.0611675940454006,0.3105865716934204
1631022197065,0.1961545944213867,-0.3206677734851837,-0.0528189875185489,0.2974008023738861
1631022197158,0.1893190741539001,-0.3301621079444885,-0.0597181171178817,0.2848353385925293
1631022197271,0.165464386343956,-0.3204874694347381,-0.0712389424443245,0.266321063041687
1631022197380,0.1453283727169037,-0.2936736047267914,-0.071458525955677,0.2395428270101547
1631022197474,0.1488054394721985,-0.2581876516342163,-0.078612096607685,0.2065611034631729
1631022197583,0.1793571710586547,-0.2217397689819336,-0.0942894294857978,0.1782910525798797
1631022197677,0.2257877141237259,-0.191204696893692,-0.1115222051739692,0.16557277739048
1631022197771,0.2878289520740509,-0.1702689528465271,-0.1184384301304817,0.1807840317487716
1631022197880,0.3608316481113434,-0.1537559181451797,-0.1053615808486938,0.1752120852470398
1631022197974,0.4446135759353637,-0.129385843873024,-0.0691457316279411,0.1688254326581955
1631022198099,0.550679624080658,-0.0887431427836418,-0.0104184998199343,0.1632715612649917
1631022198161,0.6743726134300232,-0.0398900471627712,0.061489712446928,0.1618597656488418
1631022198306,0.7911874651908875,0.0050543560646474,0.0618726797401905,0.4790107309818268
1631022198368,0.8845176100730896,0.0679099261760711,0.0542509816586971,0.665836751461029
1631022198493,0.965016782283783,0.2212701588869094,0.0454194992780685,0.8211766481399536
1631022198540,0.990094006061554,0.24317467212677,0.046217069029808,0.9951125383377076
1631022198680,1.0184440612792969,0.2648557722568512,0.0623960271477699,1.0324698686599731
1631022198837,1.0504484176635742,0.2845099568367004,0.0877720192074775,1.0752418041229248
1631022198930,1.0854213237762451,0.3017886877059936,0.1153077483177185,1.1231597661972046
1631022198977,1.1222009658813477,0.3189030885696411,0.1469577252864837,1.176996827125549
1631022199055,1.160504698753357,0.3387866616249084,0.1906870901584625,1.2382782697677612
1631022199198,1.200766682624817,0.3650822043418884,0.2511928677558899,1.3098429441452026
1631022199278,1.2415214776992798,0.4009317457675934,0.3233645558357239,1.3948101997375488
1631022199372,1.2829073667526243,0.4460626244544983,0.3233645558357239,1.3948101997375488
1631022199497,1.2581387758255005,0.4836421608924866,0.3233645558357239,1.3035367727279663
1631022199590,1.2138341665267944,0.5108096599578857,0.3233645558357239,1.229523539543152
1631022199684,1.1342148780822754,0.5212898850440979,0.3233645558357239,1.1668106317520142
1631022199778,1.0066320896148682,0.5133193731307983,-0.4143364429473877,1.0833410024642944
1631022199903,0.8181808590888977,0.4641090035438537,-0.4439724683761596,0.9725037813186646
1631022200028,0.447964996099472,0.2146317064762115,-0.487938642501831,0.7813876867294312
1631022200121,0.4423984289169311,0.1598913818597793,-0.5368213057518005,-0.1264856606721878
1631022200219,0.4445857405662536,0.1377694010734558,-0.5803853869438171,-0.1254380792379379
1631022200312,0.4521957039833069,0.1538283228874206,-0.6144470572471619,-0.0853853821754455
1631022200391,0.4611148834228515,0.1868240237236023,-0.6358183026313782,-0.0271797627210617
1631022200578,0.4668911397457123,0.2099344134330749,-0.6397697925567627,0.0363488681614398
1631022200656,0.4649846255779266,0.2117829322814941,-0.6308603286743164,0.0981075465679168
1631022200734,0.4531477093696594,0.1977533996105194,-0.6208189129829407,0.1549326032400131
1631022200812,0.4370830357074737,0.1828757971525192,-0.6206526756286621,0.2002462297677993
1631022200906,0.4370830357074737,0.1770336925983429,-0.6308045983314514,0.2311896383762359
1631022201000,0.433605283498764,0.1590394526720047,-0.6624892354011536,0.2578793168067932
1631022201125,0.426961749792099,0.1411446034908294,-0.6563174724578857,0.2805176377296448
1631022201250,0.4203913509845733,0.125365599989891,-0.6074498295783997,0.3060781955718994
1631022201312,0.4180298447608948,0.1151904016733169,-0.5099988579750061,0.3399060666561126
1631022201406,0.4228014647960663,0.1140763312578201,-0.5049203634262085,0.3794803619384765
1631022201593,0.4287388026714325,0.1254123002290725,-0.4880780577659607,0.4282564520835876
1631022201640,0.7418822050094604,0.1582791954278946,-0.4619164168834686,0.4543256163597107
1631022201781,0.9288267493247986,0.2067906856536865,-0.4313901364803314,0.4781284630298614
1631022201843,1.057519555091858,0.2487398386001587,-0.3990877270698547,0.4970453381538391
1631022201921,1.0989340543746948,0.267765611410141,-0.3673017919063568,0.5111576914787292
1631022202015,1.1491752862930298,0.264356255531311,-0.3402163684368133,0.5201345682144165
1631022202171,1.21386456489563,0.2527746856212616,-0.317639946937561,0.523489773273468
1631022202238,1.300583004951477,0.2452982515096664,-0.2919239103794098,0.520334780216217
1631022202363,1.300583004951477,0.2395050227642059,-0.2482818961143493,0.5146369338035583
1631022202441,1.300583004951477,0.2267820388078689,-0.1761444509029388,0.4992444515228271
1631022202550,1.3000906705856323,0.2042330503463745,-0.1346767842769622,0.4728604853153229
1631022202613,1.2096381187438965,0.1773637980222702,-0.1546874940395355,0.4377858638763428
1631022202722,1.1374906301498413,0.1544258296489715,-0.2503055334091186,0.4002423882484436
1631022202847,1.0803627967834473,0.1409308463335037,-0.5476289987564087,0.3633535802364349
1631022203003,1.0356853008270264,0.1339168846607208,-0.6005268692970276,0.3268606662750244
1631022203113,0.9998865723609924,0.1227434873580932,-0.6494777798652649,0.2573865056037903
1631022203193,0.9080625772476196,0.088622972369194,-0.6494777798652649,0.2573865056037903
1631022203240,0.7358556389808655,0.0243261400610208,-0.6494777798652649,0.2573865056037903
1631022203365,0.2808204889297485,-0.0206051543354988,-0.6494777798652649,0.2573865056037903
1631022203428,0.2808204889297485,0.0615606345236301,-0.6494777798652649,0.2573865056037903
1631022203600,0.2808204889297485,0.241790696978569,-0.6494777798652649,0.2573865056037903
1631022203693,0.2808204889297485,0.4028931260108948,-0.6494777798652649,0.2573865056037903
1631022203756,0.2808204889297485,0.5011150240898132,-0.6494777798652649,0.2573865056037903
1631022203865,0.2808204889297485,0.5434616804122925,-0.6494777798652649,0.2036335319280624
1631022203943,0.2808204889297485,0.5537517070770264,-0.6494777798652649,0.1641618311405182
1631022204052,0.3074677884578705,0.553673267364502,-0.7523513436317444,0.1660588234663009
1631022204192,0.3499348759651184,0.551982581615448,-0.8426926136016846,0.2118672579526901
1631022204274,0.3499348759651184,0.5504408478736877,-0.8426926136016846,0.2895553112030029
1631022204368,0.3499348759651184,0.5494509339332581,-0.8426926136016846,0.3171192407608032
1631022204493,0.3499348759651184,0.5499758124351501,-0.8426926136016846,0.3000379204750061
1631022204556,0.3499348759651184,0.5520859360694885,-0.8426926136016846,0.2662581205368042
1631022204634,0.3499348759651184,0.5537757277488708,-0.0011582727311179,0.2662581205368042
1631022204806,0.3499348759651184,0.5510134100914001,0.0415693446993827,0.2662581205368042
1631022204899,0.3499348759651184,0.5327470898628235,0.0972628369927406,0.2662581205368042
1631022204993,0.3499348759651184,0.4775099158287048,0.1526202410459518,0.2662581205368042
1631022205055,0.3499348759651184,0.3641333281993866,0.1963179111480713,0.2662581205368042
1631022205165,0.3499348759651184,0.1827867031097412,0.2189718782901764,0.2662581205368042
1631022205262,0.3499348759651184,-0.0441636368632316,0.2186421453952789,0.2662581205368042
1631022205434,0.3499348759651184,-0.230118915438652,0.2022196501493454,0.2662581205368042
1631022205512,0.3499348759651184,-0.297686368227005,0.1833046972751617,0.2662581205368042
1631022205637,0.3499348759651184,-0.3001355528831482,0.1696440577507019,0.2662581205368042
1631022205699,0.3499348759651184,-0.2915939688682556,0.1619982272386551,0.2094382345676422
1631022205824,0.3499348759651184,-0.2810023725032806,0.1619513779878616,0.1345969438552856
1631022205902,0.3499348759651184,-0.2619328796863556,0.1806036084890365,0.0834601372480392
1631022206012,0.3499348759651184,-0.235632449388504,0.2067852020263672,0.0731910169124603
1631022206090,0.3499348759651184,-0.2041011154651641,0.2301082462072372,0.0998009741306305
1631022206203,-0.0977842435240745,-0.1692489385604858,0.2384609133005142,0.1440479457378387
1631022206313,-0.1088030114769935,-0.1373217850923538,0.2283571660518646,0.1773256510496139
1631022206391,-0.0787038579583168,-0.1162227690219879,0.2018054127693176,0.191293716430664
1631022206516,-0.0299764778465032,-0.1127931699156761,0.1611199527978897,0.1835707575082779
1631022206594,0.0255193151533603,-0.1284229904413223,0.1107450947165489,0.1638918966054916
1631022206703,0.0992399230599403,-0.1546696722507476,0.0850371867418289,0.1480469405651092
1631022206797,0.0992399230599403,-0.1803091913461685,0.0731531605124473,0.1663212478160858
1631022206922,0.0992399230599403,-0.1903572231531143,0.0793582573533058,0.1663212478160858
1631022206984,0.0992399230599403,-0.1703250855207443,0.0930253490805625,0.1663212478160858
1631022207109,0.0992399230599403,-0.1222127079963684,0.1043631732463836,0.1663212478160858
1631022207219,0.0992399230599403,-0.0675914213061332,0.1101985126733779,0.1861204355955124
1631022207328,0.0992399230599403,-0.0285215843468904,0.1033671125769615,0.4167520403861999
1631022207406,0.1092462837696075,-0.012772268615663,0.0672852173447609,0.5032962560653687
1631022207531,0.1266262978315353,-0.0151556842029094,-0.0142598180100321,0.5325006246566772
1631022207609,0.1605275422334671,-0.0267948023974895,-0.1463416963815689,0.5393931865692139
1631022207734,0.210422933101654,-0.0433133654296398,-0.3087232112884521,0.5344845652580261
1631022207828,0.26826012134552,-0.0578846856951713,-0.3087232112884521,0.5253750681877136
1631022207937,0.2545194923877716,-0.0570014864206314,-0.3087232112884521,0.5198869705200195
1631022208031,0.2524557113647461,-0.0308781098574399,-0.3087232112884521,0.5221540331840515
1631022208125,0.3234830200672149,0.0157157517969608,-0.3087232112884521,0.5329822301864624
1631022208234,0.4493699073791504,0.0641585141420364,-0.3431372046470642,0.5480034351348877
1631022208312,0.5700823068618774,0.1009408831596374,-0.2400656342506408,0.5648915767669678
1631022208468,0.5700823068618774,0.1201449483633041,-0.1684845834970474,0.5648915767669678
1631022208546,0.5700823068618774,0.1197012364864349,-0.1325673460960388,0.5648915767669678
1631022208656,0.5700823068618774,0.101673349738121,-0.1145548224449157,0.5648915767669678
1631022208749,0.5700823068618774,0.0763837844133377,-0.0929552540183067,0.5648915767669678
1631022208828,0.5700823068618774,0.058144312351942,-0.0642353221774101,0.4255436658859253
1631022208937,0.5700823068618774,0.0510665625333786,-0.0440597757697105,0.3113239109516144
1631022209031,0.5700823068618774,0.0483497306704521,-0.0417900346219539,0.2473953664302826
1631022209140,0.5700823068618774,0.0398978665471077,-0.0563159435987472,0.2191963344812393
1631022209265,0.5700823068618774,0.026811197400093,-0.0795053988695144,0.2200585752725601
1631022209390,0.5700823068618774,0.0145264072343707,-0.1046516820788383,0.2374638766050338
1631022209450,0.645858645439148,-0.0005020356620661,-0.1147459372878074,0.2374638766050338
1631022209567,0.645858645439148,-0.0270911529660224,-0.1202324703335762,0.2374638766050338
1631022209694,0.645858645439148,-0.0704511255025863,-0.1196332722902298,0.2374638766050338
1631022209782,0.645858645439148,-0.1214102804660797,-0.1137947514653205,0.2374638766050338
1631022209881,0.645858645439148,-0.1617598533630371,-0.1048031076788902,0.2374638766050338
1631022209984,0.645858645439148,-0.1832642555236816,-0.0949331372976303,0.2374638766050338
1631022210063,0.0482938140630722,-0.1945522278547287,-0.0865306705236435,0.688249409198761
1631022210160,0.0532740168273448,-0.2045837342739105,-0.0831756591796875,0.6627107858657837
1631022210325,0.1174630597233772,-0.2120111733675003,-0.0944013595581054,0.6566450595855713
1631022210386,0.2844631671905517,-0.1997930258512497,-0.1180609911680221,0.6985640525817871
1631022210504,0.5000501275062561,-0.1458708643913269,-0.1450884640216827,0.7850632071495056
1631022210578,0.6734926104545593,-0.0623372383415699,-0.1587752550840377,0.8718268871307373
1631022210665,0.7785343527793884,0.0162183307111263,-0.1480226665735244,0.9280225038528442
1631022210756,0.8243813514709473,0.0656164810061454,-0.1171097755432128,0.9280225038528442
1631022210896,0.8295800685882568,0.085055261850357,-0.074252188205719,0.9280225038528442
1631022210974,0.8156639933586121,0.0888674259185791,-0.0221163183450698,0.9280225038528442
1631022211091,0.7972727417945862,0.0930155664682388,0.0342239774763584,0.902037799358368
1631022211185,0.776989758014679,0.1012812256813049,0.0834731757640838,0.8758396506309509
1631022211278,0.7788857221603394,0.1090562045574188,0.0606118291616439,0.8626717925071716
1631022211399,0.7797169089317322,0.1107606366276741,-0.0063955662772059,0.845413088798523
1631022211508,0.7803865075111389,0.1062816455960273,-0.0857048407196998,0.8293144702911377
1631022211633,0.7820580005645752,0.1012393832206726,-0.1423275619745254,0.8177812099456787
1631022211695,0.7836777567863464,0.0997014418244361,-0.1695907562971115,0.8076724410057068
1631022211781,0.7801805138587952,0.0992100685834884,-0.1593292206525802,0.7884109020233154
1631022211877,0.7598206996917725,0.0895927175879478,-0.1608097106218338,0.7423220276832581
1631022211982,0.7060085535049438,0.0587795041501522,-0.1637849062681198,0.6436102986335754
1631022212089,0.6140990853309631,0.0041820146143436,-0.1677269041538238,0.4670764803886413
1631022212199,0.5018539428710938,-0.0606207177042961,-0.1765504628419876,0.1865246295928955
1631022212292,0.404046893119812,-0.1109915524721145,-0.193687692284584,0.1865627765655517
1631022212402,0.3467934429645538,-0.1372036635875702,-0.2165821492671966,0.2056645154953003
1631022212498,0.3158764243125915,-0.1532787680625915,-0.2371866106986999,0.2409166991710662
1631022212561,0.2892789244651794,-0.1763545721769333,-0.2495979368686676,0.2601779699325561
1631022212717,0.2734277844429016,-0.2002817541360855,-0.2545222640037536,0.2820879817008972
1631022212826,0.2715679109096527,-0.2065392583608627,-0.2545488774776459,0.2960163056850433
1631022212904,0.2763650417327881,-0.1860321313142776,-0.2444196939468383,0.2998219728469848
1631022212991,0.2797243893146515,-0.152379035949707,-0.2405984848737716,0.2996126711368561
1631022213084,0.2783903479576111,-0.1253824383020401,-0.2511227428913116,0.3034101128578186
1631022213194,0.2790687382221222,-0.113532580435276,-0.2755163609981537,0.3184646070003509
1631022213334,0.2920717000961303,-0.1153070330619812,-0.307302862405777,0.3488439321517944
1631022213412,0.3187453746795654,-0.1272363364696502,-0.3416429758071899,0.387000173330307
1631022213541,0.3466891348361969,-0.1426137089729309,-0.3661408424377441,0.4212783873081207
1631022213603,0.3414309620857239,-0.1471354514360427,-0.3807762265205383,0.4510839581489563
1631022213709,0.3200232982635498,-0.117751844227314,-0.3910786807537079,0.4942970871925354
1631022213788,0.2901854217052459,-0.0277024134993553,-0.3889601528644562,0.5097508430480957
1631022213945,0.2696617543697357,0.1004649773240089,-0.3735119104385376,0.5172285437583923
1631022214101,0.2735145092010498,0.2174965590238571,-0.3552571833133697,0.5133388638496399
1631022214132,0.2979342639446258,0.2966444492340088,-0.3454644083976745,0.501263439655304
1631022214241,0.3258257210254669,0.3346705138683319,-0.3474290072917938,0.4927469193935394
1631022214304,0.3478843867778778,0.3422465622425079,-0.3651659190654754,0.4974667131900787
1631022214449,0.3672772943973541,0.335468590259552,-0.4086714386940002,0.5137516856193542
1631022214558,0.396458238363266,0.3265014886856079,-0.4885202050209045,0.5335568189620972
1631022214621,0.4429672062397003,0.3229239881038666,-0.5985212922096252,0.5527443289756775
1631022214746,0.4061872065067291,0.3258911371231079,-0.6749380230903625,0.5157340168952942
1631022214824,0.3325597941875458,0.3334667980670929,-0.6428548097610474,0.4671169817447662
1631022214918,0.2069428414106369,0.3431602716445923,-0.5670567154884338,0.4153926372528076
1631022214996,0.0119333881884813,0.3513306081295013,-0.5688316822052002,0.3710101842880249
1631022215152,0.0414295010268688,0.3520652055740356,-0.5758745670318604,0.3188665211200714
1631022215308,0.0343429185450077,0.3376728594303131,-0.5956743955612183,0.150238499045372
1631022215355,0.0145647320896387,0.2940171360969543,-0.6270813345909119,0.126291736960411
1631022215449,0.0006884910399094,0.209703117609024,-0.6591277718544006,0.0966547504067421
1631022215511,-0.00447644200176,0.0864362567663192,-0.6740577816963196,0.0743782445788383
1631022215605,-0.0054962858557701,-0.0513432435691356,-0.6553387641906738,0.0618976652622222
1631022215761,-0.0064396723173558,-0.1564796715974807,-0.6071145534515381,0.0559958554804325
1631022215871,-0.0071388925425708,-0.2058266550302505,-0.5530684590339661,0.0509406514465808
1631022215933,-0.0105840545147657,-0.2280305624008178,-0.5146000981330872,0.0414759516716003
1631022216042,-0.0174445454031229,-0.250735729932785,-0.5002432465553284,0.0270372498780488
1631022216152,-0.0273380894213914,-0.2827686667442322,-0.5067430734634399,0.0131305940449237
1631022216233,-0.0319067947566509,-0.3123357892036438,-0.5175343155860901,0.0139169674366712
1631022216374,-0.0340348407626152,-0.3225283622741699,-0.531378984451294,0.0393218845129013
1631022216468,-0.0169353391975164,-0.3074585199356079,-0.523104190826416,0.0907361581921577
1631022216577,-0.0352121889591217,-0.2800654470920563,-0.4671363532543182,0.0759546607732772
1631022216640,-0.05246601998806,-0.2466357350349426,-0.3730051815509796,0.0584476701915264
1631022216733,-0.0568602718412876,-0.2036201357841491,-0.2636887431144714,0.050292357802391
1631022216858,-0.0509477593004703,-0.1425387561321258,-0.1573044508695602,0.0586576536297798
1631022216983,-0.0453507490456104,-0.0700753331184387,-0.0639550015330314,0.0776965022087097
1631022217077,-0.0450387932360172,-0.0025224967394024,0.0086142141371965,0.0977566093206405
1631022217171,-0.0489732138812541,0.0451126769185066,0.0570580512285232,0.1148341596126556
1631022217251,-0.0538967587053775,0.0705777406692504,0.0815025940537452,0.1298458129167556
1631022217376,-0.0607497282326221,0.0801246389746666,0.0885151997208595,0.1492064595222473
1631022217438,0.0185113362967968,0.0839894413948059,0.0868347287178039,0.295585423707962
1631022217610,0.0720315873622894,0.0882258638739585,0.0852023288607597,0.3999039828777313
1631022217704,0.1393770277500152,0.0924633964896202,0.0910963863134384,0.4697741568088531
1631022217823,0.2040563821792602,0.0911047235131263,0.1053544208407402,0.5050594806671143
1631022217857,0.2431538701057434,0.0780754387378692,0.1219490841031074,0.5368182063102722
1631022218013,0.2253752946853637,0.0529794506728649,0.1311529576778412,0.5351527333259583
1631022218075,0.2041541934013366,0.0229600239545106,0.1248075142502784,0.5351527333259583
1631022218199,0.1872372180223465,-0.0046647456474602,0.1028696149587631,0.4915221333503723
1631022218299,0.1755214482545852,-0.0297571793198585,0.0699440017342567,0.4720194339752197
1631022218393,0.1650095134973526,-0.0637169331312179,0.0289511643350124,0.4633657038211822
1631022218486,0.1510268151760101,-0.1190622746944427,-0.0212986152619123,0.4515485167503357
1631022218596,0.1374945640563964,-0.1968910545110702,-0.0793982148170471,0.4306406378746032
1631022218674,0.1293931454420089,-0.2757891416549682,-0.1353717297315597,0.4035706520080566
1631022218799,0.1405911594629287,-0.3286378979682922,-0.1483546793460846,0.3810803890228271
1631022218892,0.1405911594629287,-0.3314598500728607,-0.0250503271818161,0.3824895918369293
1631022218970,0.1272181272506714,-0.2633120417594909,-0.0121585624292492,0.3522072732448578
1631022219111,0.1206175610423088,-0.1173638328909874,0.0077007529325783,0.3209224939346313
1631022219206,0.1052783355116844,0.0532019920647144,0.025904756039381,0.2948619723320007
1631022219301,0.0853462517261505,0.19140625,0.0375790148973465,0.2797795832157135
1631022219410,0.0701654180884361,0.2803770005702972,0.0459183007478714,0.2797795832157135
1631022219488,0.0639977753162384,0.3276289105415344,0.0593080855906009,0.2797795832157135
1631022219582,0.0661033242940902,0.3494316339492798,0.0845230370759964,0.2797795832157135
1631022219691,0.0694055780768394,0.3586158752441406,0.1195029616355896,0.2834872305393219
1631022219832,0.0696240365505218,0.3596152067184448,0.1559310406446457,0.2695790827274322
1631022219879,0.0727654621005058,0.3565421104431152,0.1552291065454483,0.2358414679765701
1631022220035,0.0727654621005058,0.3553544282913208,0.1555036604404449,0.1787041276693344
1631022220129,0.0727654621005058,0.3613399863243103,0.1564652025699615,0.2105340659618377
1631022220256,0.0727654621005058,0.3785305023193359,0.1517992466688156,0.3854462802410126
1631022220319,0.0727654621005058,0.4045879244804382,0.1066993549466133,0.5927895307540894
1631022220412,0.0727654621005058,0.4278343915939331,-0.2346776276826858,0.6304025650024414
1631022220522,0.0727654621005058,0.4321559071540832,-0.2709900736808777,0.6304025650024414
1631022220631,0.0727654621005058,0.4081167578697204,-0.2888657748699188,0.6304025650024414
1631022220725,0.0727654621005058,0.3626748025417328,-0.2814871370792389,0.6304025650024414
1631022220803,0.0727654621005058,0.3184387385845184,-0.2571447491645813,0.6304025650024414
1631022220928,0.0727654621005058,0.2948487401008606,-0.23525932431221,0.6304025650024414
1631022221022,0.0727654621005058,0.2894209027290344,-0.2264986932277679,0.6304025650024414
1631022221100,0.0727654621005058,0.2868231236934662,-0.2297026365995407,0.6304025650024414
1631022221245,0.0727654621005058,0.2814410328865051,-0.2393739968538284,0.6304025650024414
1631022221323,0.0727654621005058,0.2791063487529754,-0.2519297003746032,0.6304025650024414
1631022221448,0.0727654621005058,0.2799170911312103,-0.2792048156261444,0.6304025650024414
1631022221510,0.0727654621005058,0.2786374688148498,-0.3136297762393951,0.6956281065940857
1631022221620,0.714126467704773,0.2697246074676513,-0.3457573652267456,0.7428675889968872
1631022221729,0.603357195854187,0.2462473809719085,-0.3667026162147522,0.7136428356170654
1631022221885,0.2724392414093017,0.2065294533967971,-0.3739191889762878,0.5550947785377502
1631022221979,0.2035154700279235,0.1604787558317184,-0.3682565093040466,0.4968196749687195
1631022222057,0.1495420038700103,0.1254952549934387,-0.3548358082771301,0.4554599523544311
1631022222135,0.1105363517999649,0.1017933562397956,-0.342002809047699,0.4374487996101379
1631022222247,0.0939143225550651,0.0665440335869789,-0.3029204308986664,0.4396162331104278
1631022222357,0.149705171585083,0.000430725805927,-0.1090855225920677,0.4654441773891449
1631022222466,0.3259019553661346,-0.079725444316864,0.2452266663312912,0.5368427634239197
1631022222575,0.5390631556510925,-0.122583121061325,0.5772661566734314,0.6423733830451965
1631022222669,0.7032365798950195,-0.1009202823042869,0.603095293045044,0.7391886711120605
1631022222778,0.7962867617607117,-0.0536461882293224,0.6321152448654175,0.7981482148170471
1631022222872,0.8301814794540405,-0.0196840576827526,0.6642982959747314,0.8162415027618408
1631022222969,0.8289957642555237,-0.0051376200281083,0.6998368501663208,0.807546854019165
1631022223052,0.8300508260726929,-0.0008046068833209,0.7391902804374695,0.7979469299316406
1631022223162,0.8286918997764587,0.0007278223638422,0.7832168936729431,0.7817288637161255
1631022223242,0.8289473652839661,0.0016583723481744,0.8328616619110107,0.7668151259422302
1631022223367,0.8316426873207092,0.0039226473309099,0.834912121295929,0.7581616640090942
1631022223460,0.8372803330421448,0.012962793931365,0.8357909917831421,0.7542251348495483
1631022223585,0.8455079197883606,0.0336736291646957,0.8347945213317871,0.7511709928512573
1631022223679,0.855841338634491,0.0634519979357719,0.8319310545921326,0.747548520565033
1631022223789,0.8654890656471252,0.0890755429863929,0.8232758045196533,0.742545485496521
1631022223867,0.8656888604164124,0.0989020243287086,0.7819392681121826,0.730908989906311
1631022223960,0.8388518691062927,0.0834476500749588,0.6162044405937195,0.6955526471138
1631022224085,0.7674169540405273,0.041450135409832,-0.5450211763381958,0.6172407269477844
1631022224148,0.6461610794067383,-0.0180356632918119,-0.54692143201828,0.4920448958873749
1631022224275,0.4995869398117065,-0.0745443031191825,-0.5391837358474731,0.35013148188591
1631022224431,0.3835747539997101,-0.108846940100193,-0.5289024114608765,0.2552623450756073
1631022224509,0.3318362832069397,-0.1185030192136764,-0.5222597122192383,0.233316496014595
1631022224587,0.3192378282546997,-0.1172152459621429,-0.5158901214599609,0.2462315112352371
1631022224681,0.3167603015899658,-0.1142069697380065,-0.4995447099208832,0.2614555954933166
1631022224806,0.3203851580619812,-0.1090007051825523,-0.466934323310852,0.2761715352535248
1631022224884,0.326051115989685,-0.1036757454276084,-0.4345952272415161,0.2885080575942993
1631022224993,0.3254382312297821,-0.1079014763236045,-0.4004282653331756,0.298221081495285
1631022225103,0.3141959309577942,-0.1287292540073394,-0.3727109730243683,0.3022947907447815
1631022225188,0.2927506864070892,-0.1656871140003204,-0.3543018996715545,0.2965844571590423
1631022225278,0.2834791541099548,-0.2051300257444381,-0.3444978296756744,0.2855013310909271
1631022225387,0.2686484158039093,-0.2250314801931381,-0.3329099118709564,0.2831245362758636
1631022225512,0.2682738304138183,-0.2066458612680435,-0.3030765354633331,0.2847194969654083
1631022225606,0.2812031805515289,-0.1554170548915863,-0.2349268198013305,0.2911852300167084
1631022225700,0.2967719435691833,-0.0892328172922134,-0.1314684748649597,0.2906677722930908
1631022225824,0.3026640117168426,-0.0274339616298675,-0.0194132681936025,0.2697437107563019
1631022225903,0.2966537475585937,0.01925989985466,0.0748199298977851,0.2269411534070968
1631022225981,0.2846300899982452,0.0490394420921802,0.1389653831720352,0.1726314425468444
1631022226090,0.2751820385456085,0.0653555393218994,0.1729821413755417,0.1208694279193878
1631022226202,0.2760878801345825,0.0731223821640014,0.1843452304601669,0.0833444520831108
1631022226311,0.2812061607837677,0.0778105705976486,0.180790975689888,0.0596063397824764
1631022226405,0.285803884267807,0.0817378014326095,0.1695462316274643,0.0431222058832645
1631022226467,0.285803884267807,0.0851669088006019,0.1581485867500305,0.0431222058832645
1631022226608,0.285803884267807,0.0851632878184318,0.1538425683975219,0.0431222058832645
1631022226749,0.285803884267807,0.0796400606632232,0.1596193760633468,0.0431222058832645
1631022226827,0.285803884267807,0.070473812520504,0.1716870814561844,0.0431222058832645
1631022226920,-0.1543852239847183,0.060496762394905,0.1810101121664047,-0.1021327078342437
1631022227045,-0.1310939192771911,0.0481648743152618,0.1784345358610153,-0.1058899760246276
1631022227092,-0.1035176888108253,0.0348596237599849,0.1548156887292862,-0.0407094024121761
1631022227197,-0.0487117506563663,0.02119374088943,0.1022698432207107,0.0491400957107543
1631022227330,0.0472013540565967,0.0051239947788417,0.0167374517768621,0.1254175901412964
1631022227439,0.1603931188583374,-0.0173911694437265,-0.0964864715933799,0.1741020530462265
1631022227548,0.2602964341640472,-0.0468881838023662,-0.2144777178764343,0.2019290924072265
1631022227626,0.3337786793708801,-0.074560172855854,-0.2586743235588074,0.2193486094474792
1631022227704,0.3337786793708801,-0.083186000585556,-0.061990063637495,0.2499249875545501
1631022227814,0.3337786793708801,-0.0404407121241092,-0.0490513816475868,0.3324031829833984
1631022227986,0.3337786793708801,0.0621305927634239,-0.0274166315793991,0.4606520235538482
1631022228064,0.3337786793708801,0.1824180036783218,-0.004557202104479,0.5851969718933105
1631022228142,0.3637623786926269,0.2772645056247711,0.0141050824895501,0.6928770542144775
1631022228220,0.3969557285308838,0.332274317741394,0.0252755787223577,0.7599411606788635
1631022228345,0.4340147078037262,0.35460165143013,0.0313309244811534,0.796251654624939
1631022228439,0.4754587113857269,0.3629533648490906,0.0421951524913311,0.8149522542953491
1631022228564,0.5419917702674866,0.3708244860172272,0.0705327317118644,0.8242460489273071
1631022228673,0.6198987364768982,0.3784205913543701,0.1211346536874771,0.8262472152709961
1631022228735,0.6795617938041687,0.3796675503253937,0.1273270398378372,0.823293149471283
1631022228845,0.7017219662666321,0.3733051717281341,0.1344385296106338,0.8179340362548828
1631022228954,0.6844595074653625,0.364572674036026,0.1415933817625045,0.812406063079834
1631022229017,0.6376453042030334,0.3601118624210357,0.1445817947387695,0.8079530596733093
1631022229157,0.5779345631599426,0.3654034435749054,0.0986585319042205,0.8093617558479309
1631022229254,0.5779345631599426,0.3808929026126861,-0.4789606034755707,0.825140118598938
1631022229332,0.5779345631599426,0.3926630616188049,-0.4825122356414795,0.825507402420044
1631022229426,0.5779345631599426,0.3805778324604034,-0.4256748557090759,0.7929569482803345
1631022229551,0.5779345631599426,0.3358381688594818,-0.3018771111965179,0.7161480784416199
1631022229629,0.5779345631599426,0.2698065042495727,-0.1690091490745544,0.5996232628822327
1631022229754,0.5779345631599426,0.2103380560874939,-0.0740522667765617,0.4683489203453064
1631022229863,0.5779345631599426,0.1772663295269012,-0.0292890015989542,0.3610059916973114
1631022229973,0.5779345631599426,0.1576888710260391,-0.0239363126456737,0.29520383477211
1631022230067,0.5668244361877441,0.1329581141471862,-0.0378361865878105,0.2655295431613922
1631022230145,0.5134443044662476,0.0983852744102478,-0.0550897531211376,0.2315739393234253
1631022230256,0.4184039533138275,0.0626128315925598,-0.0509857386350631,0.2135962396860122
1631022230428,0.4184039533138275,0.0369842462241649,-0.0466832630336284,0.2076850235462188
1631022230475,0.4184039533138275,0.026230052113533,-0.0443344302475452,0.2112144529819488
1631022230569,0.4184039533138275,0.0249778795987367,-0.0432714633643627,0.2168658226728439
1631022230662,0.4184039533138275,0.0151659781113266,-0.0429808683693409,0.1709631085395813
1631022230788,-0.2982430458068847,-0.0253271125257015,-0.0441482439637184,0.1583652645349502
1631022230881,-0.2861633598804474,-0.1085317954421043,-0.0487749129533767,0.1494369953870773
1631022230991,-0.2829456329345703,-0.2095502465963363,-0.0655148699879646,0.1715340912342071
1631022231100,-0.2815141081809997,-0.2608542442321777,-0.109596312046051,0.2277529835700988
1631022231162,-0.2811749279499054,-0.2286123186349868,-0.1922864764928817,0.2976315021514892
1631022231259,-0.2861577868461609,-0.1664750725030899,-0.3086205124855041,0.3555111587047577
1631022231415,-0.2725412845611572,-0.1231604143977165,-0.4159408211708069,0.3918884694576263
1631022231462,-0.1950206011533737,-0.0943519547581672,-0.3621744811534881,0.4188933372497558
1631022231587,-0.1950206011533737,-0.045766495168209,-0.0477450005710125,0.4769092202186584
1631022231681,-0.1950206011533737,0.0419038161635398,-0.0302752051502466,0.5856857299804688
1631022231774,-0.1950206011533737,0.1451336592435836,-0.0123185347765684,0.7040388584136963
1631022231899,-0.1950206011533737,0.2281331717967987,0.0060127954930067,0.7950425744056702
1631022231978,-0.1767387837171554,0.2758475840091705,0.0266113597899675,0.8455591797828674
1631022232071,-0.1636275053024292,0.2926221191883087,0.0521251931786537,0.8641257286071777
1631022232199,-0.1537052690982818,0.2929526269435882,0.0851968079805374,0.8667681217193604
1631022232308,-0.145460620522499,0.2891581058502197,0.1124952435493469,0.8662764430046082
1631022232371,-0.1314040869474411,0.2842600345611572,0.1160227358341217,0.8649928569793701
1631022232512,-0.0200753808021545,0.2730358839035034,0.1148029863834381,0.860142171382904
1631022232605,0.0931864008307457,0.2493704557418823,0.1114508137106895,0.8488752245903015
1631022232699,0.2010354399681091,0.2149707973003387,0.1080369353294372,0.831068217754364
1631022232808,0.3006770312786102,0.1806863993406295,0.1089935898780822,0.8121789693832397
1631022232886,0.4047823250293731,0.1578647941350937,0.1209911778569221,0.7992900609970093
1631022233043,0.4331812858581543,0.1449174284934997,0.1062988936901092,0.7933508157730103
1631022233152,0.4331812858581543,0.1209634914994239,-0.1436601281166076,0.7813819646835327
1631022233199,0.4331812858581543,0.0641743689775466,-0.0051783127710223,0.7394207119941711
1631022233292,0.4331812858581543,-0.0283408928662538,0.1075614094734191,0.6458943486213684
1631022233433,0.4331812858581543,-0.1251916885375976,0.1877042949199676,0.5048463344573975
1631022233511,0.4331812858581543,-0.1773907840251922,0.2307205945253372,0.3604642152786255
1631022233620,0.4331812858581543,-0.1753800511360168,0.239156112074852,0.278721272945404
1631022233714,0.4331812858581543,-0.157103881239891,0.2240868061780929,0.2727211713790893
1631022233824,0.4331812858581543,-0.1460776627063751,0.2129179537296295,0.2968211770057678
1631022233870,0.4331812858581543,-0.1397630721330642,0.2150080353021621,0.3168871402740478
1631022234027,0.4668920934200287,-0.1344354897737503,0.2258209288120269,0.3457376062870025
1631022234120,0.4668920934200287,-0.1290543675422668,0.2433961182832718,0.385275661945343
1631022234248,0.4668920934200287,-0.1209323927760124,0.2625963389873504,0.4213657081127167
1631022234327,0.4668920934200287,-0.1048894524574279,0.2775087058544159,0.4333299398422241
1631022234420,0.4668920934200287,-0.0741731747984886,0.2821398973464966,0.4103955030441284
1631022234498,0.1851284056901931,-0.024794328957796,0.2724930346012115,0.3446430265903473
1631022234655,0.1779631376266479,0.0368576683104038,0.2496509850025177,0.2302218973636627
1631022234795,0.1861363351345062,0.0937705114483833,0.2180152535438537,0.2360467612743377
1631022234858,0.1971206218004226,0.1314196735620498,0.1842603087425232,0.2678796947002411
1631022234967,0.2069743275642395,0.1457026302814483,0.1538262516260147,0.3090165555477142
1631022235045,0.2086943238973617,0.1446603238582611,0.1364579945802688,0.3442153930664062
1631022235139,0.221161276102066,0.1466555297374725,0.1757049113512039,0.3717387318611145
1631022235236,0.2890677154064178,0.1815290600061416,0.1889848858118057,0.4004136323928833
1631022235361,0.4345036149024963,0.2641240656375885,0.2152183502912521,0.44514861702919
1631022235454,0.4345036149024963,0.3666816353797912,0.2421215176582336,0.5129773616790771
1631022235533,0.4345036149024963,0.4516654908657074,0.2634797990322113,0.5684443712234497
1631022235626,0.4345036149024963,0.5021225810050964,0.2783374190330505,0.5955776572227478
1631022235705,0.4474295973777771,0.5218974351882935,0.2917853593826294,0.5988678336143494
1631022235861,0.4658234715461731,0.5241449475288391,0.3471881449222564,0.5939332842826843
1631022235986,0.4902120232582092,0.5181836485862732,0.3428784012794494,0.594430685043335
1631022236048,0.5203022360801697,0.5049549341201782,0.3321631550788879,0.6047465801239014
1631022236142,0.5305649042129517,0.4840209484100342,0.3193278908729553,0.6208661198616028
1631022236254,0.5405279994010925,0.4580895006656647,0.2934634983539581,0.6346482038497925
1631022236364,0.5546113848686218,0.4318049252033233,0.2456646114587783,0.6398965716362
1631022236473,0.5736120343208313,0.4093957245349884,0.1805050820112228,0.6348258256912231
1631022236551,0.598966121673584,0.3929036855697632,0.1138900443911552,0.6230165958404541
1631022236645,0.6195449233055115,0.3791873157024383,-0.0162524115294218,0.6069713234901428
1631022236755,0.6029428243637085,0.3520989120006561,-0.0046240771189332,0.5839490294456482
1631022236864,0.4716775119304657,0.285514622926712,0.0034313269425183,0.5412541031837463
1631022236973,0.4546569585800171,0.159115120768547,0.0021937503479421,0.4732654988765716
1631022237098,0.4339333772659302,-0.0264790393412113,-0.0097944932058453,0.393621563911438
1631022237243,0.4222747385501861,-0.2211629897356033,-0.0282841064035892,0.3342559933662414
1631022237274,0.4221854209899902,-0.3190558552742004,-0.0448586717247962,0.3116551339626312
1631022237368,0.4264724552631378,-0.2946492731571197,-0.1546844094991684,0.3104890584945678
1631022237461,0.4281210005283355,-0.229290023446083,-0.1545146852731704,0.3058614432811737
1631022237571,0.4241113662719726,-0.1742032468318939,-0.1366312801837921,0.2858170568943023
1631022237680,0.4199201464653015,-0.1404129862785339,-0.1274127215147018,0.2467336803674698
1631022237789,0.4083566069602966,-0.1137292236089706,-0.1262613236904144,0.1904886662960052
1631022237883,0.3956096768379211,-0.0637519881129264,-0.1306677907705307,0.1314902007579803
1631022237993,0.4019303619861603,0.0233810618519783,-0.1343165636062622,0.099355898797512
1631022238086,0.4518314003944397,0.1338145583868026,-0.1186862662434578,0.1381209939718246
1631022238198,0.543492317199707,0.2380554527044296,-0.0718383565545082,0.2496968060731887
1631022238325,0.5433403253555298,0.314309686422348,-0.0083529399707913,0.2550298571586609
1631022238419,0.5492790937423706,0.3567841053009033,0.0492431558668613,0.2656907439231872
1631022238482,0.5653694272041321,0.3749343454837799,0.0954804047942161,0.279889702796936
1631022238622,0.5879155397415161,0.382828801870346,0.1376229971647262,0.293240875005722
1631022238685,0.6092249751091003,0.3884430527687073,0.1792057454586029,0.3037391602993011
1631022238809,0.6258591413497925,0.3901112377643585,0.211666852235794,0.3166928291320801
1631022238903,0.6415160894393921,0.3848909735679626,0.2273003309965133,0.3397388458251953
1631022239028,0.6631821393966675,0.3748602569103241,0.2285343408584594,0.376858115196228
1631022239138,0.6978246569633484,0.3672025203704834,0.2246235907077789,0.4248571097850799
1631022239203,0.7522544264793396,0.366205096244812,0.2226809561252594,0.4832369387149811
1631022239282,0.8291714787483215,0.3684462904930115,0.2240221798419952,0.5593929290771484
1631022239375,0.8291714787483215,0.3617783188819885,0.2262172102928161,0.5593929290771484
1631022239532,0.8291714787483215,0.3335590064525604,0.2251854836940765,0.5593929290771484
1631022239610,0.8291714787483215,0.2726214826107025,0.2133546024560928,0.5593929290771484
1631022239719,0.8291714787483215,0.1780161708593368,0.1848023235797882,0.5593929290771484
1631022239797,0.0379775799810886,0.0680279582738876,0.1412330269813537,0.1276717334985733
1631022239922,0.0387246720492839,-0.0194221772253513,0.0919664874672889,0.0784706026315689
1631022239985,0.0143445609137415,-0.0626161843538284,0.0438212044537067,0.0539397485554218
1631022240148,-0.0274958796799182,-0.07932810485363,-0.0043934150598943,0.0589618794620037
1631022240237,-0.0694425776600837,-0.0946295633912086,-0.053586695343256,0.0801533013582229
1631022240321,-0.0960555076599121,-0.1146506965160369,-0.0897659957408905,0.1004002094268798
1631022240413,-0.0960524678230285,-0.1378262042999267,-0.0900024101138114,0.1118269711732864
1631022240538,-0.0960524678230285,-0.163943275809288,-0.0390858724713325,0.1259765923023224
1631022240649,-0.0960524678230285,-0.1874318271875381,0.1026161387562751,0.1259765923023224
1631022240748,-0.0960524678230285,-0.1742864251136779,0.1200122460722923,0.1259765923023224
1631022240869,-0.0960524678230285,-0.0973174944519996,0.1386820375919342,0.1259765923023224
1631022240967,-0.0960524678230285,0.0149269383400678,0.1604495644569397,0.1259765923023224
1631022241029,-0.0986352637410163,0.1128073036670684,0.1859526187181472,0.1065259724855423
1631022241120,-0.1147947683930397,0.1757240146398544,0.212289422750473,0.0942993536591529
1631022241216,-0.1522273421287536,0.2065013498067855,0.2355935126543045,0.0998068749904632
1631022241371,-0.037097442895174,0.2199759781360626,0.2567105591297149,0.1250049620866775
1631022241479,0.0253862794488668,0.2281881421804428,0.2818361222743988,0.1619450896978378
1631022241549,0.0937618687748909,0.2345805019140243,0.3180309534072876,0.1901536434888839
1631022241635,0.161789670586586,0.2403793334960937,0.314804345369339,0.1899564862251281
1631022241734,0.2082405388355255,0.2459553778171539,0.308218240737915,0.1795224696397781
1631022241824,0.2257616817951202,0.2514828443527221,0.2924971282482147,0.1940748542547226
1631022241956,0.2149927020072937,0.2561236619949341,0.2576284408569336,0.2438402622938156
1631022242071,0.174845665693283,0.258540540933609,0.1779548972845077,0.2959052324295044
1631022242149,0.1392305642366409,0.2547083497047424,-0.1925882250070572,0.3194561898708343
1631022242258,0.1063010096549987,0.2331609576940536,-0.1667630672454834,0.3244547545909881
1631022242368,0.0774459019303321,0.1770161390304565,-0.1303853988647461,0.3290634751319885
1631022242430,0.0571620538830757,0.0744227245450019,-0.0993300974369049,0.3399994671344757
1631022242573,0.0445172898471355,-0.0696386024355888,-0.0813287645578384,0.3484692871570587
1631022242682,0.0331210754811763,-0.2229402065277099,-0.0768680498003959,0.3463784158229828
1631022242745,0.0190693289041519,-0.3308170735836029,-0.0840912759304046,0.3341436982154846
1631022242838,-0.0494701713323593,-0.358821302652359,-0.0986383482813835,0.3230026066303253
1631022242952,-0.1029005423188209,-0.3131399154663086,-0.1165168210864067,0.3240340054035187
1631022243074,-0.1509514600038528,-0.2259424775838852,-0.1326388865709304,0.3514445126056671
1631022243204,-0.1734027862548828,-0.1395366042852401,-0.1426539421081543,0.3973807096481323
1631022243267,-0.1418349295854568,-0.0652846321463584,-0.1463198214769363,0.4495615065097809
1631022243407,-0.0752264037728309,0.0033602856565266,-0.1462006121873855,0.4900478422641754
1631022243470,-0.0130514549091458,0.0697960183024406,-0.1440834254026413,0.5090874433517456
1631022243563,0.0263926815241575,0.1239104568958282,-0.1462191194295883,0.5072277188301086
1631022243673,0.0547530427575111,0.1566318571567535,-0.1611649841070175,0.4952803254127502
1631022243782,0.0836500152945518,0.1716774255037307,-0.1764858812093734,0.4822031259536743
1631022243876,0.1234211698174476,0.1865899562835693,-0.1153724566102027,0.4752311408519745
1631022243985,0.1414383947849273,0.2197980135679245,-0.1347357928752899,0.4915036261081695
1631022244063,0.1573019474744796,0.2816303074359894,-0.1533038020133972,0.5540248155593872
1631022244173,0.1753216534852981,0.3574644923210144,-0.1648298949003219,0.6465518474578857
1631022244282,0.1992636620998382,0.4234791100025177,-0.1641251742839813,0.7331269383430481
1631022244453,0.2282951772212982,0.4625618457794189,-0.1507598310708999,0.7891987562179565
1631022244522,0.2598090171813965,0.472067654132843,-0.1268621385097503,0.8114610910415649
1631022244600,0.2902899086475372,0.4593239724636078,-0.0987130999565124,0.8091101050376892
1631022244694,0.3102651834487915,0.4370903372764587,-0.0736855491995811,0.7919201254844666
1631022244772,0.3063558340072632,0.4153669476509094,-0.053984984755516,0.7676425576210022
1631022244873,0.2784161865711212,0.4082662463188171,-0.0343470200896263,0.7548770308494568
1631022245009,0.2453729808330536,0.4493140876293182,-0.0008881122339516,0.7596204876899719
1631022245103,0.2453729808330536,0.5605761408805847,-0.0008881122339516,0.7758815884590149
1631022245197,0.2453729808330536,0.6991613507270813,-0.0008881122339516,0.802514910697937
1631022245291,0.2453729808330536,0.8115310668945312,-0.0008881122339516,0.8352089524269104
1631022245384,0.2453729808330536,0.8763285279273987,-0.0008881122339516,0.8673381805419922
1631022245497,0.2453729808330536,0.9007377028465272,-0.0008881122339516,0.8864284157752991
1631022245591,0.2453729808330536,0.9104392528533936,-0.0008881122339516,0.8708866834640503
1631022245716,0.2453729808330536,0.9388610124588012,-0.0008881122339516,0.8039310574531555
1631022245828,0.2453729808330536,0.994789719581604,-0.0008881122339516,0.6764807105064392
1631022245922,0.2453729808330536,1.0581512451171875,-0.0008881122339516,0.5027275085449219
1631022246000,0.2453729808330536,1.1060590744018557,-0.0008881122339516,0.3461786806583404
1631022246094,0.2453729808330536,1.1319797039031982,-0.0008881122339516,0.3461786806583404
1631022246219,0.2453729808330536,1.141817331314087,-0.0008881122339516,0.3461786806583404
1631022246344,0.2453729808330536,1.1443878412246704,-0.0008881122339516,0.3461786806583404
1631022246406,0.2453729808330536,1.141622543334961,-0.0008881122339516,0.3461786806583404
1631022246498,0.2453729808330536,1.1290099620819092,-0.0008881122339516,0.3461786806583404
1631022246604,0.2453729808330536,1.0984781980514526,-0.0008881122339516,0.3461786806583404
1631022246683,0.2453729808330536,1.0483604669570925,-0.0008881122339516,0.3461786806583404
1631022246822,0.2453729808330536,0.9895982146263124,-0.0008881122339516,0.3993862271308899
1631022246947,0.2453729808330536,0.9426243901252748,-0.3216746151447296,0.4561064541339874
1631022247009,0.2453729808330536,0.917737364768982,-0.1510694324970245,0.5362696051597595
1631022247181,0.34634730219841,0.897495687007904,-0.0341155938804149,0.6008477210998535
1631022247228,0.34634730219841,0.8477419018745422,-0.0341155938804149,0.6008477210998535
1631022247322,0.34634730219841,0.7497181296348572,-0.0341155938804149,0.6008477210998535
1631022247431,0.34634730219841,0.6369949579238892,-0.0341155938804149,0.6008477210998535
1631022247540,0.34634730219841,0.6392207145690918,-0.0341155938804149,0.6008477210998535
1631022247650,0.34634730219841,0.7910327911376953,-0.0341155938804149,0.6008477210998535
1631022247712,0.34634730219841,0.9575165510177612,-0.0341155938804149,0.6008477210998535
1631022247837,0.34634730219841,1.0678858757019043,-0.0341155938804149,0.6008477210998535
1631022247915,0.34634730219841,1.0954384803771973,-0.0341155938804149,0.6008477210998535
1631022248056,0.34634730219841,1.1253501176834106,-0.0341155938804149,0.6274325847625732
1631022248165,0.34634730219841,1.1568560600280762,0.0278308000415563,0.6620233654975891
1631022248230,0.34634730219841,1.1902862787246704,0.1068336218595504,0.7119846940040588
1631022248339,0.34634730219841,1.2270879745483398,0.1068336218595504,0.7119846940040588
1631022248417,0.34634730219841,1.269015192985535,0.1068336218595504,0.7119846940040588
1631022248527,0.34634730219841,1.317270278930664,0.1068336218595504,0.7119846940040588
1631022248636,0.34634730219841,1.3727927207946775,0.1068336218595504,0.7119846940040588
1631022248776,0.34634730219841,1.4483550786972046,0.1068336218595504,0.7119846940040588
1631022248839,0.34634730219841,1.4840270280838013,0.1068336218595504,0.7119846940040588
1631022248933,0.34634730219841,1.53329598903656,0.1068336218595504,0.7119846940040588
1631022249053,0.34634730219841,1.5610066652297974,0.1068336218595504,0.7119846940040588
1631022249131,0.34634730219841,1.549298882484436,0.1068336218595504,0.7119846940040588
1631022249274,0.34634730219841,1.371725082397461,0.1068336218595504,0.7119846940040588
1631022249368,0.34634730219841,1.131533980369568,0.1068336218595504,0.7119846940040588
1631022249446,0.34634730219841,1.0482847690582275,0.1068336218595504,0.7119846940040588
1631022249555,0.34634730219841,0.9841744899749756,0.1068336218595504,0.7119846940040588
1631022249649,0.34634730219841,0.9337599277496338,0.1068336218595504,0.7119846940040588
1631022249743,0.34634730219841,0.8931201696395874,0.2485873103141784,0.7119846940040588
1631022249884,0.34634730219841,0.8578343391418457,0.2220621556043625,0.7119846940040588
1631022249961,0.34634730219841,0.8241028189659119,0.1880193650722503,0.7119846940040588
1631022250071,0.34634730219841,0.7914407253265381,0.1444324553012848,0.7119846940040588
1631022250165,0.34634730219841,0.7622033357620239,0.0990218669176101,0.7119846940040588
1631022250277,0.34634730219841,0.5078585743904114,0.0625664964318275,0.7119846940040588
1631022250370,0.34634730219841,0.2465367466211319,0.0391785725951194,0.7119846940040588
1631022250464,0.34634730219841,0.2422023862600326,0.0264709051698446,0.7119846940040588
1631022250558,0.34634730219841,0.2292600125074386,0.0193785279989242,0.7119846940040588
1631022250667,0.34634730219841,0.2115074545145034,0.0151172820478677,0.7119846940040588
1631022250839,0.34634730219841,0.2084065228700637,0.0141450921073555,0.7119846940040588
1631022250870,0.34634730219841,0.2158557027578354,0.0152696492150425,0.7119846940040588
1631022250980,0.6628562808036804,0.2411072999238968,-0.013266053982079,0.8752803802490234
1631022251120,0.6738246083259583,0.2749533057212829,-0.0425315536558628,0.8752803802490234
1631022251198,0.6738246083259583,0.2983757257461548,-0.0697643235325813,0.8752803802490234
1631022251279,0.6738246083259583,0.3072638809680938,-0.0901873111724853,0.8752803802490234
1631022251372,0.6738246083259583,0.3128231763839721,-0.0905724465847015,0.8752803802490234
1631022251482,0.943302035331726,0.3275519013404846,-0.0547564439475536,0.8752803802490234
1631022251560,1.0934301614761353,0.3509613275527954,0.0476488918066024,0.8752803802490234
1631022251716,1.184325933456421,0.3892824351787567,0.0701032802462577,1.1214361190795898
1631022251810,1.2526899576187134,0.459631472826004,0.0930603593587875,1.1214361190795898
1631022251903,1.2526899576187134,0.5576849579811096,0.1127490922808647,1.1214361190795898
1631022252013,1.2526899576187134,0.6532567739486694,0.1291595101356506,1.1214361190795898
1631022252091,1.2526899576187134,0.7222216725349426,0.1446878015995025,1.1214361190795898
1631022252185,1.2944990396499634,0.760261595249176,0.1610597521066665,1.1944241523742676
1631022252310,1.3407158851623535,0.7755797505378723,0.1774546951055526,1.1944241523742676
1631022252466,1.3927793502807615,0.7760397791862488,0.1948887109756469,1.1944241523742676
1631022252481,1.4552571773529053,0.7654574513435364,0.2173973768949508,1.1944241523742676
1631022252591,1.5360718965530396,0.7479721903800964,0.2515933513641357,1.1944241523742676
1631022252731,1.5360718965530396,0.7301894426345825,0.3731630444526672,1.1944241523742676
1631022252794,1.5360718965530396,0.7154070138931274,0.4616084396839142,1.1944241523742676
1631022252919,1.5360718965530396,0.7021034359931946,0.4949102401733398,1.1944241523742676
1631022253013,1.5360718965530396,0.6874568462371826,0.4745535254478454,1.1944241523742676
1631022253122,1.5360718965530396,0.6705835461616516,0.3615838587284088,1.1944241523742676
1631022253194,1.5360718965530396,0.6438577175140381,0.2975174784660339,1.1944241523742676
1631022253297,1.5360718965530396,0.5887189507484436,0.2438239902257919,1.1944241523742676
1631022253422,1.5360718965530396,0.484526515007019,0.2007846981287002,1.1944241523742676
1631022253610,1.5360718965530396,0.3216657042503357,0.1721706986427307,1.1944241523742676
1631022253672,1.5360718965530396,0.1363543719053268,0.1873392611742019,1.1944241523742676
1631022253797,1.5360718965530396,0.1094083786010742,0.1873392611742019,1.1944241523742676
1631022253875,1.5360718965530396,0.3482296466827392,0.1873392611742019,1.1944241523742676
1631022253907,1.5360718965530396,0.6183949112892151,0.1873392611742019,1.1944241523742676
1631022254047,1.5360718965530396,0.8078828454017639,0.1873392611742019,1.1944241523742676
1631022254206,1.5360718965530396,0.9143550992012024,0.1873392611742019,1.5900660753250122
1631022254284,1.5360718965530396,0.9601250886917114,0.1126415207982063,1.5522353649139404
1631022254346,1.5360718965530396,0.9730852842330932,0.0077429912053048,1.4936106204986572
1631022254456,1.5360718965530396,0.9753888249397278,-0.0851434767246246,1.4331883192062378
1631022254581,1.5360718965530396,0.975605010986328,-0.1240274384617805,1.3776555061340332
1631022254643,1.5360718965530396,0.9754676818847656,-0.1081974059343338,1.3276876211166382
1631022254784,1.5360718965530396,0.975447714328766,-0.1408469229936599,1.2823729515075684
1631022254924,1.5360718965530396,0.9756219387054444,-0.1751547157764434,1.2411518096923828
1631022254974,1.5360718965530396,0.9757272601127625,-0.2230376899242401,1.2037674188613892
1631022255146,0.2446141391992569,0.9752328991889954,-0.3203637599945068,1.169782638549805
1631022255196,0.2217436283826828,0.9709673523902892,-1.0531957149505615,1.1387743949890137
1631022255258,0.2012970894575119,0.9505784511566162,-1.0867611169815063,1.110180377960205
1631022255399,0.2003088742494583,0.8881770968437195,-1.1043949127197266,1.0545008182525637
1631022255461,0.2251475155353546,0.7551531195640564,-1.0602985620498655,0.9350559115409852
1631022255555,0.2650002241134643,0.527778685092926,-0.939776599407196,0.7328024506568909
1631022255649,0.3037305474281311,0.1986526399850845,-0.7994282245635986,0.4472119510173797
1631022255727,0.327578991651535,-0.165171667933464,-0.6924412250518799,0.1356969624757766
1631022255867,0.3318814933300018,-0.3698159754276275,-0.6327202320098877,-0.0752069577574729
1631022255977,0.3219303488731384,-0.4112755954265594,-0.6083410978317261,-0.1677403301000595
1631022256055,0.3219303488731384,-0.4064542949199676,-0.5541722178459167,-0.1863046437501907
1631022256185,0.3219303488731384,-0.3393391072750091,-0.3226630985736847,-0.1796958148479461
1631022256261,0.3239715695381164,-0.1571580916643142,-0.3003686070442199,-0.1549118310213089
1631022256386,0.3285528123378753,0.1027507111430168,-0.2740626037120819,-0.1210565790534019
1631022256448,0.3377662599086761,0.3365817964076996,-0.2444265335798263,0.5757349729537964
1631022256573,0.352319598197937,0.3612339794635772,-0.2114907354116439,0.8629317879676819
1631022256745,0.3745312690734863,0.3888762891292572,-0.1743659824132919,0.9014932513237
1631022256808,0.4039544463157654,0.4202106893062591,-0.1317989826202392,0.9439222812652588
1631022256870,0.4308191239833832,0.4554807245731354,-0.0845256000757217,0.9910311102867126
1631022256964,0.4423808753490448,0.4941893517971039,-0.0362614169716835,1.043592095375061
1631022257073,0.4279275238513946,0.5352272391319275,0.007299022283405,1.1034942865371704
1631022257195,0.4279275238513946,0.5785603523254395,0.0452119000256061,1.1747493743896484
1631022257280,0.4279275238513946,0.6266347169876099,0.0883345156908035,1.2647693157196045
1631022257405,0.4279275238513946,0.6837786436080933,0.0883345156908035,1.2647693157196045
1631022257483,0.4279275238513946,0.754841148853302,0.0883345156908035,1.2647693157196045
1631022257577,0.4279275238513946,0.843809187412262,0.0883345156908035,1.2647693157196045
1631022257717,0.4279275238513946,0.843809187412262,0.0883345156908035,1.2647693157196045
1631022257858,0.4279275238513946,0.843809187412262,0.0883345156908035,1.4600011110305786
1631022257920,0.4279275238513946,0.843809187412262,0.0883345156908035,1.4869441986083984
1631022258045,0.4279275238513946,0.843809187412262,0.0883345156908035,1.4777175188064575
1631022258155,0.4279275238513946,1.0529792308807373,0.0883345156908035,1.4777175188064575
1631022258202,0.4279275238513946,0.9832153916358948,0.0883345156908035,1.4777175188064575
1631022258373,0.4279275238513946,0.9131588935852052,0.0883345156908035,1.4777175188064575
1631022258456,0.4279275238513946,0.8512059450149536,0.0883345156908035,1.4777175188064575
1631022258534,0.4279275238513946,0.7971023917198181,0.0883345156908035,1.4777175188064575
1631022258628,0.4279275238513946,0.7493603229522705,0.0883345156908035,1.4777175188064575
1631022258706,0.4279275238513946,0.7068814635276794,0.0883345156908035,1.3150728940963743
1631022258800,0.4279275238513946,0.66850745677948,0.0883345156908035,1.2340281009674072
1631022258909,0.4418668150901794,0.6333528757095337,0.0425605848431587,1.1771106719970703
1631022259159,0.4979114532470703,0.6036627888679504,0.1131832972168922,1.1363619565963743
1631022259237,0.4979114532470703,0.6036627888679504,0.1131832972168922,1.1363619565963743
1631022259253,0.4979114532470703,0.6036627888679504,0.1131832972168922,1.1302838325500488
1631022259378,0.4979114532470703,0.5275429487228394,0.1131832972168922,1.0243628025054932
1631022259456,0.4979114532470703,0.3769661784172058,0.1131832972168922,0.5686478018760681
1631022259534,0.4979114532470703,0.1500074416399002,0.1131832972168922,0.5686478018760681
1631022259706,0.4979114532470703,-0.1089834570884704,0.1131832972168922,0.5686478018760681
1631022259753,0.4979114532470703,-0.291600227355957,0.1131832972168922,0.5686478018760681
1631022259862,0.4979114532470703,-0.3584677875041961,0.1131832972168922,0.5686478018760681
1631022259956,0.4979114532470703,-0.3805132806301117,0.1131832972168922,0.5686478018760681
1631022260050,0.4979114532470703,-0.3869322836399078,0.1131832972168922,0.5686478018760681
1631022260097,0.5180211663246155,-0.2745019495487213,0.1623906344175338,0.5686478018760681
1631022260241,0.5255473852157593,-0.2281531989574432,0.1635359525680542,0.6296551823616028
1631022260319,0.5195913314819336,-0.2043067514896392,0.1180643290281295,0.6331929564476013
1631022260413,0.4940620362758636,-0.1898460388183593,0.021554222330451,0.5714532732963562
1631022260507,0.4316363036632538,-0.2121059894561767,-0.2197666466236114,0.4215327203273773
1631022260601,0.4459463953971863,-0.2002566009759903,-0.2518402338027954,0.3541322350502014
1631022260710,0.4451119601726532,-0.1568131148815155,-0.2389618009328842,0.3031614124774933
1631022260835,0.4285756647586822,-0.1100116372108459,-0.2072686553001403,0.2764778137207031
1631022260928,0.4087496101856231,-0.0784778073430061,-0.1802970170974731,0.2649841606616974
1631022261038,0.4009805917739868,-0.0646026134490966,-0.1553778797388076,0.2648957669734955
1631022261163,0.4151836633682251,-0.0620305463671684,-0.1191786304116249,0.2883114218711853
1631022261225,0.4527760446071625,-0.0575454719364643,-0.0516587309539318,0.3702571094036102
1631022261350,0.5050094723701477,-0.0428544878959655,0.0443141646683216,0.4923101365566253
1631022261448,0.5050094723701477,-0.0189698617905378,0.1371171921491623,0.6014111638069153
1631022261557,0.5050094723701477,0.0063286516815423,0.201330304145813,0.6674172282218933
1631022261635,0.5050094723701477,0.026586715131998,0.2297457307577133,0.6908622980117798
1631022261729,0.513374388217926,0.0476663969457149,0.2438340336084365,0.6974470019340515
1631022261854,0.5224243998527527,0.0855756625533104,0.2647219598293304,0.7091471552848816
1631022261916,0.5312148332595825,0.1054933369159698,0.342868447303772,0.729103684425354
1631022262070,0.5375168323516846,0.1267223507165908,0.5088344812393188,0.7583239078521729
1631022262151,0.5427646636962891,0.1432547867298126,0.7005718350410461,0.7945732474327087
1631022262263,0.5576382875442505,0.1515716165304184,0.8541222810745239,0.8350123763084412
1631022262350,0.5934748649597168,0.1542083472013473,0.957985520362854,0.8778200745582581
1631022262478,0.6503932476043701,0.1583815813064575,0.9849449992179872,0.9249228835105896
1631022262554,0.6503932476043701,0.1708082109689712,1.013870120048523,0.9781033992767334
1631022262664,0.6503932476043701,0.193792924284935,1.1076887845993042,1.0349496603012085
1631022262784,0.6503932476043701,0.2201921194791793,1.1705220937728882,1.0774682760238647
1631022262896,0.6503932476043701,0.2402625083923339,1.1972637176513672,1.0774682760238647
1631022262984,0.6503932476043701,0.2474257797002792,1.224498987197876,1.0774682760238647
1631022263053,0.6503932476043701,0.2474257797002792,1.2553333044052124,1.0774682760238647
1631022263191,0.6503932476043701,0.2474257797002792,1.2932963371276855,1.0774682760238647
1631022263319,0.6503932476043701,0.2474257797002792,1.2904223203659058,1.0774682760238647
1631022263382,0.6503932476043701,0.2474257797002792,1.288314700126648,1.0774682760238647
1631022263481,0.6503932476043701,0.2474257797002792,1.2773678302764893,1.0774682760238647
1631022263569,0.6503932476043701,-0.0880164727568626,1.239792823791504,1.0774682760238647
1631022263648,0.9768381714820862,-0.048671431839466,1.160506248474121,1.0774682760238647
1631022263757,0.9346850514411926,-0.0426898337900638,1.038723111152649,0.6685777306556702
1631022263882,0.8846082091331482,-0.0533493496477603,0.8850945234298706,0.648994505405426
1631022263960,0.8408061861991882,-0.0697976350784301,0.8428909778594971,0.6349915266036987
1631022264085,0.8043062090873718,-0.0892910286784172,0.8062760829925537,0.6231220364570618
1631022264196,0.7731371521949768,-0.1120557710528373,0.5360924005508423,0.6089916825294495
1631022264259,0.7483544945716858,-0.1370449066162109,0.0005882988334633,0.5892680287361145
1631022264368,0.7394545674324036,-0.145961046218872,0.0482933595776557,0.573739230632782
1631022264493,0.7394545674324036,-0.1005612388253212,0.1776546388864517,0.5956467986106873
1631022264587,0.7394545674324036,0.0093055022880434,0.3658443689346313,0.6737924814224243
1631022264712,0.7394545674324036,0.1368002891540527,0.3658443689346313,0.7736706733703613
1631022264774,0.8489416837692261,0.2585456669330597,0.3887953162193298,0.8505916595458984
1631022264869,0.8917277455329895,0.3358313739299774,0.407767117023468,0.888334333896637
1631022264962,0.8817867636680603,0.3743503093719482,0.4235821068286896,0.9041733741760254
1631022265118,0.8500671982765198,0.3877884745597839,0.4415452182292938,0.9029269814491272
1631022265199,0.8290120959281921,0.3899631798267364,0.468514084815979,0.9001563191413879
1631022265277,0.8296816945075989,0.3879817426204681,0.4643937349319458,0.8994317650794983
1631022265402,0.8403269648551941,0.385281890630722,0.4649565815925598,0.9159240126609802
1631022265496,0.8463631272315979,0.3828283846378326,0.4664159715175628,0.9343082308769226
1631022265590,0.8459630608558655,0.3806022405624389,0.4650985896587372,0.9552478194236756
1631022265730,0.8442992568016052,0.3794230818748474,0.4581609964370727,0.9803208708763124
1631022265793,0.8453405499458313,0.3799959123134613,0.4445828795433044,1.0115137100219729
1631022265918,0.8427290916442871,0.378038078546524,0.4090694487094879,1.0464816093444824
1631022266011,0.8313625454902649,0.3607432246208191,0.2881758511066437,1.0713602304458618
1631022266121,0.8231619596481323,0.3107781410217285,-0.2191001027822494,1.0635005235671997
1631022266189,0.8150834441184998,0.2150021344423294,-0.1729302406311035,1.0031894445419312
1631022266311,0.7137553691864014,0.0731588006019592,-0.1278613358736038,0.8311315178871155
1631022266421,0.632207453250885,-0.0987687855958938,-0.0949902608990669,0.6387168765068054
1631022266515,0.5948994159698486,-0.2676416039466858,-0.0723684132099151,0.4906052947044372
1631022266608,0.5833590030670166,-0.378728300333023,-0.033278152346611,0.4046116769313812
1631022266686,0.5789055824279785,-0.350779265165329,0.091052196919918,0.3470693826675415
1631022266811,0.5969374775886536,-0.163374587893486,0.1093419268727302,0.3482076823711395
1631022266952,0.6579347848892212,0.05225845053792,0.1276910603046417,0.4537996351718902
1631022267077,0.7472062706947327,0.2128587812185287,0.1458063870668411,0.5532095432281494
1631022267139,0.8295430541038513,0.3070387840270996,0.165350392460823,0.6223848462104797
1631022267236,0.8870677947998047,0.3492673933506012,0.189140573143959,0.6654738783836365
1631022267298,0.9225457310676576,0.3626402020454407,0.2200944423675537,0.6938869953155518
1631022267392,0.9459365010261536,0.3701786994934082,0.258577287197113,0.7139630317687988
1631022267549,0.9619613885879515,0.3858357965946197,0.2997901439666748,0.7240447998046875
1631022267674,0.9723078012466432,0.4134388267993927,0.3379418849945068,0.723908543586731
1631022267721,0.9784319400787354,0.450590044260025,0.3226348459720611,0.7177358269691467
1631022267814,0.983305811882019,0.4904051423072815,0.3084211349487304,0.729688823223114
1631022267931,0.9860344529151917,0.5255445241928101,0.3088898062705993,0.7473816871643066
1631022268037,0.9852274060249328,0.550930380821228,0.3229033946990967,0.7722476124763489
1631022268162,0.981839120388031,0.5636875033378601,0.3167086541652679,0.7994447946548462
1631022268274,0.9757559895515442,0.5592120885848999,0.1490986943244934,0.8227283954620361
1631022268368,0.959919810295105,0.5291493535041809,0.1433258354663849,0.8350280523300171
1631022268462,0.9243564605712892,0.4702284932136535,0.1322924047708511,0.832177460193634
1631022268524,0.8674511909484863,0.3937024474143982,0.1203082799911499,0.8138167262077332
1631022268619,0.7999643087387085,0.3253683745861053,0.1153846979141235,0.785094678401947
1631022268774,0.7387688159942627,0.2874562442302704,0.1561688482761383,0.752178966999054
1631022268868,0.7001199722290039,0.2803202271461487,0.2888877391815185,0.7233802080154419
1631022268977,0.6870919466018677,0.2892584800720215,0.4639410376548767,0.7087165117263794
1631022269040,0.6557856202125549,0.2942558228969574,0.6126832962036133,0.6978520154953003
1631022269134,0.6268550753593445,0.282675564289093,0.6126832962036133,0.695766031742096
1631022269246,0.6042367815971375,0.2486832439899444,0.6385512351989746,0.701995313167572
1631022269371,0.5885095000267029,0.1904649287462234,0.6649932861328125,0.7069099545478821
1631022269464,0.5852001309394836,0.1141094267368316,0.691192626953125,0.7027053833007812
1631022269558,0.5985978841781616,0.0368830598890781,0.7181779146194458,0.684380054473877
1631022269652,0.6251850128173828,-0.0181014314293861,0.7488515377044678,0.6528559923171997
1631022269761,0.6563290953636169,-0.0367481298744678,0.7864767909049988,0.6085623502731323
1631022269855,0.6868446469306946,-0.0254724454134702,0.8329624533653259,0.549637496471405
1631022269980,0.7158874273300171,-0.0045722462236881,0.8896554112434387,0.4724647104740143
1631022270074,0.7446147799491882,0.0125359678640961,0.9591747522354126,0.4724647104740143
1631022270167,0.7446147799491882,0.0125359678640961,1.0447698831558228,0.4724647104740143
1631022270264,0.7446147799491882,0.0125359678640961,1.0275132656097412,0.4724647104740143
1631022270421,0.7446147799491882,0.0125359678640961,0.9522061944007874,0.4724647104740143
1631022270483,0.7446147799491882,0.0125359678640961,0.7405095100402832,0.4724647104740143
1631022270592,0.7446147799491882,0.0125359678640961,-0.1254054903984069,0.4724647104740143
1631022270706,0.6658931970596313,-0.0397339984774589,-0.1737255752086639,0.4724647104740143
1631022270784,0.6366711854934692,-0.0635242760181427,-0.225082516670227,0.7777006030082703
1631022270893,0.5865515470504761,-0.0746983289718627,-0.2658882737159729,0.706872820854187
1631022271003,0.5389422178268433,-0.0729144960641861,-0.2918968796730041,0.6427903771400452
1631022271081,0.5085960030555725,-0.0668712109327316,-0.310597151517868,0.5894439220428467
1631022271206,0.4932641983032226,-0.0683501735329628,-0.3302115499973297,0.5458548665046692
1631022271331,0.4791881442070007,-0.0829299315810203,-0.3527358472347259,0.5098828077316284
1631022271393,0.4584859609603882,-0.1081823706626892,-0.3763022720813751,0.4789132475852966
1631022271503,0.4584859609603882,-0.1309078186750412,-0.3810725212097168,0.4789132475852966
1631022271565,0.4584859609603882,-0.1309078186750412,-0.3810725212097168,0.4789132475852966
1631022271690,0.4584859609603882,-0.1309078186750412,-0.3810725212097168,0.4789132475852966
1631022271815,0.4584859609603882,-0.1309078186750412,-0.4341130256652832,0.4789132475852966
1631022271909,0.4382126331329345,-0.1627544909715652,-0.4823536276817322,0.4789132475852966
1631022272034,0.4067758917808532,-0.1786366552114486,-0.5300281047821045,0.4041789174079895
1631022272081,0.3476445972919464,-0.183508813381195,-0.5723772644996643,0.2773278057575226
1631022272209,0.2715303897857666,-0.1848483830690384,-0.590406060218811,0.1250387877225875
1631022272271,0.2198813408613205,-0.1863689422607422,-0.5820205807685852,0.0106485830619931
1631022272428,0.228187158703804,-0.1954893171787262,-0.5710684657096863,-0.0301224458962678
1631022272521,0.2672541737556457,-0.2278206050395965,-0.5780917406082153,-0.0263790227472782
1631022272615,0.2672541737556457,-0.2969643473625183,-0.6003338098526001,-0.0263790227472782
1631022272724,0.2672541737556457,-0.2969643473625183,-0.6100695729255676,-0.0263790227472782
1631022272834,0.2672541737556457,-0.2969643473625183,-0.5959900617599487,-0.0263790227472782
1631022272928,0.2672541737556457,-0.2969643473625183,-0.5762888193130493,-0.0263790227472782
1631022273006,0.2672541737556457,-0.2969643473625183,-0.6518469452857971,-0.0263790227472782
1631022273131,0.1406171172857284,-0.046900849789381,-0.6402690410614014,0.0720874741673469
1631022273240,0.240136057138443,-0.0070504290051758,-0.5882231593132019,0.1156699284911155
1631022273349,0.3185990452766418,-0.0107785835862159,-0.514468252658844,0.1743190288543701
1631022273412,0.3508964776992798,-0.0362862646579742,-0.4490942358970642,0.2300289124250412
1631022273525,0.3421383500099182,-0.0597322061657905,-0.4032992720603943,0.271868497133255
1631022273665,0.3141879439353943,-0.0718801915645599,-0.3732368350028991,0.294387012720108
1631022273759,0.2867841422557831,-0.078417032957077,-0.3467491865158081,0.3023379445075989
1631022273837,0.2704082131385803,-0.0855916514992713,-0.3095059990882873,0.3059386610984802
1631022273931,0.2754212021827698,-0.0825849249958992,-0.2364064157009124,0.3187873959541321
1631022274056,0.3385016024112701,-0.0306614059954881,-0.2364064157009124,0.3682698905467987
1631022274134,0.3385016024112701,0.0983382612466812,-0.2364064157009124,0.4840720593929291
1631022274243,0.3385016024112701,0.2535079717636108,-0.2163339406251907,0.4840720593929291
1631022274337,0.3559117317199707,0.4012216627597809,-0.193075954914093,0.5037115812301636
1631022274444,0.375234991312027,0.4991450309753418,-0.1647872626781463,0.5264250040054321
1631022274528,0.5733577609062195,0.5530803799629211,-0.1313433349132537,0.5524377226829529
1631022274621,0.640024721622467,0.5792863368988037,-0.0970354974269867,0.5792732834815979
1631022274731,0.6649925112724304,0.5926470160484314,-0.067358449101448,0.6038864254951477
1631022274887,0.6707306504249573,0.6007083654403687,-0.0456118769943714,0.6247236728668213
1631022274934,0.6682227253913879,0.6049915552139282,-0.0270161069929599,0.6432991623878479
1631022275059,0.6675127148628235,0.6057429313659668,-0.0001220863341586,0.6775264143943787
1631022275137,0.6711719632148743,0.6035467982292175,0.0144440019503235,0.6935957074165344
1631022275246,0.6744710803031921,0.5998432040214539,0.0037478648591786,0.6910527348518372
1631022275324,0.6738212704658508,0.5959470272064209,-0.0384534150362014,0.6749216914176941
1631022275465,0.6649637222290039,0.5902915000915527,-0.1634491235017776,0.6465860605239868
1631022275559,0.6232911348342896,0.5746691226959229,-0.1718215346336364,0.5769816637039185
1631022275668,0.5937370657920837,0.532029926776886,-0.1737043261528015,0.3326679468154907
1631022275762,0.565622091293335,0.4467005431652069,-0.1747310906648636,0.305853009223938
1631022275824,0.5398897528648376,0.3123972415924072,-0.1800467669963836,0.2835161685943603
1631022275933,0.5175506472587585,0.1401252448558807,-0.1918053030967712,0.2599579989910126
1631022276105,0.3591097891330719,-0.0469767563045024,-0.2080205082893371,0.231916457414627
1631022276168,0.2597175240516662,-0.2308192402124405,-0.2220986485481262,0.2010728567838668
1631022276277,0.1912782788276672,-0.4091635048389435,-0.2291710972785949,0.1735118776559829
1631022276386,0.1420099735260009,-0.5761405229568481,-0.2255761325359344,0.1585487276315689
1631022276452,0.1312936693429947,-0.7037977576255798,-0.2107782512903213,0.1621267199516296
1631022276530,0.174853965640068,-0.7631412744522095,-0.1858889907598495,0.100744292140007
1631022276702,0.2733879387378692,-0.6949353814125061,-0.1953661441802978,0.0269038062542676
1631022276764,0.2845234870910644,-0.5084925889968872,-0.1929025501012802,-0.0079914722591638
1631022276858,0.2991191446781158,-0.2870504558086395,-0.1831507533788681,-0.0063311303965747
1631022276967,0.315449982881546,-0.0758570060133934,-0.174709603190422,0.0065186168067157
1631022277061,0.334202378988266,-0.0503518246114254,-0.1707623451948166,0.0173786431550979
1631022277186,0.3591108918190002,-0.0243370831012725,-0.1691899895668029,0.0214399229735136
1631022277311,0.3908479809761047,0.0024406132288277,-0.1676165163516998,0.0178017280995845
1631022277405,0.4277266561985016,0.4044954180717468,-0.1599933207035064,0.0137311685830354
1631022277502,0.4679329395294189,0.5617746114730835,-0.1387909948825836,0.0224394686520099
1631022277580,0.5074156522750854,0.6249170303344727,-0.0996370315551757,0.060706403106451
1631022277689,0.5432486534118652,0.6473391056060791,-0.0466470494866371,0.1341492831707
1631022277783,0.5865914821624756,0.6558318138122559,-0.0466470494866371,0.1341492831707
1631022277908,0.5865914821624756,0.6595640778541565,-0.0466470494866371,0.1341492831707
1631022277970,0.5865914821624756,0.6622698307037354,-0.0466470494866371,0.1341492831707
1631022278095,0.5865914821624756,0.663922905921936,-0.0466470494866371,0.1341492831707
1631022278221,0.5865914821624756,0.6609236001968384,-0.0466470494866371,0.1341492831707
1631022278314,0.5865914821624756,0.6484565734863281,-0.3861412405967712,-0.0484172441065311
1631022278408,0.1490274518728256,0.622482419013977,-0.373574435710907,-0.052950844168663
1631022278505,0.0988258048892021,0.5778992176055908,-0.3907977044582367,-0.0499712079763412
1631022278599,0.0573915503919124,0.54377681016922,-0.4214791655540466,-0.03932561352849
1631022278739,0.0212467480450868,0.5127948522567749,-0.4493963122367859,-0.0208396594971418
1631022278802,-0.006299233995378,0.4849336147308349,-0.4646563231945038,-0.0068974983878433
1631022278895,-0.0259200986474752,0.2638385891914367,-0.4689371287822723,-0.0058724279515445
1631022278989,-0.0405760705471038,-0.0153340427204966,-0.4578801095485687,-0.0172251965850591
1631022279161,-0.0452656783163547,-0.2729566991329193,-0.3886823654174804,-0.0263732075691223
1631022279227,-0.00390763906762,-0.3857984244823456,-0.1506941765546798,0.0049988427199423
1631022279352,0.1287795603275299,-0.3054695725440979,-0.1506941765546798,0.1196725890040397
1631022279415,0.300277441740036,-0.1229985356330871,-0.1506941765546798,0.1196725890040397
1631022279540,0.4399828612804413,0.0408119857311248,-0.1265008598566055,0.3313135802745819
1631022279602,0.5303339958190918,0.1470497399568557,-0.1070322319865226,0.4611425101757049
1631022279743,0.5466596484184265,0.1992206275463104,-0.0919066965579986,0.5230753421783447
1631022279852,0.570549488067627,0.2169117629528045,-0.076610192656517,0.5424129366874695
1631022279930,0.5991094708442688,0.2210194617509842,-0.0534751862287521,0.5435751080513
1631022280055,0.631027340888977,0.2249045521020889,-0.0158714707940816,0.5404862761497498
1631022280118,0.6470221281051636,0.2319695502519607,0.0371820218861103,0.5376914739608765
1631022280262,0.6609817147254944,0.2426708042621612,0.1035397052764892,0.5366147756576538
1631022280356,0.6705852746963501,0.2543593347072601,0.1223623529076576,0.5369881391525269
1631022280465,0.6759454607963562,0.263312816619873,0.141261488199234,0.5388917922973633
1631022280528,0.6791905164718628,0.2672347724437713,0.1479775011539459,0.5436083674430847
1631022280621,0.6817265152931213,0.2656517922878265,0.1053768023848533,0.5500686764717102
1631022280731,0.677319347858429,0.2541181147098541,-0.3108761012554168,0.565704345703125
1631022280809,0.6441698670387268,0.2181191891431808,-0.3163545727729797,0.5386600494384766
1631022280981,0.5653356313705444,0.1427396237850189,-0.2759533524513244,0.534789502620697
1631022281075,0.4325205683708191,0.0345478393137455,-0.174068197607994,0.4435304403305053
1631022281153,0.2239083051681518,-0.0514211729168891,-0.0032795905135571,0.3516847193241119
1631022281233,0.2239083051681518,-0.0200305860489606,0.2270688265562057,0.3072690069675445
1631022281343,0.2239083051681518,0.1268266886472702,0.4587564468383789,0.3355720341205597
1631022281421,0.2239083051681518,0.2887532413005829,0.6339617371559143,0.3535035252571106
1631022281561,0.2239083051681518,0.4079611599445343,0.737437903881073,0.3796709775924682
1631022281655,0.2019672095775604,0.4765911400318146,0.7782304883003235,0.4062272310256958
1631022281765,0.1818171441555023,0.5057612061500549,0.7764467000961304,0.4300455749034881
1631022281858,0.1750652641057968,0.5133277177810669,0.7813642621040344,0.4547387659549713
1631022281936,0.1900616288185119,0.514583945274353,0.7816054224967957,0.4847349822521209
1631022282061,0.2256014943122863,0.5161436796188354,0.7819281220436096,0.520187497138977
1631022282218,0.2256014943122863,0.5185655951499939,0.782412052154541,0.5590065121650696
1631022282280,0.2256014943122863,0.5207732915878296,0.7825928330421448,0.5590065121650696
1631022282389,0.2256014943122863,0.522497296333313,0.7838569283485413,0.5872839093208313
1631022282467,0.2256014943122863,0.5297545194625854,0.796231746673584,0.6102256178855896
1631022282561,0.2256014943122863,0.5566654801368713,0.8184887170791626,0.6102256178855896
1631022282639,0.2256014943122863,0.6131337285041809,0.8334987759590149,0.6102256178855896
1631022282811,0.2256014943122863,0.67945396900177,0.8275082111358643,0.6102256178855896
1631022282905,0.2256014943122863,0.7231981158256531,0.7774951457977295,0.6102256178855896
1631022282967,0.2256014943122863,0.7282713651657104,0.6615794897079468,0.6102256178855896
1631022283092,0.2256014943122863,0.7030653357505798,0.4692313075065613,0.6102256178855896
1631022283170,0.2256014943122863,0.6710725426673889,0.2278443127870559,0.6102256178855896
1631022283267,0.2256014943122863,0.6519708037376404,0.0517890937626361,0.6102256178855896
1631022283407,0.2256014943122863,0.6466773748397827,0.023917905986309,0.6102256178855896
1631022283501,0.2256014943122863,0.6494782567024231,0.0557750016450881,0.6102256178855896
1631022283595,0.2256014943122863,0.6562643647193909,0.0971274003386497,0.6102256178855896
1631022283673,0.2256014943122863,0.6637647747993469,0.1762835383415222,0.6102256178855896
1631022283798,0.2256014943122863,0.6693387031555176,0.2646600306034088,0.2949822545051574
1631022283876,0.602735698223114,0.6719745993614197,0.3177639245986938,0.3493175506591797
1631022284017,0.5727483630180359,0.6682699918746948,0.2204318642616272,0.3739246428012848
1631022284079,0.5492180585861206,0.6462247967720032,0.1815044581890106,0.3901978731155395
1631022284201,0.5492180585861206,0.5864459872245789,0.1815044581890106,0.3901978731155395
1631022284284,0.5492180585861206,0.484341561794281,0.1815044581890106,0.3901978731155395
1631022284378,0.5492180585861206,0.3828673660755157,0.1815044581890106,0.3901978731155395
1631022284503,0.5492180585861206,0.3790607750415802,0.1815044581890106,0.3901978731155395
1631022284596,0.5492180585861206,0.4756672382354736,0.1815044581890106,0.3901978731155395
1631022284706,0.5492180585861206,0.5769508481025696,0.1815044581890106,0.3901978731155395
1631022284784,0.5492180585861206,0.635709285736084,0.1815044581890106,0.3901978731155395
1631022284909,0.5492180585861206,0.6576595902442932,0.1815044581890106,0.3901978731155395
1631022284987,0.5492180585861206,0.6629567742347717,0.1815044581890106,0.4332344532012939
1631022285096,0.5141478180885315,0.6680629849433899,0.2005005776882171,0.4724217653274536
1631022285222,0.4727548956871032,0.6768625974655151,0.1881106197834015,0.4938388466835022
1631022285315,0.4727548956871032,0.6875717043876648,0.1881106197834015,0.4938388466835022
1631022285409,0.4727548956871032,0.6964637637138367,0.1881106197834015,0.4938388466835022
1631022285487,0.4727548956871032,0.7018401026725769,0.1881106197834015,0.4938388466835022
1631022285581,0.4727548956871032,0.705306351184845,0.1881106197834015,0.4938388466835022
1631022285674,0.4727548956871032,0.7085591554641724,0.3793370127677917,0.4938388466835022
1631022285799,0.4727548956871032,0.7074213624000549,0.3252473175525665,0.1545689702033996
1631022285940,0.4727548956871032,0.6890374422073364,0.289417415857315,0.1446871310472488
1631022286034,0.4303212165832519,0.635447084903717,0.2705653607845306,0.1357472836971283
1631022286127,0.4303212165832519,0.5403464436531067,0.2603558897972107,0.1221570968627929
1631022286208,0.4303212165832519,0.4221232533454895,0.2496515065431594,0.1013131886720657
1631022286333,0.4303212165832519,0.3245677053928375,0.2344401776790619,0.0802605301141738
1631022286458,0.4429667294025421,0.2762754261493683,0.2154464721679687,0.0670770108699798
1631022286552,0.4429667294025421,0.2542463839054107,0.2024952173233032,0.0670770108699798
1631022286630,0.4429667294025421,0.2474113851785659,0.2024952173233032,0.0670770108699798
1631022286739,0.4429667294025421,0.2210456430912017,0.2024952173233032,0.0670770108699798
1631022286864,0.4429667294025421,0.1903990805149078,0.2024952173233032,0.0670770108699798
1631022286942,0.4102417230606079,0.1691668182611465,0.1538246721029281,0.0670770108699798
1631022287036,0.4102417230606079,0.1621851772069931,0.1074720919132232,0.0362965129315853
1631022287145,0.4102417230606079,0.1612562239170074,0.0799915194511413,0.0210132896900177
1631022287257,0.4102417230606079,0.1544020920991897,0.0768046528100967,0.0113222170621156
1631022287351,0.4102417230606079,0.1351712942123413,0.0871137902140617,-0.002886087168008
1631022287445,0.4102417230606079,0.1090433746576309,0.0937087461352348,-0.0274869259446859
1631022287554,0.4102417230606079,0.0931891649961471,0.0846988186240196,-0.0619099661707878
1631022287695,0.4102417230606079,0.1011606603860855,0.0567869916558265,0.1188269108533859
1631022287773,0.4102417230606079,0.1401055753231048,-0.060315690934658,0.2327650040388107
1631022287835,0.4102417230606079,0.1929742395877838,-0.1236593872308731,0.3434818387031555
1631022287960,0.4102417230606079,0.244341030716896,-0.1024003475904464,0.4463286995887756
1631022288054,0.4102417230606079,0.2761503458023071,-0.0848933011293411,0.4579539895057678
1631022288148,0.529707670211792,0.2247986793518066,-0.0623627826571464,0.4534586369991302
1631022288276,0.4732515811920166,0.176350712776184,-0.0691649317741394,0.4423823654651642
1631022288354,0.4251517355442047,0.1292747855186462,-0.0814705789089202,0.4349101483821869
1631022288448,0.3856589794158935,0.0927158519625663,-0.0780757218599319,0.4290812611579895
1631022288604,0.353045642375946,0.07095867395401,-0.0490891523659229,0.421989381313324
1631022288651,0.3363005220890045,0.0652589425444603,0.0044849789701402,0.4219480156898498
1631022288760,0.362444519996643,0.0759727954864502,0.1050153076648712,0.4495278596878052
1631022288901,0.4693594574928283,0.1079237610101699,0.2621703147888183,0.5276064276695251
1631022288979,0.627925455570221,0.1606814116239547,0.4324547350406647,0.645558774471283
1631022289073,0.7716042399406433,0.2270074337720871,0.5691880583763123,0.7584112882614136
1631022289182,0.8672032356262207,0.3200173079967499,0.6653673052787781,0.8523597717285156
1631022289278,0.8672032356262207,0.4523393809795379,0.7784286141395569,0.8724256753921509
1631022289361,0.8780844807624817,0.6122475862503052,0.8050379157066345,0.8931837677955627
1631022289526,0.8953220248222351,0.6265977621078491,0.8320450782775879,0.914052963256836
1631022289614,0.919938027858734,0.6462584137916565,0.8608987927436829,0.9376110434532166
1631022289686,0.9521751403808594,0.6735814809799194,0.8934641480445862,0.9665514826774596
1631022289776,0.99147367477417,0.7079948782920837,0.9308753609657288,1.001191020011902
1631022289867,1.0371639728546145,0.7473143935203552,0.9731253981590272,1.0406800508499146
1631022289981,1.0899312496185305,0.7902013063430786,1.0197316408157349,1.0866658687591553
1631022290130,1.1516835689544678,0.8363733291625977,1.0706398487091064,1.1420210599899292
1631022290199,1.2232071161270142,0.8863102197647095,1.126555562019348,1.2072023153305054
1631022290312,1.301460027694702,0.9409077167510986,1.1840845346450806,1.2778897285461426
1631022290379,1.301460027694702,0.9999460577964784,1.2333539724349976,1.2778897285461426
1631022290517,1.301460027694702,1.0643945932388306,1.2333539724349976,1.2778897285461426
1631022290564,1.301460027694702,1.0643945932388306,1.2333539724349976,1.2778897285461426
1631022290707,1.301460027694702,1.0643945932388306,1.2333539724349976,1.2778897285461426
1631022290822,1.301460027694702,1.0643945932388306,1.2333539724349976,1.2778897285461426
1631022290884,1.301460027694702,1.0643945932388306,1.2333539724349976,1.2778897285461426
1631022290984,1.301460027694702,1.0643945932388306,1.2333539724349976,1.2778897285461426
1631022291128,1.301460027694702,1.0643945932388306,0.4399245083332062,0.8036126494407654
1631022291213,1.301460027694702,0.2617399394512176,0.3868211507797241,0.7687162756919861
1631022291308,0.959632396697998,0.3023091554641723,0.3468987345695495,0.759784460067749
1631022291417,0.9564653635025024,0.3390652239322662,0.3188191056251526,0.7699903845787048
1631022291511,0.9564653635025024,0.3658700585365295,0.3071657121181488,0.7942827939987183
1631022291604,0.9564653635025024,0.3768877685070038,0.3071657121181488,0.8275185823440552
1631022291698,0.9564653635025024,0.3939065635204315,0.3071657121181488,0.8582714200019836
1631022291776,0.9564653635025024,0.4353771805763244,0.3071657121181488,0.8582714200019836
1631022291917,0.9564653635025024,0.4353771805763244,0.3071657121181488,0.8582714200019836
1631022292010,0.9564653635025024,0.4353771805763244,0.3071657121181488,0.8582714200019836
1631022292119,0.9564653635025024,0.4353771805763244,0.3071657121181488,0.8582714200019836
1631022292231,0.9564653635025024,0.4353771805763244,0.3071657121181488,0.8582714200019836
1631022292309,0.9564653635025024,0.4353771805763244,0.2618267238140106,0.8498414158821106
1631022292403,0.9564653635025024,0.462622195482254,0.195307582616806,0.8465200662612915
1631022292543,0.9375486969947816,0.485143095254898,0.1365234851837158,0.8594274520874023
1631022292637,0.9375486969947816,0.4509937763214111,0.1149987950921058,0.8700863718986511
1631022292715,0.9375486969947816,0.408172458410263,0.1149987950921058,0.8817425966262817
1631022292824,0.9375486969947816,0.3528675436973572,0.1149987950921058,0.8873201012611389
1631022292918,0.9375486969947816,0.2822532951831817,0.1149987950921058,0.8790764212608337
1631022292996,0.9375486969947816,0.1997270882129669,0.1149987950921058,0.8468427658081055
1631022293199,0.6657572388648987,0.1172092780470848,0.1266818642616272,0.7821025252342224
1631022293264,0.6137965321540833,-0.0080747129395604,0.0869391113519668,0.6881221532821655
1631022293342,0.5685839653015137,-0.3636808395385742,0.0469033010303974,0.6652330756187439
1631022293421,0.5303022265434265,-0.3469175398349762,0.012493529357016,0.6384623050689697
1631022293514,0.500302255153656,-0.3231998085975647,-0.0121935447677969,0.6080702543258667
1631022293639,0.4851965308189392,-0.2955215275287628,-0.0288470666855573,0.5763289332389832
1631022293796,0.4803744256496429,-0.273224413394928,-0.0404941663146019,0.5463339686393738
1631022293874,0.4788053035736084,-0.2603921890258789,-0.0519125238060951,0.5203088521957397
1631022293967,0.4795386493206024,-0.2533162236213684,-0.0641353130340576,0.4981323480606079
1631022294030,0.4862787425518036,-0.2424470633268356,-0.0627975165843963,0.4799717366695404
1631022294155,0.5057600140571594,-0.1809344291687011,0.0151969464495778,0.4570272862911224
1631022294255,0.5492455959320068,-0.0334568321704864,0.2134070545434951,0.4274231195449829
1631022294396,0.5321961641311646,0.1797704249620437,0.4582958817481994,0.3823152184486389
1631022294474,0.5095764398574829,0.3764964640140533,0.6626362204551697,0.3249629437923431
1631022294567,0.495057612657547,0.5126082301139832,0.6846967339515686,0.2657246887683868
1631022294661,0.4977100789546966,0.5860642194747925,0.7103987336158752,0.2091424167156219
1631022294739,0.5129748582839966,0.6139187812805176,0.740230143070221,0.1445638388395309
1631022294833,0.5358577966690063,0.6189879775047302,0.7495503425598145,0.073246382176876
1631022294974,0.5651692748069763,0.6177444458007812,0.7508488297462463,0.0106363296508789
1631022295036,0.5991623997688293,0.6148618459701538,0.7512592077255249,-0.0137164294719696
1631022295161,0.6005733013153076,0.6108633875846863,0.752909779548645,0.0073602674528956
1631022295274,0.5907843708992004,0.6065672636032104,0.7558707594871521,0.0576670840382576
1631022295395,0.5710068345069885,0.6032612919807434,0.7596899271011353,0.0999670997262001
1631022295468,0.5481116771697998,0.6018728613853455,0.7632702589035034,0.1223577708005905
1631022295593,0.5340224504470825,0.6026006937026978,0.7638588547706604,0.1235555559396743
1631022295694,0.5267103910446167,0.6013157367706299,0.748522162437439,0.1104457825422287
1631022295822,0.4739241600036621,0.5831866264343262,0.6838301420211792,0.094615951180458
1631022295890,0.5099318623542786,0.5248595476150513,0.5037916302680969,0.0776898488402366
1631022295973,0.5149381756782532,0.4078580141067505,-0.0233008041977882,0.0629383027553558
1631022296067,0.502272367477417,0.2335021048784256,-0.0438027493655681,0.0501371510326862
1631022296206,0.4856368005275726,0.0432632453739643,-0.060303658246994,0.0402557030320167
1631022296310,0.4702581465244293,-0.0829818248748779,-0.0729008764028549,0.0364710465073585
1631022296415,0.4523630142211914,-0.1242978125810623,-0.1266319751739502,0.0382492877542972
1631022296483,0.4523630142211914,-0.1314653158187866,-0.1169887110590934,0.0411809757351875
1631022296602,0.4523630142211914,-0.1238687336444854,-0.0275688394904136,0.0418833866715431
1631022296680,0.4593606889247894,-0.0929531976580619,0.166798785328865,0.0388621613383293
1631022296819,0.4699633121490478,-0.0403240285813808,0.3820617794990539,0.0251886062324047
1631022296897,0.4881624281406402,0.0157618038356304,0.5460103154182434,0.0061794575303792
1631022297000,0.5087300539016724,0.0586917139589786,0.6432172656059265,-0.0108269248157739
1631022297120,0.5151721239089966,0.0886428132653236,0.6884797811508179,-0.0239356141537427
1631022297220,0.4886601865291595,0.130896508693695,0.7156179547309875,-0.0300630461424589
1631022297267,0.4257759749889374,0.2425252348184585,0.7725020051002502,-0.0292121525853872
1631022297415,0.3406600058078766,0.4326029121875763,0.799669086933136,-0.020073726773262
1631022297525,0.2661380469799042,0.6252634525299072,0.8297433853149414,-0.0059048123657703
1631022297615,0.2661380469799042,0.7677218914031982,0.8626244068145752,0.0155543433502316
1631022297716,0.2661380469799042,0.8505118489265442,0.898261547088623,0.0155543433502316
1631022297801,0.2661380469799042,0.8868972659111023,0.937166392803192,0.0155543433502316
1631022297907,0.2661380469799042,0.897888720035553,0.9802477955818176,0.0155543433502316
1631022298041,0.2661380469799042,0.9001342058181763,1.0264561176300049,0.0155543433502316
1631022298140,0.2661380469799042,0.8992041945457458,1.0674811601638794,0.0155543433502316
1631022298248,0.2661380469799042,0.8958250880241394,1.0846960544586182,0.0155543433502316
1631022298318,0.2661380469799042,0.8897784352302551,0.9865618348121644,0.0155543433502316
1631022298387,0.2661380469799042,0.8823001384735107,0.8328740000724792,0.0155543433502316
1631022298534,0.2661380469799042,0.8752105832099915,0.6506990790367126,0.0155543433502316
1631022298633,0.2661380469799042,0.868403971195221,0.4975866675376892,0.0984229072928428
1631022298747,-0.0653925091028213,0.8570461869239807,0.3519279062747955,0.1376749277114868
1631022298816,0.0259976591914892,0.8264110684394836,-0.4709698855876922,0.1942919790744781
1631022298924,0.1196535304188728,0.7517217397689819,-0.4981629848480224,0.2457146793603897
1631022299034,0.1196535304188728,0.6083248853683472,-0.4981629848480224,0.2457146793603897
1631022299127,0.1196535304188728,0.3815398514270782,-0.4981629848480224,0.2457146793603897
1631022299271,0.1196535304188728,0.1161906346678733,-0.4981629848480224,0.2457146793603897
1631022299333,0.1196535304188728,0.042475402355194,-0.4981629848480224,0.2457146793603897
1631022299454,0.1196535304188728,0.2178763896226883,-0.4981629848480224,0.2457146793603897
1631022299517,0.1196535304188728,0.3981655538082123,-0.4981629848480224,0.2457146793603897
1631022299619,0.1196535304188728,0.5099614262580872,-0.4981629848480224,0.2457146793603897
1631022299728,0.1196535304188728,0.5622073411941528,-0.4981629848480224,0.2457146793603897
1631022299900,0.1196535304188728,0.5795462131500244,-0.5507032871246338,0.2686741948127746
1631022299930,0.1563046723604202,0.5836945176124573,-0.6237271428108215,0.2975584268569946
1631022300037,0.2133506387472152,0.5840616822242737,-0.705909788608551,0.3363858759403229
1631022300153,0.2133506387472152,0.5830785036087036,-0.705909788608551,0.3363858759403229
1631022300258,0.2133506387472152,0.5814183950424194,-0.705909788608551,0.3363858759403229
