timestamp,TP9,AF7,AF8,TP10
1629795340122,0.1253963410854339,-0.0780197456479072,0.0177067127078771,1.0605101585388184
1629795340155,0.1253963410854339,-0.0780197456479072,0.0177067127078771,1.0605101585388184
1629795340157,0.1253963410854339,-0.0780197456479072,0.0177067127078771,1.0605101585388184
1629795340250,0.1253963410854339,-0.0780197456479072,0.0177067127078771,1.0605101585388184
1629795340265,0.1253963410854339,-0.0780197456479072,0.0177067127078771,1.0605101585388184
1629795340421,0.1253963410854339,-0.0780197456479072,0.0177067127078771,1.0605101585388184
1629795340421,0.1253963410854339,-0.0780197456479072,0.0177067127078771,1.0605101585388184
1629795340656,0.1253963410854339,-0.0780197456479072,0.0177067127078771,1.0605101585388184
1629795340656,0.1253963410854339,-0.0780197456479072,0.0177067127078771,1.0605101585388184
1629795340828,0.1253963410854339,-0.0780197456479072,0.0177067127078771,1.0605101585388184
1629795340940,0.1253963410854339,-0.0780197456479072,0.0177067127078771,1.0605101585388184
1629795340952,0.1253963410854339,-0.0780197456479072,0.0177067127078771,1.0605101585388184
1629795340955,0.1253963410854339,-0.0780197456479072,0.0177067127078771,1.0605101585388184
1629795341283,0.1253963410854339,-0.0780197456479072,0.0177067127078771,1.0605101585388184
1629795341424,0.1253963410854339,-0.0780197456479072,0.0177067127078771,1.0605101585388184
1629795341455,0.1253963410854339,-0.0780197456479072,0.0177067127078771,1.0605101585388184
1629795341689,0.1253963410854339,-0.0780197456479072,0.0177067127078771,1.0605101585388184
1629795341752,0.1253963410854339,-0.0780197456479072,0.0177067127078771,1.0605101585388184
1629795341783,0.1253963410854339,-0.0780197456479072,0.0177067127078771,1.0605101585388184
1629795341845,0.1253963410854339,-0.0780197456479072,0.0177067127078771,1.0605101585388184
1629795341877,0.1253963410854339,-0.0780197456479072,0.0177067127078771,1.0605101585388184
1629795341923,0.1253963410854339,-0.0780197456479072,0.0177067127078771,1.0605101585388184
1629795341923,0.1253963410854339,-0.0780197456479072,0.0177067127078771,1.0605101585388184
1629795341939,0.1253963410854339,-0.0780197456479072,0.0177067127078771,1.0605101585388184
1629795341939,0.1253963410854339,-0.0780197456479072,0.0177067127078771,1.0605101585388184
1629795341955,0.1253963410854339,-0.0780197456479072,0.0177067127078771,1.0605101585388184
1629795341970,0.1253963410854339,-0.0780197456479072,0.0177067127078771,1.0605101585388184
1629795342002,0.1253963410854339,-0.0780197456479072,0.0177067127078771,1.0605101585388184
1629795342020,0.1253963410854339,-0.0780197456479072,0.0177067127078771,1.0605101585388184
1629795342176,0.1253963410854339,-0.0780197456479072,0.0177067127078771,1.0605101585388184
1629795342489,0.1253963410854339,-0.0780197456479072,0.0177067127078771,1.0605101585388184
1629795342504,0.1253963410854339,-0.0780197456479072,0.0177067127078771,1.0605101585388184
1629795342567,0.1253963410854339,-0.0780197456479072,0.0177067127078771,1.0605101585388184
1629795342723,0.1253963410854339,-0.0780197456479072,0.0177067127078771,1.0605101585388184
1629795342739,0.1253963410854339,-0.0780197456479072,0.0177067127078771,1.0605101585388184
1629795342739,0.1253963410854339,-0.0780197456479072,0.0177067127078771,1.0605101585388184
1629795343085,0.1253963410854339,-0.0780197456479072,0.0177067127078771,1.0605101585388184
1629795343178,0.1253963410854339,-0.0780197456479072,0.0177067127078771,1.0605101585388184
1629795343428,0.1253963410854339,-0.0780197456479072,0.0177067127078771,1.0605101585388184
1629795343553,0.1253963410854339,-0.0780197456479072,0.0177067127078771,1.0605101585388184
1629795343600,0.1253963410854339,-0.0780197456479072,1.2467163801193235,1.0605101585388184
1629795343616,0.1253963410854339,-0.0780197456479072,1.151378154754639,1.0605101585388184
1629795343616,0.1253963410854339,2.180229425430298,1.0743305683135986,1.0605101585388184
1629795343694,0.1253963410854339,2.083624124526977,1.0106315612792969,1.0605101585388184
1629795344150,0.1253963410854339,2.083624124526977,0.9572214484214784,1.0605101585388184
1629795344243,0.1253963410854339,2.005485773086548,0.9173446893692015,1.0605101585388184
1629795344259,0.1253963410854339,1.9387898445129397,0.8762337565422058,1.0605101585388184
1629795344493,0.1253963410854339,1.88109827041626,0.8388802409172058,1.0605101585388184
1629795344728,0.1253963410854339,1.830288648605347,0.8057733178138733,1.0605101585388184
1629795344821,0.1253963410854339,1.7848933935165403,0.8094050288200378,1.0605101585388184
1629795344837,0.1253963410854339,1.992282509803772,0.9648838043212892,1.0605101585388184
1629795344931,0.1253963410854339,2.1042022705078125,0.934336006641388,1.0605101585388184
1629795345056,0.1253963410854339,2.1042022705078125,0.9235407710075378,1.0605101585388184
1629795345230,0.1253963410854339,2.0696916580200195,0.8968929052352905,1.0605101585388184
1629795345277,0.1253963410854339,2.069838523864746,0.8997423052787781,1.0605101585388184
1629795345355,0.1253963410854339,2.075889110565185,0.9777997136116028,1.0605101585388184
1629795345355,0.1253963410854339,2.08400297164917,0.9812227487564088,1.0605101585388184
1629795345370,0.1253963410854339,1.9226027727127075,0.9887272119522096,1.0605101585388184
1629795345386,0.1253963410854339,1.93647575378418,1.0874357223510742,1.0605101585388184
1629795345652,0.1253963410854339,1.93647575378418,1.317232370376587,1.0605101585388184
1629795345761,0.1253963410854339,1.97067391872406,1.3405755758285522,1.0605101585388184
1629795345777,0.1253963410854339,2.008326530456543,1.3421874046325684,1.0605101585388184
1629795345808,0.1253963410854339,2.049556255340576,1.4416450262069702,1.0605101585388184
1629795345870,0.1253963410854339,2.049431324005127,1.4439995288848877,1.0605101585388184
1629795346357,0.1253963410854339,2.0493149757385254,1.4456984996795654,1.0605101585388184
1629795346404,0.1253963410854339,1.8870011568069456,1.36007821559906,1.0605101585388184
1629795346919,0.1253963410854339,1.53500497341156,1.3814923763275146,1.0605101585388184
1629795346935,0.1253963410854339,1.5862056016921997,1.4046157598495483,1.0605101585388184
1629795346966,0.1253963410854339,1.5857126712799072,1.435699701309204,1.0605101585388184
1629795347044,0.1253963410854339,1.7224277257919312,1.4691847562789917,1.0605101585388184
1629795347060,0.1253963410854339,1.7659462690353394,1.4879364967346191,1.0605101585388184
1629795347250,0.1253963410854339,1.7000906467437744,1.6057941913604736,1.0605101585388184
1629795347265,0.1253963410854339,1.7457207441329956,1.6729713678359983,1.0605101585388184
1629795347312,0.1253963410854339,1.7647463083267212,1.643231749534607,1.0605101585388184
1629795347437,0.1253963410854339,1.7647463083267212,1.522073745727539,1.0605101585388184
1629795347609,0.1253963410854339,1.7647463083267212,1.5020779371261597,1.0605101585388184
1629795347624,0.1253963410854339,1.8273574113845823,1.6328997611999512,1.0605101585388184
1629795347640,0.1253963410854339,1.8398226499557493,1.578959822654724,1.0605101585388184
1629795347640,0.1253963410854339,1.9640309810638428,1.640869379043579,1.0605101585388184
1629795347687,0.1253963410854339,1.976064085960388,1.659874677658081,1.0605101585388184
1629795347703,0.1253963410854339,1.9619393348693848,1.6722556352615356,1.0605101585388184
1629795347781,0.1253963410854339,2.004237174987793,1.6587039232254028,1.0605101585388184
1629795347843,0.1253963410854339,2.016070604324341,1.6546159982681274,1.0605101585388184
1629795347843,0.1253963410854339,2.0827770233154297,1.6415449380874634,1.0605101585388184
1629795347859,0.1253963410854339,2.036879301071167,1.6239097118377686,1.0605101585388184
1629795347874,0.1253963410854339,2.020920753479004,1.6378508806228638,1.0605101585388184
1629795348046,0.1253963410854339,1.9560418128967283,1.5537619590759275,1.0605101585388184
1629795348093,0.1253963410854339,1.9577322006225584,1.4816583395004272,1.0605101585388184
1629795348124,0.1253963410854339,1.907346487045288,1.4826000928878784,1.0605101585388184
1629795348268,0.1253963410854339,1.8621865510940552,1.483335018157959,1.0605101585388184
1629795348533,0.1253963410854339,1.8214046955108645,1.4829529523849487,1.0605101585388184
1629795348658,0.1253963410854339,1.730143666267395,1.330043077468872,1.0605101585388184
1629795348705,0.1253963410854339,1.6658390760421753,1.367847919464111,1.0605101585388184
1629795349080,0.1253963410854339,1.408096194267273,1.2681264877319336,1.0605101585388184
1629795349239,0.1253963410854339,1.418370246887207,1.283718466758728,1.0605101585388184
1629795349302,0.1253963410854339,1.4953104257583618,1.2819054126739502,1.0605101585388184
1629795349317,0.1253963410854339,1.6684874296188354,1.432489275932312,1.0605101585388184
1629795349364,0.1253963410854339,1.6369874477386477,1.3879952430725098,1.0605101585388184
1629795349739,0.1253963410854339,1.607476830482483,1.3559587001800537,1.0605101585388184
1629795349802,0.1253963410854339,1.5426486730575562,1.333151936531067,1.0605101585388184
1629795349817,0.1253963410854339,1.535406470298767,1.319128155708313,1.0605101585388184
1629795349833,0.1253963410854339,1.5330473184585571,1.317138433456421,1.0605101585388184
1629795349848,0.1253963410854339,1.4461538791656494,1.3155397176742554,1.0605101585388184
1629795350145,0.1253963410854339,1.4718949794769287,1.314632534980774,1.0605101585388184
1629795350257,0.1253963410854339,1.5915722846984863,1.3143004179000854,1.0605101585388184
1629795350273,0.1253963410854339,1.9626706838607788,1.3432297706604004,1.0605101585388184
1629795350288,0.1253963410854339,1.992259502410889,1.3744332790374756,1.0605101585388184
1629795350335,0.1253963410854339,2.02272367477417,1.3244743347167969,1.0605101585388184
1629795350351,0.1253963410854339,2.022444009780884,1.3232216835021973,1.0605101585388184
1629795350382,0.1253963410854339,2.0119378566741943,1.2561770677566528,1.0605101585388184
1629795350585,0.1253963410854339,2.0012381076812744,1.2903414964675903,1.0605101585388184
1629795350694,0.1253963410854339,1.9338816404342647,0.983811616897583,1.0605101585388184
1629795350804,0.1253963410854339,1.933577060699463,0.9833273887634276,1.0605101585388184
1629795350866,0.1253963410854339,1.9680927991867063,0.9842057824134828,1.0605101585388184
1629795351040,0.1253963410854339,2.0057616233825684,1.0210869312286377,1.0605101585388184
1629795351150,0.1253963410854339,2.025148868560791,0.7863103151321411,1.0605101585388184
1629795351306,0.1253963410854339,2.070817470550537,0.8297151923179626,1.0605101585388184
1629795351478,0.1253963410854339,2.089630126953125,0.850739061832428,1.0605101585388184
1629795351525,0.1253963410854339,2.0796990394592285,0.8708536624908447,1.0605101585388184
1629795351712,0.1253963410854339,2.0237433910369877,0.8888549208641052,1.0605101585388184
1629795351743,0.1253963410854339,1.2489680051803589,0.8640059232711792,1.0605101585388184
1629795351853,0.1253963410854339,1.350292444229126,1.123320460319519,1.0605101585388184
1629795351884,0.1253963410854339,1.3782957792282104,1.1773746013641355,1.0605101585388184
1629795351915,0.1253963410854339,1.38286292552948,1.1862539052963257,1.0605101585388184
1629795352058,0.1253963410854339,1.3851131200790403,1.189518928527832,1.0605101585388184
1629795352181,0.1253963410854339,1.2880327701568604,1.0385727882385254,1.0605101585388184
1629795352462,0.1253963410854339,1.3457547426223757,1.0374252796173096,1.0605101585388184
1629795352478,0.1253963410854339,1.4503268003463743,1.0409671068191528,1.0605101585388184
1629795352665,0.1253963410854339,1.4139747619628906,1.0440011024475098,1.0605101585388184
1629795353105,0.1253963410854339,1.3818813562393188,1.0135856866836548,1.0605101585388184
1629795353152,0.1253963410854339,1.35125994682312,0.9849964380264282,1.0605101585388184
1629795353183,0.1253963410854339,1.3227020502090454,0.9587310552597046,1.0605101585388184
1629795353464,0.1253963410854339,1.2804515361785889,1.0024142265319824,1.0605101585388184
1629795353511,0.1253963410854339,1.330897331237793,1.094375729560852,1.0605101585388184
1629795353527,0.1253963410854339,1.4781076908111572,1.3351609706878662,1.0605101585388184
1629795353667,0.1253963410854339,1.4782328605651855,1.3337416648864746,1.0605101585388184
1629795353823,0.1253963410854339,1.629031538963318,1.3207520246505735,1.0605101585388184
1629795353823,0.1253963410854339,1.500893235206604,1.2836939096450806,1.0605101585388184
1629795353839,0.1253963410854339,1.6569998264312744,1.5377143621444702,1.0605101585388184
1629795353870,0.1253963410854339,1.6881797313690186,1.5370371341705322,1.0605101585388184
1629795354107,0.1253963410854339,1.7221533060073853,1.5369728803634644,1.0605101585388184
1629795354388,0.1253963410854339,1.706254243850708,1.5369794368743896,1.0605101585388184
1629795354482,0.1253963410854339,1.6512655019760132,1.5411959886550903,1.0605101585388184
1629795354653,0.1253963410854339,1.7536606788635254,1.6600043773651123,1.0605101585388184
1629795354794,0.1253963410854339,1.752439260482788,1.6600520610809326,1.0605101585388184
1629795354841,0.1253963410854339,1.7518514394760132,1.6602343320846558,1.0605101585388184
1629795355091,0.1253963410854339,2.214224576950073,1.6808409690856934,1.0605101585388184
1629795355328,0.1253963410854339,2.2512452602386475,1.728840470314026,1.0605101585388184
1629795355656,0.1253963410854339,2.287872791290283,1.7104817628860474,1.0605101585388184
1629795355672,0.1253963410854339,2.280529260635376,1.6292855739593506,1.0605101585388184
1629795355906,0.1253963410854339,2.288830041885376,1.6395446062088013,1.0605101585388184
1629795355968,0.1253963410854339,2.2729358673095703,1.6324183940887451,1.0605101585388184
1629795356047,0.1253963410854339,2.2279653549194336,1.6715537309646606,1.0605101585388184
1629795356062,0.1253963410854339,2.176113605499268,1.5258957147598269,1.0605101585388184
1629795356062,0.1253963410854339,2.1945741176605225,1.521495699882507,1.0605101585388184
1629795356140,0.1253963410854339,2.187654972076416,1.5257281064987185,1.0605101585388184
1629795356172,0.1253963410854339,2.3315353393554688,1.525497555732727,1.0605101585388184
1629795356234,0.1253963410854339,2.3662900924682617,1.5866745710372925,1.0605101585388184
1629795356500,0.1253963410854339,2.383013963699341,1.4464871883392334,1.0605101585388184
1629795356546,0.1253963410854339,2.424379348754883,1.494076132774353,1.0605101585388184
1629795356562,0.1253963410854339,2.524763345718384,1.4980415105819702,1.0605101585388184
1629795356562,0.1253963410854339,2.3815362453460693,1.4663976430892944,1.0605101585388184
1629795356578,0.1253963410854339,2.3815362453460693,1.3748500347137451,1.0605101585388184
1629795356578,0.1253963410854339,2.3815362453460693,1.3681635856628418,1.0605101585388184
1629795356609,0.1253963410854339,2.600923538208008,1.4816001653671265,1.0605101585388184
1629795356609,0.1253963410854339,2.560755729675293,1.497834324836731,1.0605101585388184
1629795356625,0.1253963410854339,2.6236789226531982,1.5382453203201294,1.0605101585388184
1629795356656,0.1253963410854339,2.6706831455230717,1.4231412410736084,1.0605101585388184
1629795356671,0.1253963410854339,2.723552942276001,1.4392181634902954,1.0605101585388184
1629795356734,0.1253963410854339,2.78043270111084,1.443968415260315,1.0605101585388184
1629795357172,0.1253963410854339,2.835116386413574,1.44753897190094,1.0605101585388184
1629795357392,0.1253963410854339,2.7100632190704346,1.419472098350525,1.0605101585388184
1629795357392,0.1253963410854339,2.710070371627808,1.4467657804489136,1.0605101585388184
1629795357408,0.1253963410854339,2.751984119415283,1.641185641288757,1.0605101585388184
1629795357595,0.1253963410854339,2.6940205097198486,1.6587334871292114,1.0605101585388184
1629795357986,0.1253963410854339,2.6685829162597656,1.6554651260375977,1.0605101585388184
1629795358317,0.1253963410854339,2.6685829162597656,1.6576796770095823,1.0605101585388184
1629795358582,0.1253963410854339,2.6685829162597656,1.6731373071670532,1.0605101585388184
1629795358598,0.1253963410854339,2.5325307846069336,1.6840336322784424,1.0605101585388184
1629795358598,0.1253963410854339,2.6685829162597656,1.69777250289917,1.0605101585388184
1629795358707,0.1253963410854339,2.578057289123535,1.6268541812896729,1.0605101585388184
1629795358707,0.1253963410854339,2.529840469360352,1.6843466758728027,1.0605101585388184
1629795358723,0.1253963410854339,2.542069673538208,1.7060580253601074,1.0605101585388184
1629795358754,0.1253963410854339,2.4845635890960693,1.6966196298599243,1.0605101585388184
1629795358801,0.1253963410854339,2.4602766036987305,1.7204917669296265,1.0605101585388184
1629795358816,0.1253963410854339,2.4111146926879883,1.7246102094650269,1.0605101585388184
1629795358910,0.1253963410854339,2.417215347290039,1.733070731163025,1.0605101585388184
1629795359051,0.1253963410854339,2.511878252029419,1.766243577003479,1.0605101585388184
1629795359066,0.1253963410854339,2.408275604248047,1.9400080442428589,1.0605101585388184
1629795359098,0.1253963410854339,2.466212749481201,1.9149374961853027,1.0605101585388184
1629795359381,0.1253963410854339,2.466212749481201,1.9152166843414309,1.0605101585388184
1629795359412,0.1253963410854339,2.466212749481201,1.9568442106246948,1.0605101585388184
1629795359428,0.1253963410854339,2.4082605838775635,1.94301438331604,1.0605101585388184
1629795359444,0.1253963410854339,2.398728132247925,2.0075843334198,1.0605101585388184
1629795359444,0.1253963410854339,2.389889717102051,1.9553680419921875,1.0605101585388184
1629795359475,0.1253963410854339,2.398728132247925,2.00795841217041,1.0605101585388184
1629795359943,0.1253963410854339,2.3652584552764893,2.03775691986084,1.0605101585388184
1629795360193,0.1253963410854339,2.3731422424316406,2.035841464996338,1.0605101585388184
1629795360227,0.1253963410854339,2.4204421043396,2.067925453186035,1.0605101585388184
1629795360240,0.1253963410854339,2.4447381496429443,2.055648803710937,1.0605101585388184
1629795360274,0.1253963410854339,2.521153450012207,2.0621657371521,1.0605101585388184
1629795360290,0.1253963410854339,2.5861306190490723,2.058365821838379,1.0605101585388184
1629795360321,0.1253963410854339,2.5861306190490723,2.104455709457397,1.0605101585388184
1629795360462,0.1253963410854339,2.131040096282959,1.900996208190918,1.0605101585388184
1629795360524,0.1253963410854339,2.056936025619507,1.9521276950836184,1.0605101585388184
1629795360524,0.1253963410854339,2.047937154769897,1.9062931537628172,1.0605101585388184
1629795360540,0.1253963410854339,2.056936025619507,1.9163742065429688,1.0605101585388184
1629795360602,0.1253963410854339,2.135998487472534,1.9162365198135376,1.0605101585388184
1629795360805,0.1253963410854339,2.1166763305664062,1.8850966691970823,1.0605101585388184
1629795360821,0.1253963410854339,2.1166763305664062,1.806752324104309,1.0605101585388184
1629795360821,0.1253963410854339,1.785853147506714,1.807034611701965,1.0605101585388184
1629795360915,0.1253963410854339,1.791749358177185,1.8098517656326292,1.0605101585388184
1629795360946,0.1253963410854339,1.7127701044082642,1.7490912675857544,1.0605101585388184
1629795361118,0.1253963410854339,1.6460354328155518,1.7200348377227783,1.0605101585388184
1629795361165,0.1253963410854339,1.6460354328155518,1.763597846031189,1.0605101585388184
1629795361368,0.1253963410854339,1.6460354328155518,1.778139591217041,1.0605101585388184
1629795361383,0.1253963410854339,1.6460354328155518,1.7775120735168457,1.0605101585388184
1629795361399,0.1253963410854339,1.6023845672607422,1.6111193895339966,1.0605101585388184
1629795361461,0.1253963410854339,1.6990526914596558,1.627669334411621,1.0605101585388184
1629795361477,0.1253963410854339,1.726680874824524,1.6182502508163452,1.0605101585388184
1629795361618,0.1253963410854339,1.5755414962768557,1.527727723121643,1.0605101585388184
1629795361633,0.1253963410854339,1.5247455835342407,1.4953240156173706,1.0605101585388184
1629795361711,0.1253963410854339,1.502722144126892,1.4954396486282349,1.0605101585388184
1629795361930,0.1253963410854339,1.4615694284439087,1.4907348155975342,1.0605101585388184
1629795362039,0.1253963410854339,1.424142837524414,1.365214705467224,1.0605101585388184
1629795362245,0.1253963410854339,1.4618631601333618,1.4140702486038208,1.0605101585388184
1629795362557,0.1253963410854339,1.3724380731582642,1.3284374475479126,1.0605101585388184
1629795362807,0.1253963410854339,1.373034119606018,1.3254770040512085,1.0605101585388184
1629795362869,0.1253963410854339,1.4713163375854492,1.4110941886901855,1.0605101585388184
1629795363041,0.1253963410854339,1.4369487762451172,1.2924411296844482,1.0605101585388184
1629795363403,0.1253963410854339,1.4462345838546753,1.1878228187561035,1.0605101585388184
1629795363450,0.1253963410854339,1.4165408611297607,1.186285138130188,1.0605101585388184
1629795363637,0.1253963410854339,1.4629333019256592,1.1835474967956543,1.0605101585388184
1629795363653,0.1253963410854339,1.4933481216430664,0.952167272567749,1.0605101585388184
1629795363731,0.1253963410854339,1.4507300853729248,0.944298505783081,1.0605101585388184
1629795363746,0.1253963410854339,1.5259383916854858,1.021732211112976,1.0605101585388184
1629795363746,0.1253963410854339,1.5259854793548584,1.0215914249420166,1.0605101585388184
1629795363965,0.1253963410854339,1.5125188827514648,1.0220096111297607,1.0605101585388184
1629795363981,0.1253963410854339,1.512912631034851,1.0223407745361328,1.0605101585388184
1629795363996,0.1253963410854339,1.5687824487686155,1.0229219198226929,1.0605101585388184
1629795364012,0.1253963410854339,1.7261241674423218,1.1528902053833008,1.0605101585388184
1629795364012,0.1253963410854339,1.6964913606643677,1.123627543449402,1.0605101585388184
1629795364059,0.1253963410854339,1.7579983472824097,1.184237718582153,1.0605101585388184
1629795364137,0.1253963410854339,1.7485369443893433,1.0005269050598145,1.0605101585388184
1629795364264,0.1253963410854339,1.8279352188110352,0.99816232919693,1.0605101585388184
1629795364405,0.1253963410854339,1.8222899436950684,0.9960445165634156,1.0605101585388184
1629795364577,0.1253963410854339,1.822458386421204,0.9951024055480956,1.0605101585388184
1629795364749,0.1253963410854339,1.829504132270813,0.9955291748046876,1.0605101585388184
1629795364858,0.1253963410854339,1.7100170850753784,0.9633435606956482,1.0605101585388184
1629795365014,0.1253963410854339,1.9011398553848269,0.9697887301445008,1.0605101585388184
1629795365030,0.1253963410854339,1.9057520627975464,1.1476165056228638,1.0605101585388184
1629795365155,0.1253963410854339,1.9330408573150637,1.1482847929000854,1.0605101585388184
1629795365264,0.1253963410854339,2.1022794246673584,1.185460329055786,1.0605101585388184
1629795365373,0.1253963410854339,2.1201841831207275,1.2062052488327026,1.0605101585388184
1629795365420,0.1253963410854339,2.1261086463928223,1.2750988006591797,1.0605101585388184
1629795365811,0.1253963410854339,2.0347208976745605,1.15533447265625,1.0605101585388184
1629795365811,0.1253963410854339,2.057720184326172,1.093305230140686,1.0605101585388184
1629795365951,0.1253963410854339,2.002685546875,1.1258944272994995,1.0605101585388184
1629795365967,0.1253963410854339,1.9507511854171755,1.243389368057251,1.0605101585388184
1629795365967,0.1253963410854339,1.9728209972381592,1.121329665184021,1.0605101585388184
1629795366376,0.1253963410854339,1.9730535745620728,1.2439979314804075,1.0605101585388184
1629795366813,0.1253963410854339,2.000131368637085,1.2449746131896973,1.0605101585388184
1629795366907,0.1253963410854339,1.997664451599121,1.252272129058838,1.0605101585388184
1629795366922,0.1253963410854339,2.0649991035461426,1.2529186010360718,1.0605101585388184
1629795366922,0.1253963410854339,2.17730450630188,1.3535655736923218,1.0605101585388184
1629795366938,0.1253963410854339,2.170976400375366,1.300734043121338,1.0605101585388184
1629795366938,0.1253963410854339,2.16700291633606,1.2401961088180542,1.0605101585388184
1629795367000,0.1253963410854339,2.062509775161743,1.275969386100769,1.0605101585388184
1629795367206,0.1253963410854339,2.046154022216797,1.2598819732666016,1.0605101585388184
1629795367285,0.1253963410854339,2.0651886463165283,1.2561887502670288,1.0605101585388184
1629795367410,0.1253963410854339,2.119547128677368,1.4062105417251587,1.0605101585388184
1629795367425,0.1253963410854339,2.1113975048065186,1.359569430351257,1.0605101585388184
1629795367441,0.1253963410854339,2.2060976028442383,1.364975929260254,1.0605101585388184
1629795367503,0.1253963410854339,2.278427839279175,1.365301489830017,1.0605101585388184
1629795367519,0.1253963410854339,2.2690978050231934,1.2831037044525146,1.0605101585388184
1629795367534,0.1253963410854339,2.2539384365081787,1.2830556631088257,1.0605101585388184
1629795367566,0.1253963410854339,2.241707324981689,1.307827711105347,1.0605101585388184
1629795368019,0.1253963410854339,2.231818675994873,1.3011308908462524,1.0605101585388184
1629795368050,0.1253963410854339,2.1870017051696777,1.29983651638031,1.0605101585388184
1629795368144,0.1253963410854339,2.0713138580322266,1.3244987726211548,1.0605101585388184
1629795368147,0.1253963410854339,2.035053968429565,1.3315112590789795,1.0605101585388184
1629795368693,0.1253963410854339,2.16785192489624,1.267694115638733,1.0605101585388184
1629795368756,0.1253963410854339,2.189246654510498,1.2931181192398071,1.0605101585388184
1629795368897,0.1253963410854339,2.205384969711304,1.3328852653503418,1.0605101585388184
1629795369022,0.1253963410854339,2.232081651687622,1.3597007989883425,1.0605101585388184
1629795369037,0.1253963410854339,2.220327854156494,1.3319897651672363,1.0605101585388184
1629795369053,0.1253963410854339,2.252342939376831,1.361788034439087,1.0605101585388184
1629795369084,0.1253963410854339,2.1883270740509038,1.356658935546875,1.0605101585388184
1629795369193,0.1253963410854339,2.1091196537017822,1.3566972017288208,1.0605101585388184
1629795369240,0.1253963410854339,2.140553951263428,1.3649842739105225,1.0605101585388184
1629795369240,0.1253963410854339,2.1418941020965576,1.3700937032699585,1.0605101585388184
1629795369256,0.1253963410854339,2.2051103115081787,1.4660859107971191,1.0605101585388184
1629795369256,0.1253963410854339,2.163759708404541,1.4608641862869265,1.0605101585388184
1629795369271,0.1253963410854339,2.2508230209350586,1.4666738510131836,1.0605101585388184
1629795369740,0.1253963410854339,2.2523012161254883,1.9105924367904663,1.0605101585388184
1629795369912,0.1253963410854339,2.25207781791687,1.9917562007904053,1.0605101585388184
1629795369928,0.1253963410854339,2.048467874526977,2.008096694946289,1.0605101585388184
1629795370084,0.1253963410854339,1.9818235635757449,2.00295639038086,1.0605101585388184
1629795370336,0.1253963410854339,1.920914888381958,1.9941627979278564,1.0605101585388184
1629795370945,0.1253963410854339,1.6201549768447876,1.984534859657288,1.0605101585388184
1629795371135,0.1253963410854339,2.297797203063965,1.9927797317504885,1.0605101585388184
1629795371338,0.1253963410854339,2.297797203063965,1.9744383096694944,1.0605101585388184
1629795371369,0.1253963410854339,2.297797203063965,2.021180868148804,1.0605101585388184
1629795371369,0.1253963410854339,2.394956111907959,2.1655755043029785,1.0605101585388184
1629795371400,0.1253963410854339,2.42397141456604,2.19342041015625,1.0605101585388184
1629795371447,0.1253963410854339,2.480971097946167,2.224724769592285,1.0605101585388184
1629795371463,0.1253963410854339,2.527941465377808,2.240319967269897,1.0605101585388184
1629795371619,0.1253963410854339,2.4783215522766118,2.239380359649658,1.0605101585388184
1629795371635,0.1253963410854339,2.3768436908721924,2.033641576766968,1.0605101585388184
1629795371635,0.1253963410854339,2.42772912979126,2.2469301223754883,1.0605101585388184
1629795371666,0.1253963410854339,2.3323187828063965,1.9479833841323853,1.0605101585388184
1629795371666,0.1253963410854339,2.366819381713867,2.321402072906494,1.0605101585388184
1629795371697,0.1253963410854339,2.5375332832336426,2.507467746734619,1.0605101585388184
1629795371697,0.1253963410854339,2.417884826660156,2.4677979946136475,1.0605101585388184
1629795371697,0.1253963410854339,2.4757790565490723,2.5055596828460693,1.0605101585388184
1629795371713,0.1253963410854339,2.188881158828736,2.4985783100128174,1.0605101585388184
1629795372121,0.1253963410854339,2.188881158828736,2.498075485229492,1.0605101585388184
1629795372183,0.1253963410854339,2.188881158828736,2.477369546890259,1.0605101585388184
1629795372387,0.1253963410854339,1.705146312713623,2.389573574066162,1.0605101585388184
1629795372402,0.1253963410854339,2.118870258331299,2.3534252643585205,1.0605101585388184
1629795372652,0.1253963410854339,2.1371407508850098,2.3534252643585205,1.0605101585388184
1629795373027,0.1253963410854339,2.099412202835083,2.3534252643585205,1.0605101585388184
1629795373105,0.1253963410854339,2.169885396957397,2.385133743286133,1.0605101585388184
1629795373105,0.1253963410854339,2.12030029296875,2.391099214553833,1.0605101585388184
1629795373168,0.1253963410854339,2.248421192169189,2.39682674407959,1.0605101585388184
1629795373199,0.1253963410854339,2.342334747314453,2.401453733444214,1.0605101585388184
1629795373215,0.1253963410854339,2.342334747314453,2.1068663597106934,1.0605101585388184
1629795373230,0.1253963410854339,2.342334747314453,1.5619875192642212,1.0605101585388184
1629795373277,0.1253963410854339,2.342334747314453,1.561540126800537,1.0605101585388184
1629795373293,0.1253963410854339,2.342334747314453,1.6077220439910889,1.0605101585388184
1629795373355,0.1253963410854339,2.2534658908843994,1.5658161640167236,1.0605101585388184
1629795373386,0.1253963410854339,2.236328125,1.6158400774002075,1.0605101585388184
1629795373402,0.1253963410854339,2.1835267543792725,1.646217942237854,1.0605101585388184
1629795373418,0.1253963410854339,2.3693134784698486,1.67094886302948,1.0605101585388184
1629795373418,0.1253963410854339,2.192304372787476,1.6335033178329468,1.0605101585388184
1629795373433,0.1253963410854339,2.3883790969848637,1.7292702198028564,1.0605101585388184
1629795373464,0.1253963410854339,2.453773498535156,1.7088630199432373,1.0605101585388184
1629795373808,0.1253963410854339,2.453773498535156,1.685121774673462,1.0605101585388184
1629795373855,0.1253963410854339,2.453773498535156,1.685589075088501,1.0605101585388184
1629795373949,0.1253963410854339,2.388643264770508,1.6692620515823364,1.0605101585388184
1629795373980,0.1253963410854339,2.3471367359161377,1.6987237930297852,1.0605101585388184
1629795374121,0.1253963410854339,2.29228949546814,1.617095112800598,1.0605101585388184
1629795374136,0.1253963410854339,2.29228949546814,1.6885099411010742,1.0605101585388184
1629795374152,0.1253963410854339,2.29228949546814,1.6822749376296997,1.0605101585388184
1629795374699,0.1253963410854339,2.29228949546814,1.6281957626342771,1.0605101585388184
1629795374824,0.1253963410854339,2.3457038402557373,1.657193303108215,1.0605101585388184
1629795374933,0.1253963410854339,2.305596351623535,1.5981098413467407,1.0605101585388184
1629795375058,0.1253963410854339,2.295127391815185,1.5717631578445437,1.0605101585388184
1629795375198,0.1253963410854339,2.2455320358276367,1.571635365486145,1.0605101585388184
1629795375233,0.1253963410854339,1.5119391679763794,1.5931792259216309,1.0605101585388184
1629795375249,0.1253963410854339,1.810060143470764,1.482216715812683,1.0605101585388184
1629795375264,0.1253963410854339,1.810060143470764,1.5993324518203735,1.0605101585388184
1629795375280,0.1253963410854339,1.810060143470764,1.807966709136963,1.0605101585388184
1629795375311,0.1253963410854339,1.810060143470764,1.8118975162506104,1.0605101585388184
1629795375373,0.1253963410854339,1.8268635272979736,1.7899954319000244,1.0605101585388184
1629795375467,0.1253963410854339,1.8030890226364136,1.747993230819702,1.0605101585388184
1629795375920,0.1253963410854339,1.829283595085144,1.7426652908325195,1.0605101585388184
1629795376014,0.1253963410854339,1.7623965740203855,1.6786984205245972,1.0605101585388184
1629795376061,0.1253963410854339,2.527287721633911,1.71680748462677,1.0605101585388184
1629795376139,0.1253963410854339,2.527287721633911,1.963680386543274,1.0605101585388184
1629795376139,0.1253963410854339,2.527287721633911,1.719730019569397,1.0605101585388184
1629795376326,0.1253963410854339,2.585157632827759,1.995871901512146,1.0605101585388184
1629795376405,0.1253963410854339,2.73113751411438,2.010031223297119,1.0605101585388184
1629795376405,0.1253963410854339,2.652018547058105,1.996918797492981,1.0605101585388184
1629795376592,0.1253963410854339,2.8150761127471924,1.98539674282074,1.0605101585388184
1629795376639,0.1253963410854339,2.7660796642303467,1.984930396080017,1.0605101585388184
1629795376811,0.1253963410854339,2.6692216396331787,1.934165477752685,1.0605101585388184
1629795377079,0.1253963410854339,2.590077638626098,1.7835098505020142,1.0605101585388184
1629795377391,0.1253963410854339,2.530042886734009,1.7788792848587036,1.0605101585388184
1629795377453,0.1253963410854339,2.489001989364624,1.808700680732727,1.0605101585388184
1629795377578,0.1253963410854339,2.4380459785461426,1.8407580852508545,1.0605101585388184
1629795377688,0.1253963410854339,2.432150363922119,1.875368595123291,1.0605101585388184
1629795377766,0.1253963410854339,2.477935314178467,1.8860920667648315,1.0605101585388184
1629795377828,0.1253963410854339,1.716239333152771,1.8786866664886477,1.0605101585388184
1629795377860,0.1253963410854339,1.716239333152771,1.9147915840148928,1.0605101585388184
1629795378143,0.1253963410854339,1.716239333152771,1.3092082738876345,1.0605101585388184
1629795378174,0.1253963410854339,1.716239333152771,0.9411067366600036,1.0605101585388184
1629795378174,0.1253963410854339,1.9727190732955933,0.9188292622566224,1.0605101585388184
1629795378205,0.1253963410854339,1.9727190732955933,1.037574291229248,1.0605101585388184
1629795378205,0.1253963410854339,1.9727190732955933,1.0379116535186768,1.0605101585388184
1629795378237,0.1253963410854339,2.018549680709839,1.0376462936401367,1.0605101585388184
1629795378471,0.1253963410854339,2.0184326171875,1.0379595756530762,1.0605101585388184
1629795378549,0.1253963410854339,2.247718572616577,1.0383402109146118,1.0605101585388184
1629795378580,0.1253963410854339,2.2732527256011963,1.1372628211975098,1.0605101585388184
1629795378612,0.1253963410854339,2.2704458236694336,1.1461540460586548,1.0605101585388184
1629795378690,0.1253963410854339,2.3281126022338867,1.2745180130004885,1.0605101585388184
1629795378705,0.1253963410854339,2.3945505619049072,1.392788648605347,1.0605101585388184
1629795378846,0.1253963410854339,2.386542558670044,1.3594926595687866,1.0605101585388184
1629795379002,0.1253963410854339,2.386542558670044,1.3264422416687012,1.0605101585388184
1629795379192,0.1253963410854339,2.31965708732605,1.3099737167358398,1.0605101585388184
1629795379239,0.1253963410854339,2.259124517440796,1.281665325164795,1.0605101585388184
1629795379317,0.1253963410854339,2.2014291286468506,1.2810739278793335,1.0605101585388184
1629795379348,0.1253963410854339,2.042279005050659,1.3335704803466797,1.0605101585388184
1629795379379,0.1253963410854339,1.9921280145645144,1.2300972938537598,1.0605101585388184
1629795379426,0.1253963410854339,2.1683263778686523,1.2833852767944336,1.0605101585388184
1629795379801,0.1253963410854339,2.1625289916992188,1.3910605907440186,1.0605101585388184
1629795379817,0.1253963410854339,2.203907012939453,1.4704598188400269,1.0605101585388184
1629795379832,0.1253963410854339,2.0081241130828857,1.4704442024230957,1.0605101585388184
1629795379926,0.1253963410854339,1.9523608684539795,1.4449998140335083,1.0605101585388184
1629795380194,0.1253963410854339,1.9324815273284912,1.4736251831054688,1.0605101585388184
1629795380225,0.1253963410854339,1.891427993774414,1.403470754623413,1.0605101585388184
1629795380382,0.1253963410854339,1.8590840101242063,1.3017202615737915,1.0605101585388184
1629795380491,0.1253963410854339,1.878761410713196,1.3239901065826416,1.0605101585388184
1629795380507,0.1253963410854339,1.8468341827392576,1.3232122659683228,1.0605101585388184
1629795380522,0.1253963410854339,1.8313161134719849,1.309767723083496,1.0605101585388184
1629795380569,0.1253963410854339,1.8228490352630613,1.3090503215789795,1.0605101585388184
1629795380741,0.1253963410854339,1.8244365453720093,1.314472198486328,1.0605101585388184
1629795380913,1.2488540410995483,1.8061902523040767,1.2950390577316284,1.0605101585388184
1629795381069,1.2488540410995483,1.841586232185364,1.292091727256775,1.0605101585388184
1629795381290,1.2488540410995483,1.4630271196365356,1.2802711725234983,1.0605101585388184
1629795381305,1.2488540410995483,1.3032766580581665,1.1353164911270142,1.0605101585388184
1629795381493,1.2488540410995483,1.4549331665039062,0.9440361261367798,1.0605101585388184
1629795381587,1.2488540410995483,1.487715721130371,0.9444102644920348,1.0605101585388184
1629795381618,1.2488540410995483,1.5075231790542605,0.9954928755760192,1.0605101585388184
1629795381634,1.2488540410995483,1.5450990200042725,1.1087419986724854,1.0605101585388184
1629795381634,1.2488540410995483,1.5303449630737305,1.064929723739624,1.0605101585388184
1629795381805,1.2488540410995483,1.554004192352295,1.1302772760391235,1.0605101585388184
1629795381821,1.2488540410995483,1.5789034366607666,1.348140835762024,1.0605101585388184
1629795381868,1.2488540410995483,1.5821518898010254,1.348588943481445,1.0605101585388184
1629795381883,1.2488540410995483,1.6002286672592163,1.377858281135559,1.0605101585388184
1629795382055,1.2488540410995483,1.60027277469635,1.3788344860076904,1.0605101585388184
1629795382261,1.2488540410995483,1.5973411798477173,1.3732494115829468,1.0605101585388184
1629795382558,1.2488540410995483,1.5973145961761477,1.3413900136947632,1.0605101585388184
1629795382729,1.2488540410995483,1.5737892389297483,1.400494933128357,1.0605101585388184
1629795382745,1.2488540410995483,1.5582168102264404,1.3745999336242676,1.0605101585388184
1629795382917,1.2488540410995483,1.5581727027893066,1.3752368688583374,1.0605101585388184
1629795382995,1.2488540410995483,1.5305194854736328,1.5040678977966309,1.0605101585388184
1629795382995,1.2488540410995483,1.5725196599960327,1.5853012800216677,1.0605101585388184
1629795383011,1.2488540410995483,1.5906561613082886,1.5653058290481567,1.0605101585388184
1629795383104,1.2488540410995483,1.5913631916046145,1.5672723054885864,1.0605101585388184
1629795383120,1.2488540410995483,1.6435002088546753,1.5941970348358154,1.0605101585388184
1629795383167,1.2488540410995483,1.6173571348190308,1.564355969429016,1.0605101585388184
1629795383295,1.2488540410995483,1.5000749826431274,1.4177508354187012,1.0605101585388184
1629795383482,1.2488540410995483,1.5191240310668943,1.4182814359664917,1.0605101585388184
1629795383701,1.2488540410995483,1.543335199356079,1.4465051889419556,1.0605101585388184
1629795383716,1.2488540410995483,1.543104887008667,1.445742130279541,1.0605101585388184
1629795383888,1.2488540410995483,1.6115260124206543,1.525858759880066,1.0605101585388184
1629795383951,1.2488540410995483,1.611469864845276,1.5258324146270752,1.0605101585388184
1629795383982,1.2488540410995483,1.5896214246749878,1.5026087760925293,1.0605101585388184
1629795383982,1.2488540410995483,1.7124459743499756,1.521298885345459,1.0605101585388184
1629795384047,1.2488540410995483,1.7148771286010742,1.5266720056533811,1.0605101585388184
1629795384156,1.2488540410995483,1.6473129987716677,1.4146389961242676,1.0605101585388184
1629795384281,1.2488540410995483,1.5882102251052856,1.2984288930892944,1.0605101585388184
1629795384531,1.2488540410995483,1.516434669494629,1.2421585321426392,1.0605101585388184
1629795384625,1.2488540410995483,1.5153264999389648,1.2374610900878906,1.0605101585388184
1629795385172,1.2488540410995483,1.415552258491516,1.1258161067962646,1.0605101585388184
1629795385172,1.2488540410995483,1.4152278900146484,1.1232210397720337,1.0605101585388184
1629795385234,1.2488540410995483,1.416213870048523,1.1221377849578855,1.0605101585388184
1629795385471,1.2488540410995483,1.4848029613494873,1.1223313808441162,1.0605101585388184
1629795385471,1.2488540410995483,1.443369746208191,1.0230375528335571,1.0605101585388184
1629795385550,1.2488540410995483,1.5249286890029907,1.0665777921676636,1.0605101585388184
1629795385846,1.2488540410995483,1.4665488004684448,0.7762614488601685,1.0605101585388184
1629795385878,1.2488540410995483,1.5892138481140137,0.7769502997398376,1.0605101585388184
1629795385925,1.2488540410995483,1.6093748807907104,0.88564133644104,1.0605101585388184
1629795385940,1.2488540410995483,1.5928858518600464,1.2288578748703003,1.0605101585388184
1629795385956,1.2488540410995483,1.966213583946228,1.246770262718201,1.0605101585388184
1629795386003,1.2488540410995483,1.966195106506348,1.276439547538757,1.0605101585388184
1629795386034,1.2488540410995483,1.969188570976257,1.3097506761550903,1.0605101585388184
1629795386049,1.2488540410995483,1.9797111749649048,1.3678854703903198,1.0605101585388184
1629795386159,1.2488540410995483,1.979926586151123,1.3696833848953247,1.0605101585388184
1629795386174,1.2488540410995483,1.996161103248596,1.3697651624679563,1.0605101585388184
1629795386190,1.2488540410995483,2.0610110759735107,1.4064191579818726,1.0605101585388184
1629795386206,1.2488540410995483,2.2314658164978027,1.4460091590881348,1.0605101585388184
1629795386253,1.2488540410995483,2.245325326919556,1.489583969116211,1.0605101585388184
1629795386268,1.2488540410995483,2.275472402572632,1.6124639511108398,1.0605101585388184
1629795386409,1.2488540410995483,2.267930507659912,1.595234513282776,1.0605101585388184
1629795386487,1.2488540410995483,2.263216972351074,1.5966098308563232,1.0605101585388184
1629795386784,1.2488540410995483,2.2363758087158203,1.5975444316864014,1.0605101585388184
1629795387034,1.2488540410995483,2.231194019317627,1.5412148237228394,1.0605101585388184
1629795387223,1.2488540410995483,2.196200132369995,1.2182027101516724,1.0605101585388184
1629795387239,1.2488540410995483,2.1669955253601074,1.1748231649398804,1.0605101585388184
1629795387411,1.181721806526184,2.20163631439209,1.1385196447372437,1.0605101585388184
1629795387473,1.181721806526184,2.244600534439087,1.1289554834365845,1.0605101585388184
1629795387473,1.181721806526184,2.2370476722717285,1.1912473440170288,1.0605101585388184
1629795387551,1.181721806526184,2.244438409805298,1.1266944408416748,1.0605101585388184
1629795387598,1.181721806526184,2.2377021312713623,1.1278632879257202,1.0605101585388184
1629795387614,1.181721806526184,2.213754892349243,1.2885586023330688,1.0605101585388184
1629795387739,1.181721806526184,1.9448277950286863,1.2586405277252195,1.0605101585388184
1629795387786,1.181721806526184,1.9072054624557493,1.2306283712387085,1.0605101585388184
1629795388130,1.181721806526184,1.8726816177368164,1.0089542865753174,1.0605101585388184
1629795388241,1.1910161972045898,1.8528887033462524,1.0022746324539185,1.0605101585388184
1629795388288,1.1812210083007812,1.853046417236328,0.9984676241874696,1.0605101585388184
1629795388444,1.1569420099258425,1.8531179428100584,0.994917929172516,1.0605101585388184
1629795388506,1.0101691484451294,1.867090344429016,0.9992135763168336,1.0605101585388184
1629795388522,0.990373969078064,1.9100220203399656,0.9967976212501526,1.0605101585388184
1629795388694,1.0337257385253906,1.556872844696045,1.1847001314163208,1.0605101585388184
1629795388710,1.0337257385253906,1.5249371528625488,1.3023055791854858,1.0605101585388184
1629795388788,1.0337257385253906,1.4951566457748413,1.2491849660873413,1.0605101585388184
1629795388897,1.1433039903640747,1.426804780960083,1.2326685190200806,1.0605101585388184
1629795389006,1.1638033390045166,1.426156520843506,1.233178734779358,1.0605101585388184
1629795389209,1.1779481172561646,1.4027289152145386,1.2420639991760254,1.0605101585388184
1629795389256,1.1462663412094116,1.2066301107406616,1.059212327003479,1.0605101585388184
1629795389366,1.1034923791885376,1.2354120016098022,1.0597844123840332,1.0605101585388184
1629795389459,1.1034923791885376,1.485373854637146,1.2020992040634155,1.0605101585388184
1629795389741,1.1034923791885376,1.5352708101272583,1.2025434970855713,1.0605101585388184
1629795389928,1.0827233791351318,1.5704951286315918,1.204877853393555,1.0605101585388184
1629795390037,1.074577569961548,1.5701329708099363,1.2054569721221924,1.0605101585388184
1629795390115,1.0922945737838743,1.569815993309021,1.2060798406600952,1.0605101585388184
1629795390194,1.1338093280792236,1.5447219610214231,1.2023489475250244,1.0605101585388184
1629795390321,1.1338093280792236,1.4802801609039309,1.247667670249939,1.0605101585388184
1629795390337,1.1338093280792236,1.4356708526611328,1.1716535091400146,1.0605101585388184
1629795390477,1.1338093280792236,1.43623948097229,0.9996145367622375,1.0605101585388184
1629795390509,1.118606448173523,1.4921361207962036,1.0104297399520874,1.0605101585388184
1629795390509,1.1338093280792236,1.4919456243515017,1.011405110359192,1.0605101585388184
1629795390555,1.0830636024475098,1.492290735244751,1.0094207525253296,1.0605101585388184
1629795390774,1.0830636024475098,1.5447239875793457,1.1505345106124878,1.0605101585388184
1629795390883,1.0830636024475098,1.5450408458709717,1.1504402160644531,1.0605101585388184
1629795390993,1.0830636024475098,1.5313829183578491,1.1506096124649048,1.0605101585388184
1629795391024,1.0830636024475098,1.3145902156829834,0.9871269464492798,1.0605101585388184
1629795391243,1.0830636024475098,1.2284746170043943,0.9864510893821716,1.0605101585388184
1629795391258,1.0830636024475098,1.1467102766036987,1.0293468236923218,1.0605101585388184
1629795391323,1.0830636024475098,1.2874735593795776,1.089231014251709,1.0605101585388184
1629795391339,1.0830636024475098,1.2939590215682983,1.098891019821167,1.0605101585388184
1629795391386,1.0830636024475098,1.2687007188796997,1.0980732440948486,1.0605101585388184
1629795391464,1.0830636024475098,1.2792145013809204,1.1166223287582395,1.0605101585388184
1629795391604,1.0830636024475098,1.23211407661438,1.048566222190857,1.0605101585388184
1629795391776,1.0830636024475098,1.2581607103347778,1.0495095252990725,1.0605101585388184
1629795391807,1.0830636024475098,1.1579700708389282,1.0391892194747925,1.0605101585388184
1629795391870,1.0830636024475098,1.1577417850494385,1.0403361320495603,1.0605101585388184
1629795392089,1.0830636024475098,1.1576714515686035,1.0415897369384766,1.0605101585388184
1629795392214,1.0830636024475098,1.2133541107177734,0.8467556238174438,1.0605101585388184
1629795392325,1.0830636024475098,1.2131980657577517,0.8457565307617188,1.0605101585388184
1629795392403,1.0830636024475098,1.2131561040878296,0.8430848717689514,1.0605101585388184
1629795392434,1.0830636024475098,1.2137964963912964,0.8405447602272034,1.0605101585388184
1629795392575,1.0830636024475098,1.2155927419662476,0.8393417596817017,1.0605101585388184
1629795392700,1.0830636024475098,1.2202805280685425,0.7699688673019409,1.0605101585388184
1629795392840,0.6839305758476257,1.0554423332214355,0.6313342452049255,1.0605101585388184
1629795392950,0.6757213473320007,1.047640323638916,0.5995216965675354,1.0605101585388184
1629795392981,0.6707055568695068,1.050531983375549,0.5992254614830017,1.0605101585388184
1629795393108,0.6719194650650024,0.9549430012702942,0.2255238145589828,1.0605101585388184
1629795393124,0.7233264446258545,1.0771379470825195,0.1215866953134536,1.0605101585388184
1629795393155,0.7233264446258545,1.1440207958221436,0.1314142942428589,1.0605101585388184
1629795393249,0.7233264446258545,1.1454962491989136,0.1261369884014129,1.0605101585388184
1629795393483,0.7233264446258545,1.1471773386001587,0.122560866177082,1.0605101585388184
1629795393639,0.8133694529533386,1.1491358280181885,0.1195694506168365,1.0605101585388184
1629795393764,0.9191128015518188,0.8993399739265442,0.0172211322933435,1.0605101585388184
1629795393811,0.9965214133262634,0.9008166193962096,0.0186866782605648,1.0605101585388184
1629795393843,1.0316637754440308,0.9002607464790344,0.0228659119457006,1.0605101585388184
1629795393921,1.0696617364883425,0.914191722869873,0.1360989660024643,1.0605101585388184
1629795393936,1.0729953050613403,1.1842056512832642,0.1386416107416153,1.0605101585388184
1629795394092,1.072043538093567,1.1794604063034058,0.1146790981292724,1.0605101585388184
1629795394188,1.1229262351989746,1.196346879005432,0.2882294058799743,1.0605101585388184
1629795394220,1.1599111557006836,1.1952160596847534,0.2922618389129638,1.0605101585388184
1629795394454,1.2069313526153564,1.194656491279602,0.2989298701286316,1.0605101585388184
1629795394782,1.247259259223938,1.1939795017242432,0.3079842031002044,1.0605101585388184
1629795394891,1.261776089668274,1.0802435874938965,0.2464716583490371,1.0605101585388184
1629795394938,1.2439171075820925,0.9526760578155518,0.2439358681440353,1.0605101585388184
1629795395001,1.2439171075820925,0.9511361718177797,0.2522238194942474,1.0605101585388184
1629795395048,1.2465537786483765,1.2790096998214722,0.7410603761672974,1.0605101585388184
1629795395048,1.2439171075820925,1.1969053745269775,0.7417975068092346,1.0605101585388184
1629795395063,1.2310564517974854,1.4982537031173706,0.9691925644874572,1.0605101585388184
1629795395191,1.2072193622589111,1.4993572235107422,0.9679792523384094,1.0605101585388184
1629795395300,1.1955692768096924,1.500601291656494,0.96742844581604,1.0605101585388184
1629795395331,1.1942907571792605,1.4970957040786743,0.9533451795578004,1.0605101585388184
1629795395441,1.2326152324676514,1.3847615718841553,0.954405665397644,1.0605101585388184
1629795396034,1.2782074213027954,1.3839898109436035,0.9557984471321106,1.0605101585388184
1629795396097,1.263346552848816,1.370587706565857,0.9258665442466736,1.0605101585388184
1629795396128,1.2621791362762451,1.3694349527359009,0.9267718195915222,1.0605101585388184
1629795396240,1.2621791362762451,1.3685050010681152,0.927033543586731,1.0605101585388184
1629795396349,1.2621791362762451,1.501869797706604,0.9270616173744202,1.0605101585388184
1629795396412,1.2621791362762451,1.8136839866638184,1.6045706272125244,1.0605101585388184
1629795396412,1.2621791362762451,1.505873441696167,0.9418789744377136,1.0605101585388184
1629795396412,1.2621791362762451,1.5872610807418823,1.1784608364105225,1.0605101585388184
1629795396427,1.2621791362762451,1.7657852172851562,1.5625815391540527,1.0605101585388184
1629795396584,1.2621791362762451,1.7406374216079712,1.5624306201934814,1.0605101585388184
1629795396630,1.2621791362762451,1.6288214921951294,1.5138381719589231,1.0605101585388184
1629795396662,1.2621791362762451,1.628012776374817,1.5133000612258911,1.0605101585388184
1629795396958,1.2621791362762451,1.6272118091583252,1.5129010677337646,1.0605101585388184
1629795397130,1.2621791362762451,1.62679123878479,1.5129454135894775,1.0605101585388184
1629795397146,1.2621791362762451,1.6427772045135498,1.5337417125701904,1.0605101585388184
1629795397273,1.2621791362762451,1.67264723777771,1.5628455877304075,1.0605101585388184
1629795397382,1.2621791362762451,1.7047659158706665,1.594235897064209,1.0605101585388184
1629795397554,1.2621791362762451,1.7394211292266846,1.6282941102981567,1.0605101585388184
1629795397601,1.2621791362762451,1.7401190996170044,1.6289749145507812,1.0605101585388184
1629795397664,1.2621791362762451,1.6475549936294556,1.6293058395385742,1.0605101585388184
1629795397695,1.2621791362762451,1.6435946226119995,1.6255987882614136,1.0605101585388184
1629795397789,1.2621791362762451,1.5530391931533811,1.535317063331604,1.0605101585388184
1629795397976,1.2621791362762451,0.420755386352539,0.4560601711273193,1.0605101585388184
1629795397992,0.782075822353363,0.408271849155426,0.4533509910106659,1.0605101585388184
1629795398338,0.7614169716835022,0.3953925371170044,0.4532191753387451,1.0605101585388184
1629795398635,0.7165212035179138,0.3842716515064239,0.4548477828502655,1.0605101585388184
1629795398775,0.666515588760376,0.3763394951820373,0.456411749124527,1.0605101585388184
1629795398822,0.7854170203208923,0.3708594441413879,0.6253560781478882,1.0605101585388184
1629795398900,0.8187571167945862,0.4951860606670379,0.6186648011207581,1.0605101585388184
1629795399153,0.7809220552444458,0.6151083707809448,0.3193074762821197,1.0605101585388184
1629795399168,0.7809220552444458,1.1964874267578125,0.3062870800495147,1.0605101585388184
1629795399215,0.7809220552444458,1.8370252847671509,0.3494333922863006,1.0605101585388184
1629795399231,0.7809220552444458,1.838123798370361,0.4895033538341522,1.0605101585388184
1629795399231,0.7809220552444458,1.8073351383209229,0.3244979977607727,1.0605101585388184
1629795399293,0.7972257137298584,1.8494523763656616,0.6605268716812134,1.0605101585388184
1629795399293,0.7809220552444458,1.8492707014083865,0.6631022691726685,1.0605101585388184
1629795399543,0.8000677824020386,1.8496795892715452,0.6591694355010986,1.0605101585388184
1629795399699,0.7891557812690735,1.8516663312911987,0.6886888146400452,1.0605101585388184
1629795399731,0.7801511287689209,1.8519433736801147,1.0780330896377563,1.0605101585388184
1629795399746,0.799588680267334,1.8818169832229612,1.1166670322418213,1.0605101585388184
1629795399793,0.8625308871269226,1.9138919115066528,1.140954852104187,1.0605101585388184
1629795399902,0.8625308871269226,1.948535799980164,1.2453043460845947,1.0605101585388184
1629795400155,0.8625308871269226,1.9485405683517456,1.2187514305114746,1.0605101585388184
1629795400201,0.8625308871269226,1.9464263916015625,1.2196128368377686,1.0605101585388184
1629795400217,0.8625308871269226,1.9753588438034055,1.238664984703064,1.0605101585388184
1629795400451,0.8625308871269226,1.9116089344024656,1.2371838092803955,1.0605101585388184
1629795400561,0.8625308871269226,1.2662334442138672,1.2297601699829102,1.0605101585388184
1629795400670,0.8625308871269226,1.3598239421844482,1.3759664297103882,1.0605101585388184
1629795400858,0.8625308871269226,1.2279720306396484,1.358262300491333,1.0605101585388184
1629795401045,0.8625308871269226,1.1781738996505735,1.3278974294662476,1.0605101585388184
1629795401109,0.8625308871269226,1.199946403503418,1.340261697769165,1.0605101585388184
1629795401125,0.8625308871269226,1.4015679359436035,1.339889645576477,1.0605101585388184
1629795401172,0.8625308871269226,1.429863452911377,1.332910418510437,1.0605101585388184
1629795401235,0.8625308871269226,1.5453943014144895,1.1592881679534912,1.0605101585388184
1629795401391,0.8625308871269226,1.5121198892593384,1.1273292303085327,1.0605101585388184
1629795401438,0.8625308871269226,1.4802916049957275,1.1031588315963743,1.0605101585388184
1629795401438,0.8625308871269226,1.5124096870422363,0.9791998863220216,1.0605101585388184
1629795401500,0.8625308871269226,1.512366771697998,0.9769712090492249,1.0605101585388184
1629795401547,0.8625308871269226,1.508528709411621,0.975608229637146,1.0605101585388184
1629795401688,0.8625308871269226,1.403327465057373,0.940748929977417,1.0605101585388184
1629795401703,0.8625308871269226,1.5043799877166748,1.0751960277557373,1.0605101585388184
1629795401813,0.8625308871269226,1.506251335144043,1.0761054754257202,1.0605101585388184
1629795402094,0.8625308871269226,1.4801956415176392,0.8333532810211182,1.0605101585388184
1629795402228,0.8625308871269226,1.498749852180481,0.8992844223976135,1.0605101585388184
1629795402354,0.8625308871269226,1.4954159259796145,0.899729311466217,1.0605101585388184
1629795402526,0.8625308871269226,1.4869725704193115,0.8652539253234863,1.0605101585388184
1629795402651,0.8625308871269226,1.462647795677185,1.0155609846115112,1.0605101585388184
1629795402667,0.8625308871269226,1.6002044677734375,1.2296134233474731,1.0605101585388184
1629795402729,0.8625308871269226,1.5221182107925415,1.2291507720947266,1.0605101585388184
1629795402745,0.8625308871269226,1.5218138694763184,1.2264596223831177,1.0605101585388184
1629795402776,0.8625308871269226,1.53071129322052,1.2409906387329102,1.0605101585388184
1629795402792,0.8625308871269226,1.471989989280701,1.2257733345031738,1.0605101585388184
1629795403173,0.8625308871269226,1.4721299409866333,1.226541519165039,1.0605101585388184
1629795403189,0.8625308871269226,1.4719971418380735,1.2286865711212158,1.0605101585388184
1629795403231,0.8625308871269226,1.4670439958572388,1.235288381576538,1.0605101585388184
1629795403350,0.8625308871269226,1.355656623840332,1.165176272392273,1.0605101585388184
1629795403550,0.8625308871269226,1.470789074897766,1.193217158317566,1.0605101585388184
1629795403710,0.8625308871269226,1.4836856126785278,1.1709624528884888,1.0605101585388184
1629795403730,0.8625308871269226,1.4645975828170776,1.161309003829956,1.0605101585388184
1629795404010,0.8625308871269226,1.4634684324264526,1.196505069732666,1.0605101585388184
1629795404069,0.8625308871269226,1.463005781173706,1.1994749307632446,1.0605101585388184
1629795404069,0.8625308871269226,1.3857589960098269,1.06939959526062,1.0605101585388184
1629795404309,0.8625308871269226,1.073789119720459,0.4384258389472961,1.0605101585388184
1629795404330,0.8625308871269226,1.2459396123886108,1.0272395610809326,1.0605101585388184
1629795404449,0.8625308871269226,1.2470762729644775,1.0311390161514282,1.0605101585388184
1629795404505,0.8625308871269226,1.3750399351119995,1.2791714668273926,1.0605101585388184
1629795404529,0.8625308871269226,1.718336582183838,1.7620822191238403,1.0605101585388184
1629795404569,0.8625308871269226,1.756916880607605,1.8089088201522827,1.0605101585388184
1629795404795,0.8625308871269226,1.7568140029907229,1.8080509901046755,1.0605101585388184
1629795404880,0.8625308871269226,1.7567614316940308,1.8055391311645508,1.0605101585388184
1629795404990,0.8625308871269226,1.756771445274353,1.7998043298721311,1.0605101585388184
1629795405164,0.8625308871269226,1.7024481296539309,1.7621982097625732,1.0605101585388184
1629795405204,0.8625308871269226,1.7265187501907349,1.7767302989959717,1.0605101585388184
1629795405229,0.8625308871269226,1.7356334924697876,1.7545859813690186,1.0605101585388184
1629795405329,0.8625308871269226,1.9157863855361936,1.9138067960739136,1.0605101585388184
1629795405410,0.8625308871269226,1.945578694343567,1.9489338397979736,1.0605101585388184
1629795405579,0.8625308871269226,1.971718192100525,1.949414610862732,1.0605101585388184
1629795405679,0.8625308871269226,1.9717330932617188,1.950816512107849,1.0605101585388184
1629795405699,0.8625308871269226,1.9396716356277464,1.9217913150787356,1.0605101585388184
1629795405900,0.8625308871269226,1.946222424507141,1.9274781942367556,1.0605101585388184
1629795406118,0.8625308871269226,1.9063057899475095,1.892033576965332,1.0605101585388184
1629795406164,0.8625308871269226,1.7151176929473877,1.695245385169983,1.0605101585388184
1629795406199,0.8625308871269226,1.666600465774536,1.6508148908615112,1.0605101585388184
1629795406239,0.8625308871269226,1.6673234701156616,1.6730200052261353,1.0605101585388184
1629795406299,0.8625308871269226,1.6679060459136963,1.673133134841919,1.0605101585388184
1629795406594,0.8625308871269226,1.7548729181289673,1.6980187892913818,1.0605101585388184
1629795406599,0.8625308871269226,1.679535746574402,1.683087944984436,1.0605101585388184
1629795406639,0.8625308871269226,1.7254681587219238,1.672990083694458,1.0605101585388184
1629795406919,0.8625308871269226,1.7149856090545654,1.6620057821273804,1.0605101585388184
1629795407070,0.8625308871269226,1.2934212684631348,1.2313748598098757,1.0605101585388184
1629795407109,0.8625308871269226,1.298016905784607,1.0756454467773438,1.0605101585388184
1629795407119,0.8625308871269226,1.3018648624420166,1.0736761093139648,1.0605101585388184
1629795407210,0.8625308871269226,1.3137506246566772,1.0722076892852783,1.0605101585388184
1629795407234,0.8625308871269226,1.3139216899871826,1.0777698755264282,1.0605101585388184
1629795407249,0.8625308871269226,1.4088656902313232,1.0404016971588137,1.0605101585388184
1629795407319,0.8625308871269226,1.5007890462875366,1.04157817363739,1.0605101585388184
1629795407349,0.8625308871269226,1.4446990489959717,1.0423156023025513,1.0605101585388184
1629795407359,0.8625308871269226,1.4465376138687134,1.0418815612792969,1.0605101585388184
1629795407439,0.8625308871269226,1.443739414215088,0.9409235715866088,1.0605101585388184
1629795407484,0.8625308871269226,1.442954421043396,0.9421991109848022,1.0605101585388184
1629795407559,0.8625308871269226,1.4255014657974243,0.8859497308731079,1.0605101585388184
1629795407639,0.8625308871269226,1.2671959400177002,0.7802051305770874,1.0605101585388184
1629795407719,0.8625308871269226,1.252334475517273,0.6919605135917664,1.0605101585388184
1629795407819,0.8625308871269226,1.5100362300872805,0.6937084197998047,1.0605101585388184
1629795407879,0.8625308871269226,1.561491847038269,0.7494707703590393,1.0605101585388184
1629795408079,0.8625308871269226,1.5419503450393677,0.5823389291763306,1.0605101585388184
1629795408309,0.8625308871269226,1.5282435417175293,0.5637308359146118,1.0605101585388184
1629795408369,0.8625308871269226,1.5193758010864258,0.5400487780570984,1.0605101585388184
1629795408464,0.8625308871269226,1.5203794240951538,0.5188321471214294,1.0605101585388184
1629795408689,0.8625308871269226,1.431285738945007,0.4946827590465545,1.0605101585388184
1629795408899,0.8625308871269226,1.3234373331069946,0.4852066934108734,1.0605101585388184
1629795409026,0.8625308871269226,1.3256957530975342,0.4777440130710602,1.0605101585388184
1629795409232,0.8625308871269226,1.32732093334198,0.4708299934864044,1.0605101585388184
1629795409349,0.8625308871269226,1.3284330368041992,0.4648975431919098,1.0605101585388184
1629795409389,0.8625308871269226,1.3291016817092896,0.4604321420192718,1.0605101585388184
1629795409552,0.8625308871269226,1.3525898456573486,0.5974264144897461,1.0605101585388184
1629795409649,0.8625308871269226,1.353003978729248,0.59534752368927,1.0605101585388184
1629795409689,0.8625308871269226,1.3661422729492188,0.6652704477310181,1.0605101585388184
1629795409769,0.8625308871269226,0.9451870918273926,0.6620293855667114,1.0605101585388184
1629795409909,0.8625308871269226,0.6812723278999329,0.5872018933296204,1.0605101585388184
1629795410139,0.8625308871269226,0.6848245859146118,0.5835633277893066,1.0605101585388184
1629795410219,0.8625308871269226,0.6862522959709167,0.5808748006820679,1.0605101585388184
1629795410239,0.8625308871269226,0.6852972507476807,0.5787435173988342,1.0605101585388184
1629795410239,0.8625308871269226,0.6823911070823669,0.7788761854171753,1.0605101585388184
1629795410429,0.8625308871269226,0.6790008544921875,0.7787728905677795,1.0605101585388184
1629795410664,0.8625308871269226,0.7066059112548828,0.9419224858283995,1.0605101585388184
1629795410689,0.8625308871269226,1.0833524465560913,1.1996630430221558,1.0605101585388184
1629795410689,0.8625308871269226,1.124339938163757,1.2309439182281494,1.0605101585388184
1629795410759,0.8625308871269226,1.1264681816101074,1.2324810028076172,1.0605101585388184
1629795410889,0.8625308871269226,1.128201246261597,1.2337082624435425,1.0605101585388184
1629795411200,0.8625308871269226,1.0898312330245972,1.2057887315750122,1.0605101585388184
1629795411330,0.8625308871269226,1.0673195123672483,1.138444900512695,1.0605101585388184
1629795411334,0.8625308871269226,1.0895428657531738,1.2060047388076782,1.0605101585388184
1629795411355,0.8625308871269226,1.06501305103302,1.1391079425811768,1.0605101585388184
1629795411419,0.8625308871269226,1.0633540153503418,1.1399940252304075,1.0605101585388184
1629795411449,0.8625308871269226,1.2614885568618774,1.3151609897613523,1.0605101585388184
1629795411704,0.8625308871269226,1.2629460096359253,1.3172298669815063,1.0605101585388184
1629795411789,0.8625308871269226,1.3411258459091189,1.32456636428833,1.0605101585388184
1629795411809,0.8625308871269226,1.3399620056152344,1.2924150228500366,1.0605101585388184
1629795411869,0.8625308871269226,1.3386846780776978,1.2948176860809326,1.0605101585388184
1629795411889,0.8625308871269226,1.3309760093688965,1.232516527175903,1.0605101585388184
1629795411949,0.8625308871269226,1.1575870513916016,1.002816677093506,1.0605101585388184
1629795412139,0.8625308871269226,1.1220296621322632,0.9539332389831544,1.0605101585388184
1629795412189,0.8625308871269226,1.1212263107299805,0.9518961906433104,1.0605101585388184
1629795412194,0.8625308871269226,1.1213884353637695,0.9505311846733092,1.0605101585388184
1629795412419,0.8625308871269226,1.1553773880004885,0.9511805176734924,1.0605101585388184
1629795412439,0.8625308871269226,1.1565251350402832,0.9538479447364808,1.0605101585388184
1629795412534,0.8625308871269226,1.21188485622406,0.9708995819091796,1.0605101585388184
1629795412619,0.8625308871269226,1.21190345287323,0.976631224155426,1.0605101585388184
1629795412696,0.8625308871269226,1.2110623121261597,0.9775767922401428,1.0605101585388184
1629795412759,0.8625308871269226,0.9779095649719238,0.4283895492553711,1.0605101585388184
1629795412814,0.8625308871269226,0.9727568626403807,0.4208742976188659,1.0605101585388184
1629795412879,0.8625308871269226,0.9977653622627258,0.4824086129665375,1.0605101585388184
1629795412989,0.8625308871269226,0.9981800317764282,0.3878436684608459,1.0605101585388184
1629795413279,0.8625308871269226,0.998506247997284,0.3977581560611725,1.0605101585388184
1629795413434,0.5414609313011169,0.9977588057518004,0.4076962172985077,1.0605101585388184
1629795413629,0.5056954622268677,0.9959856867790222,0.413955420255661,1.0605101585388184
1629795413744,0.4807887673377991,0.991290807723999,0.4030250310897827,1.0605101585388184
1629795413770,0.4549168348312378,0.9891587495803832,0.4026462137699127,0.6158711314201355
1629795413995,0.4214560389518738,0.9873844385147096,0.4028591811656952,0.6171509623527527
1629795414160,0.4135870635509491,0.9407349228858948,0.4189864993095398,0.6171509623527527
1629795414213,0.4135870635509491,0.9401418566703796,0.4181809723377228,0.6171509623527527
1629795414276,0.4135870635509491,0.7571262121200562,0.4670922756195068,0.6171509623527527
1629795414445,0.4135870635509491,0.7591507434844971,0.4505382180213928,0.6171509623527527
1629795414731,0.3430742025375366,0.7610483169555664,0.4447419941425323,0.6171509623527527
1629795414831,0.4226380288600921,0.7617626786231995,0.4376040697097778,0.6171509623527527
1629795414978,0.5201774835586548,0.7614108920097351,0.4285362660884857,0.6171509623527527
1629795414995,0.5715481042861938,0.1879954040050506,0.2857909798622131,0.6171509623527527
1629795415194,0.5974258780479431,0.181622102856636,0.2576741576194763,0.6171509623527527
1629795415316,0.5974258780479431,0.1742151826620102,0.2191233038902282,0.6171509623527527
1629795415363,0.6211749911308289,0.885625422000885,0.5940880179405212,0.5969496965408325
1629795415379,0.6473338603973389,0.9970106482505798,0.7839336395263672,0.5969496965408325
1629795415448,0.6784331202507019,1.1124695539474487,0.789864182472229,0.5969496965408325
1629795415579,0.7212992310523987,1.1222138404846191,0.7956289052963257,0.5969496965408325
1629795415664,0.7842361330986023,1.172204613685608,0.9029603600502014,0.5969496965408325
1629795415733,0.848353385925293,1.1694567203521729,0.9010213613510132,0.5969496965408325
1629795415817,0.848353385925293,1.1689194440841677,0.9009062051773072,0.5969496965408325
1629795415833,0.848353385925293,1.2155375480651855,0.9891738295555116,0.5969496965408325
1629795415896,0.848353385925293,1.2164218425750732,0.988448679447174,0.5969496965408325
1629795415918,0.848353385925293,1.3482272624969482,0.98877614736557,0.5969496965408325
1629795415933,0.848353385925293,1.3474006652832031,0.9897564649581908,0.5969496965408325
1629795415980,0.848353385925293,1.4327653646469116,1.084131360054016,0.5969496965408325
1629795416018,0.848353385925293,1.4429885149002075,1.0853636264801023,0.5969496965408325
1629795416035,0.848353385925293,1.497596025466919,1.086467981338501,0.5969496965408325
1629795416118,0.848353385925293,1.49828040599823,1.0870245695114136,0.5969496965408325
1629795416180,0.848353385925293,1.4040663242340088,0.9911370873451232,0.5969496965408325
1629795416218,0.848353385925293,1.3649308681488037,0.8769975304603577,0.5969496965408325
1629795416350,0.848353385925293,1.3053510189056396,0.8692360520362854,0.5969496965408325
1629795416550,0.848353385925293,1.3156864643096924,0.8641493320465088,0.5969496965408325
1629795416820,0.848353385925293,1.354135036468506,0.7457430362701416,0.5969496965408325
1629795416851,0.848353385925293,1.3537383079528809,0.7400871515274048,0.5969496965408325
1629795416957,0.848353385925293,1.3967421054840088,0.887778639793396,0.5969496965408325
1629795416977,0.848353385925293,1.3542431592941284,0.7214954495429993,0.5969496965408325
1629795417021,0.848353385925293,1.3525712490081787,0.7224475741386414,0.5969496965408325
1629795417133,1.2126730680465698,1.2211405038833618,0.7243138551712036,0.5969496965408325
1629795417179,1.1461215019226074,1.221466898918152,0.725921630859375,0.5969496965408325
1629795417485,1.0894416570663452,1.071886658668518,0.4747039973735809,0.5969496965408325
1629795417538,1.0444176197052002,1.0471038818359375,0.4727440774440765,0.9151917099952698
1629795417859,1.008071780204773,0.870858907699585,0.4689472019672394,0.9078437089920044
1629795417957,0.9776163697242736,0.8678976893424988,0.4651291966438293,0.8840168714523315
1629795418095,0.9523557424545288,0.8637711405754089,0.4633441567420959,0.8629505038261414
1629795418195,0.9421950578689576,0.8600695133209229,0.4654716253280639,0.8788573145866394
1629795418273,0.9547876119613647,0.8583214282989502,0.4704257249832153,0.9362338781356812
1629795418327,0.9819339513778688,0.8109535574913025,0.4743885099887848,1.001700758934021
1629795418427,1.0330299139022827,0.5602601170539856,0.557346522808075,1.0499674081802368
1629795418458,1.0465319156646729,0.5650748014450073,0.5560436844825745,1.0499674081802368
1629795418543,0.9599034786224364,0.1291236132383346,0.1234825402498245,1.0499674081802368
1629795418659,0.964911937713623,0.1442674696445465,0.1256559640169143,1.0499674081802368
1629795418876,0.9614181518554688,0.1553311049938202,0.1273682564496994,1.0499674081802368
1629795419163,0.954096496105194,0.1620116680860519,0.1262818723917007,1.0571824312210083
1629795419195,0.9467735290527344,0.1670499593019485,0.1232311055064201,1.0738513469696045
1629795419304,0.9415149092674256,0.1723586618900299,0.1201825514435768,1.0930732488632202
1629795419523,0.9393386244773864,0.4963906705379486,0.1182138621807098,1.1115915775299072
1629795419632,0.9414658546447754,0.4971384704113006,0.1199169233441352,1.1407830715179443
1629795419741,0.9494250416755676,0.5083979368209839,0.1501113325357437,1.190192699432373
1629795419960,0.9546837210655212,0.8212980628013611,0.1546774953603744,1.2574180364608765
1629795419976,0.9621050357818604,0.821502149105072,0.1517856866121292,1.2574180364608765
1629795420101,0.9797033667564392,0.8216923475265503,0.1395652443170547,1.2574180364608765
1629795420210,0.9562494158744812,0.927492618560791,0.4727197289466858,1.2574180364608765
1629795420227,0.8870272636413574,1.2533069849014282,0.3666680157184601,1.2574180364608765
1629795420241,0.8467625975608826,1.254788160324097,0.3700563311576843,1.2574180364608765
1629795420275,0.8143907189369202,1.2638263702392578,0.4231282770633697,1.2574180364608765
1629795420322,0.7932753562927246,1.2789340019226074,0.4248171746730804,1.2574180364608765
1629795420338,0.7881726026535034,1.4257951974868774,0.8707705736160278,1.2574180364608765
1629795420338,0.8049836754798889,1.4256263971328735,0.8698326945304871,1.2574180364608765
1629795420369,0.8414455056190491,1.430060625076294,0.8697740435600281,1.2574180364608765
1629795420400,0.888968825340271,1.429795503616333,0.8703468441963196,1.2574180364608765
1629795420588,0.9375457167625428,1.4022860527038574,0.870810866355896,1.2574180364608765
1629795420603,0.9856474995613098,1.4896118640899658,0.9599800705909728,1.2574180364608765
1629795420650,0.9856474995613098,1.4882400035858154,1.003898024559021,1.2574180364608765
1629795420775,0.9856474995613098,1.4370568990707395,1.0043251514434814,1.2574180364608765
1629795420838,0.9856474995613098,1.4419567584991455,1.019241213798523,1.2574180364608765
1629795421119,0.9856474995613098,1.5267698764801023,1.0216325521469116,1.2574180364608765
1629795421212,0.9856474995613098,1.5016964673995972,0.9509154558181764,1.2574180364608765
1629795421309,0.9856474995613098,1.3340529203414917,0.9523231983184814,1.2574180364608765
1629795421371,0.5932108163833618,1.3323456048965454,0.951723039150238,1.2574180364608765
1629795421512,0.5655001401901245,1.3242524862289429,0.936218559741974,1.2574180364608765
1629795421559,0.5380494594573975,1.3101160526275637,0.9340490698814392,1.2574180364608765
1629795421793,0.513573408126831,1.105452537536621,0.5769139528274536,0.8150205016136169
1629795421824,0.4932759702205658,1.1052318811416626,0.5733030438423157,0.8292723298072815
1629795421949,0.4732424020767212,1.0957789421081543,0.570137619972229,0.8389977812767029
1629795422121,0.4489866495132446,1.0967514514923096,0.5683335065841675,0.8416935801506042
1629795422246,0.4227769672870636,1.0979865789413452,0.5684487223625183,0.8355253338813782
1629795422311,0.4014386832714081,0.8407341837882996,0.3077767193317413,0.8263908624649048
1629795422561,0.3867932260036468,0.8428528308868408,0.0113205090165138,0.8207660913467407
1629795422811,0.376782089471817,0.8445093035697937,0.0367834754288196,0.8253832459449768
1629795422811,0.3669620752334595,0.8237072825431824,-0.0823932960629463,0.8397653102874756
1629795422905,0.3191958665847778,-0.1779174357652664,-0.0628642216324806,0.8606245517730713
1629795422951,0.286596268415451,0.3685555458068847,0.3983830213546753,0.8606245517730713
1629795422967,0.2595361471176147,0.3754200041294098,0.40474933385849,0.8606245517730713
1629795423295,0.2349938601255417,0.3929602205753326,0.4239550530910492,0.8722131252288818
1629795423423,0.4964946210384369,0.3985393643379211,0.4371678531169891,0.8774071335792542
1629795423548,0.5065858364105225,0.4043062329292297,0.4536188542842865,0.8789182901382446
1629795423704,0.5209922194480896,0.4112775325775146,0.4700849950313568,0.8794510960578918
1629795423735,0.5387691259384155,0.4183553755283355,0.482346624135971,0.87912917137146
1629795423751,0.5632975101470947,0.6967563629150391,0.725999116897583,0.8783414363861084
1629795424001,0.6006525754928589,0.907958209514618,0.7291566729545593,0.8817156553268433
1629795424032,0.6517464518547058,0.907094180583954,0.7322794795036316,0.8979902863502502
1629795424063,0.7123953700065613,0.9910571575164796,0.8480821251869202,0.9290138483047484
1629795424157,0.7844585180282593,1.164803147315979,0.8459456562995911,0.9290138483047484
1629795424173,0.7844585180282593,1.2782647609710691,0.8797358870506287,0.9290138483047484
1629795424266,0.7844585180282593,1.279576301574707,0.8736248016357422,0.9290138483047484
1629795424579,0.7844585180282593,1.3467729091644287,0.8734644651412964,0.9290138483047484
1629795424641,0.7844585180282593,1.3139153718948364,0.7628235220909119,0.9290138483047484
1629795424797,1.4098387956619265,1.3134949207305908,0.7588698863983154,0.9290138483047484
1629795424907,1.3782212734222412,1.311136245727539,0.7518122792243958,0.9290138483047484
1629795424969,1.372406005859375,1.323464274406433,0.7498155832290649,0.9290138483047484
1629795425000,1.372406005859375,1.4353522062301636,0.9004209637641907,0.9290138483047484
1629795425016,1.372406005859375,1.478890061378479,1.259967565536499,0.9290138483047484
1629795425063,1.372406005859375,1.5117169618606567,1.3096081018447876,0.9290138483047484
1629795425094,1.372406005859375,1.4904184341430664,1.2731473445892334,0.9290138483047484
1629795425110,1.372406005859375,1.4451346397399902,1.2715418338775637,0.9290138483047484
1629795425378,1.372406005859375,1.5099700689315796,1.359943151473999,0.9290138483047484
1629795425409,1.372406005859375,1.486396551132202,1.326392650604248,0.9290138483047484
1629795425659,1.372406005859375,1.4119631052017212,1.3255518674850464,0.9290138483047484
1629795425706,1.372406005859375,1.3311463594436646,1.3118515014648438,0.9290138483047484
1629795425893,1.372406005859375,1.429734468460083,1.3123681545257568,0.9290138483047484
1629795425972,1.3304078578948977,1.3748178482055664,1.4518815279006958,0.9290138483047484
1629795426097,1.3304078578948977,1.38661527633667,1.4622679948806765,0.9290138483047484
1629795426145,1.3304078578948977,1.4243899583816528,1.4954086542129517,0.9290138483047484
1629795426271,1.3304078578948977,1.4257268905639648,1.495936632156372,0.9290138483047484
1629795426474,1.3304078578948977,1.4582535028457642,1.4950263500213623,0.9290138483047484
1629795426505,1.3304078578948977,1.3523503541946411,1.4599610567092896,0.9290138483047484
1629795426568,1.3304078578948977,1.2923568487167358,1.2673393487930298,0.9290138483047484
1629795426927,1.3304078578948977,1.235508680343628,1.21079421043396,0.9290138483047484
1629795427036,1.3304078578948977,1.2145401239395142,1.1942119598388672,0.9290138483047484
1629795427083,1.3304078578948977,1.2148311138153076,1.1985312700271606,0.9290138483047484
1629795427130,1.0871201753616333,1.0761569738388062,1.063193917274475,0.9290138483047484
1629795427161,1.065082550048828,1.0755127668380735,1.0649889707565308,0.9290138483047484
1629795427570,1.065082550048828,1.154054880142212,1.1046017408370972,0.9290138483047484
1629795427648,1.065082550048828,1.1546422243118286,1.1045005321502686,0.9290138483047484
1629795427664,1.065082550048828,1.241223692893982,1.1756349802017212,0.9290138483047484
1629795427680,1.065082550048828,1.2417500019073486,0.852970540523529,0.9290138483047484
1629795427726,1.065082550048828,1.2244493961334229,0.809695303440094,0.9290138483047484
1629795428104,1.065082550048828,1.1624650955200195,0.6178118586540222,0.9290138483047484
1629795428213,1.065082550048828,1.1921378374099731,0.7199931740760803,0.9290138483047484
1629795428229,1.065082550048828,1.271033525466919,1.040859937667847,0.9290138483047484
1629795428244,1.065082550048828,1.583482027053833,1.041280746459961,0.9290138483047484
1629795428432,1.065082550048828,1.583203911781311,1.0419150590896606,0.9290138483047484
1629795428463,1.0472381114959717,1.5830525159835815,1.0429530143737793,0.9290138483047484
1629795428604,1.0472381114959717,1.741408348083496,1.0449706315994265,0.9290138483047484
1629795428776,1.0472381114959717,1.782910943031311,1.091538667678833,0.9290138483047484
1629795428791,1.0472381114959717,1.8371570110321045,1.0969655513763428,0.9290138483047484
1629795428807,1.0472381114959717,2.0297107696533203,1.1026800870895386,0.9290138483047484
1629795428885,1.0472381114959717,2.049821615219116,1.068137288093567,0.9290138483047484
1629795429009,1.0472381114959717,2.081822872161865,1.3071908950805664,0.9290138483047484
1629795429137,1.0472381114959717,2.0788328647613525,1.3087269067764282,0.9290138483047484
1629795429184,1.0472381114959717,2.100194215774536,1.4028387069702148,0.9290138483047484
1629795429309,1.0472381114959717,2.099976062774658,1.4027405977249146,0.9290138483047484
1629795429340,1.0472381114959717,2.09982967376709,1.4025198221206665,0.9290138483047484
1629795429512,1.0472381114959717,2.094902515411377,1.3816925287246704,0.9290138483047484
1629795429731,1.0472381114959717,2.106409788131714,1.3129141330718994,0.9290138483047484
1629795429762,1.0472381114959717,2.0452470779418945,1.4151774644851685,0.9290138483047484
1629795429793,1.0472381114959717,2.090904235839844,1.4155513048171997,0.9290138483047484
1629795429824,1.0472381114959717,2.094700813293457,1.4160616397857666,0.9290138483047484
1629795429840,1.0472381114959717,1.9836196899414065,1.4162203073501587,0.9290138483047484
1629795429965,1.0472381114959717,1.9632607698440552,1.4436737298965454,0.9290138483047484
1629795429965,1.0472381114959717,1.92710554599762,1.4460735321044922,0.9290138483047484
1629795429981,1.0472381114959717,1.389783501625061,1.482070803642273,0.9290138483047484
1629795430028,1.0472381114959717,1.583280324935913,1.4962068796157837,0.9290138483047484
1629795430358,1.0472381114959717,1.5422407388687134,1.3572139739990234,0.9290138483047484
1629795430778,1.0472381114959717,1.5047262907028198,1.3096696138381958,0.9290138483047484
1629795430997,1.0472381114959717,1.4141265153884888,1.1917505264282229,0.9290138483047484
1629795431028,1.0472381114959717,1.4610488414764404,1.2529737949371338,0.9290138483047484
1629795431311,1.0472381114959717,1.4610724449157717,1.2535827159881592,0.9290138483047484
1629795431327,1.0472381114959717,1.5413880348205566,1.3604192733764648,0.9290138483047484
1629795431405,1.0472381114959717,1.5321044921875,1.3169853687286377,0.9290138483047484
1629795431498,1.0472381114959717,1.6657404899597168,1.3398457765579224,0.9290138483047484
1629795431498,1.0472381114959717,1.5376877784729004,1.1930590867996216,0.9290138483047484
1629795431514,1.0472381114959717,1.968045711517334,1.674646019935608,0.9290138483047484
1629795431530,1.0472381114959717,1.971264362335205,1.674300193786621,0.9290138483047484
1629795431780,1.0472381114959717,1.957371950149536,1.6453542709350586,0.9290138483047484
1629795432014,1.0472381114959717,1.939360857009888,1.642106056213379,0.9290138483047484
1629795432264,1.0472381114959717,1.9273651838302608,1.615611910820007,0.9290138483047484
1629795432498,1.0472381114959717,1.8685461282730105,1.6707763671875,0.9290138483047484
1629795432545,1.0472381114959717,1.907089114189148,1.6709493398666382,0.9290138483047484
1629795432639,1.0472381114959717,1.907117247581482,1.6711946725845337,0.9290138483047484
1629795432654,1.0472381114959717,1.93665611743927,1.8928049802780151,0.9290138483047484
1629795432670,1.0472381114959717,1.955854058265686,1.90928328037262,0.9290138483047484
1629795432873,1.0472381114959717,1.9905520677566528,1.9411691427230835,0.9290138483047484
1629795432889,1.0472381114959717,1.9650352001190183,1.9114867448806765,0.9290138483047484
1629795432904,1.0472381114959717,2.003866195678711,1.9113729000091555,0.9290138483047484
1629795432920,1.0472381114959717,1.9816430807113647,1.960960030555725,0.9290138483047484
1629795432920,1.0472381114959717,2.0269837379455566,1.909574031829834,0.9290138483047484
1629795432936,1.0472381114959717,1.4432724714279177,1.8269710540771484,0.9290138483047484
1629795432982,1.0472381114959717,1.4751569032669067,1.864101886749268,0.9290138483047484
1629795433029,1.0472381114959717,1.5318247079849243,1.8637765645980835,0.9290138483047484
1629795433029,1.0472381114959717,1.5980123281478882,1.863571047782898,0.9290138483047484
1629795433045,1.0472381114959717,1.6765828132629397,1.8634945154190063,0.9290138483047484
1629795433092,1.0472381114959717,1.7034193277359009,1.8154480457305908,0.9290138483047484
1629795433469,1.0472381114959717,2.0707921981811523,1.815231204032898,0.9290138483047484
1629795433548,1.0472381114959717,2.142061471939087,1.8149397373199463,0.9290138483047484
1629795433594,1.0472381114959717,2.064519166946411,1.3539549112319946,0.9290138483047484
1629795433751,1.0472381114959717,2.479839563369751,1.4504820108413696,0.9290138483047484
1629795434016,1.0472381114959717,2.479839563369751,1.416269302368164,0.9290138483047484
1629795434032,1.0472381114959717,2.546034097671509,1.5162910223007202,0.9290138483047484
1629795434047,1.0472381114959717,2.497281074523926,1.6561962366104126,0.9290138483047484
1629795434047,1.0472381114959717,2.5469250679016118,1.6305426359176636,0.9290138483047484
1629795434204,1.0472381114959717,2.439371347427368,1.4442678689956665,0.9290138483047484
1629795434313,1.0472381114959717,2.388280868530273,1.412366509437561,0.9290138483047484
1629795434719,1.0472381114959717,2.3082211017608643,1.394552230834961,0.9290138483047484
1629795434719,1.0472381114959717,2.349515199661255,1.3941011428833008,0.9290138483047484
1629795434766,1.0472381114959717,2.270560503005981,1.395787000656128,0.9290138483047484
1629795434875,1.0472381114959717,2.2359619140625,1.397324800491333,0.9290138483047484
1629795435328,1.0472381114959717,2.2329623699188232,1.3792142868041992,0.9290138483047484
1629795435406,1.0472381114959717,2.1675047874450684,1.474847435951233,0.9290138483047484
1629795435406,1.0472381114959717,2.1873135566711426,1.4765069484710691,0.9290138483047484
1629795435422,1.0472381114959717,2.221506357192993,1.547570824623108,0.9290138483047484
1629795435438,1.0472381114959717,1.723035216331482,1.675296425819397,0.9290138483047484
1629795435609,1.0472381114959717,1.723035216331482,1.6754506826400757,0.9290138483047484
1629795435750,1.0472381114959717,1.723035216331482,1.6495167016983032,0.9290138483047484
1629795435955,1.0472381114959717,1.6144105195999146,1.5601884126663208,0.9290138483047484
1629795436002,1.0472381114959717,1.6309000253677368,1.5406571626663208,0.9290138483047484
1629795436002,1.0472381114959717,1.932270646095276,1.6385879516601562,0.9290138483047484
1629795436018,1.0472381114959717,1.9321483373641968,1.6386981010437012,0.9290138483047484
1629795436033,1.0472381114959717,1.9567359685897827,1.6355053186416626,0.9290138483047484
1629795436221,1.0472381114959717,2.0022494792938232,1.6351553201675415,0.9290138483047484
1629795436252,1.0472381114959717,2.0530855655670166,1.6905912160873413,0.9290138483047484
1629795436299,1.0472381114959717,2.0576834678649902,1.689690113067627,0.9290138483047484
1629795436393,1.0472381114959717,2.057429075241089,1.6887450218200684,0.9290138483047484
1629795436439,1.0472381114959717,2.0068163871765137,1.632786989212036,0.9290138483047484
1629795436533,1.0472381114959717,1.9460023641586304,1.6574238538742063,0.9290138483047484
1629795436986,1.0472381114959717,1.9460023641586304,1.6985019445419312,0.9290138483047484
1629795437002,1.0472381114959717,1.9460023641586304,1.5332225561141968,0.9290138483047484
1629795437017,1.0472381114959717,1.905184864997864,1.533036470413208,0.9290138483047484
1629795437033,1.0472381114959717,1.8761476278305051,1.4915170669555664,0.9290138483047484
1629795437111,1.0472381114959717,1.9142826795578003,1.487602710723877,0.9290138483047484
1629795437127,1.0472381114959717,1.872519612312317,1.5098905563354492,0.9290138483047484
1629795437142,1.0472381114959717,1.595047950744629,1.5310930013656616,0.9290138483047484
1629795437299,1.0472381114959717,1.6027928590774536,1.5345029830932615,0.9290138483047484
1629795437502,1.0472381114959717,1.6472043991088867,1.5312801599502563,0.9290138483047484
1629795437642,1.0472381114959717,1.6069782972335815,1.5321515798568726,0.9290138483047484
1629795437986,1.0472381114959717,1.5697972774505615,1.4498817920684814,0.9290138483047484
1629795438207,1.0472381114959717,1.5598005056381226,1.451171875,0.9290138483047484
1629795438410,1.0472381114959717,1.5594373941421509,1.4523882865905762,0.9290138483047484
1629795438473,1.0472381114959717,1.552194356918335,1.4118565320968628,0.9290138483047484
1629795438473,1.0472381114959717,1.5864070653915403,1.4532930850982666,0.9290138483047484
1629795438520,1.0472381114959717,1.6186835765838623,1.43196702003479,0.9290138483047484
1629795438535,1.0472381114959717,1.596468448638916,1.4061318635940552,0.9290138483047484
1629795438613,1.0472381114959717,1.642513632774353,1.4105952978134155,0.9290138483047484
1629795438629,1.0472381114959717,1.8072822093963623,1.7602378129959106,0.9290138483047484
1629795438629,1.0472381114959717,1.808367133140564,1.5060425996780396,0.9290138483047484
1629795438645,1.0472381114959717,1.821853280067444,1.7475378513336182,0.9290138483047484
1629795438660,1.0472381114959717,1.7708743810653689,1.6581599712371826,0.9290138483047484
1629795438707,1.0472381114959717,1.8047049045562744,1.671438694000244,0.9290138483047484
1629795438723,1.0472381114959717,1.853066086769104,1.6907585859298706,0.9290138483047484
1629795438754,1.0472381114959717,1.8525115251541135,1.690084457397461,0.9290138483047484
1629795438941,1.0472381114959717,1.8524200916290283,1.689490795135498,0.9290138483047484
1629795439162,1.0472381114959717,1.893633246421814,1.6890265941619873,0.9290138483047484
1629795439194,1.0472381114959717,1.939194679260254,1.7181581258773804,0.9290138483047484
1629795439287,1.0472381114959717,1.9583700895309448,1.749659299850464,0.9290138483047484
1629795439303,1.0472381114959717,2.0160117149353027,1.78395676612854,0.9290138483047484
1629795439756,1.0472381114959717,2.005775690078736,1.7084835767745972,0.9290138483047484
1629795439803,1.0472381114959717,1.999004602432251,1.7013709545135498,0.9290138483047484
1629795439912,1.0472381114959717,1.9909601211547847,1.6983925104141235,0.9290138483047484
1629795440586,1.0472381114959717,1.6169463396072388,1.6233693361282349,0.9290138483047484
1629795440789,1.0472381114959717,1.7064558267593384,1.229130506515503,0.9290138483047484
1629795440789,1.0472381114959717,1.592769980430603,1.0046334266662598,0.9290138483047484
1629795440930,1.4329079389572144,1.6572911739349363,1.2298738956451416,0.9290138483047484
1629795441055,1.373171329498291,1.6135168075561523,1.1747381687164309,0.9290138483047484
1629795441101,1.3435744047164917,1.391406774520874,1.090883731842041,0.9290138483047484
1629795441226,1.3435744047164917,1.508285403251648,1.0953527688980105,0.9290138483047484
1629795441351,1.3435744047164917,1.7701984643936155,1.1637089252471924,0.9290138483047484
1629795441398,1.3435744047164917,1.7701984643936155,1.2433154582977295,0.9290138483047484
1629795441414,1.3435744047164917,1.7701984643936155,1.4515295028686523,0.9290138483047484
1629795441429,1.3435744047164917,1.7701984643936155,1.41986346244812,0.9290138483047484
1629795441445,1.3435744047164917,1.7701984643936155,1.5481847524642944,0.9290138483047484
1629795441476,1.3435744047164917,1.7701984643936155,1.521713137626648,0.9290138483047484
1629795441508,1.3435744047164917,1.8151681423187256,1.5222678184509275,0.9290138483047484
1629795441508,1.3435744047164917,1.820888996124268,1.522995114326477,0.9290138483047484
1629795441508,1.4087235927581787,1.8204944133758545,1.5237853527069092,0.9290138483047484
1629795441726,1.4881774187088013,1.8524771928787231,1.524553656578064,0.9290138483047484
1629795441867,1.4881774187088013,1.7951010465621948,1.4376038312911987,0.9290138483047484
1629795442039,1.4881774187088013,1.8601871728897093,1.4668689966201782,0.9290138483047484
1629795442101,1.4881774187088013,1.9374958276748655,1.4976481199264526,0.9290138483047484
1629795442291,1.4881774187088013,2.0329701900482178,1.530478596687317,0.9290138483047484
1629795442588,1.4881774187088013,2.0329701900482178,1.530738353729248,0.9290138483047484
1629795442635,1.4881774187088013,2.0329701900482178,1.503350019454956,0.9290138483047484
1629795442729,1.4881774187088013,1.7041550874710083,1.4615389108657837,0.9290138483047484
1629795442901,1.4881774187088013,1.6426551342010498,1.200236201286316,0.9290138483047484
1629795442916,1.4881774187088013,1.7563178539276123,1.3540958166122437,0.9290138483047484
1629795442963,1.4881774187088013,2.1167938709259038,1.5281212329864502,0.9290138483047484
1629795443135,1.4881774187088013,2.078988790512085,1.5544390678405762,0.9290138483047484
1629795443166,1.4881774187088013,2.103426694869995,1.637759566307068,0.9290138483047484
1629795443622,1.4881774187088013,2.0687355995178223,1.6369566917419434,0.9290138483047484
1629795443715,1.4881774187088013,2.075788974761963,1.636393427848816,0.9290138483047484
1629795443778,1.4881774187088013,2.0784225463867188,1.6573723554611206,0.9290138483047484
1629795443793,1.4881774187088013,2.037071228027344,1.6574654579162598,0.9290138483047484
1629795444061,1.4881774187088013,1.9996787309646609,1.6244245767593384,0.9290138483047484
1629795444218,1.4881774187088013,2.0881776809692383,1.7780544757843018,0.9290138483047484
1629795444280,1.4881774187088013,2.1755828857421875,1.7780544757843018,0.9290138483047484
1629795444296,1.4881774187088013,2.1755828857421875,1.8091979026794436,0.9290138483047484
1629795444311,1.4881774187088013,2.2002127170562744,1.8143788576126096,0.9290138483047484
1629795444327,1.4881774187088013,2.213064670562744,1.816602349281311,0.9290138483047484
1629795444358,1.4881774187088013,2.338949680328369,1.8040947914123533,0.9290138483047484
1629795444358,1.4881774187088013,2.324080467224121,1.816713571548462,0.9290138483047484
1629795444405,1.4881774187088013,2.269370555877685,1.6130492687225342,0.9290138483047484
1629795444530,1.4881774187088013,2.301409244537353,1.577051877975464,0.9290138483047484
1629795444577,1.4881774187088013,2.481706142425537,1.5003981590270996,0.9290138483047484
1629795444702,1.4881774187088013,2.5274174213409424,1.5369634628295898,0.9290138483047484
1629795444780,1.4881774187088013,2.5760817527771,1.6200850009918213,0.9290138483047484
1629795444811,1.4881774187088013,2.5582196712493896,1.5985037088394165,0.9290138483047484
1629795444811,1.4881774187088013,2.73846435546875,1.6263374090194702,0.9290138483047484
1629795444874,1.4881774187088013,2.7963478565216064,1.680619239807129,0.9290138483047484
1629795444874,1.4881774187088013,2.822405338287353,1.406118631362915,0.9290138483047484
1629795444905,1.4881774187088013,2.76859974861145,1.3799084424972534,0.9290138483047484
1629795444967,1.4881774187088013,2.702034950256348,1.3528257608413696,0.9290138483047484
1629795444983,1.4881774187088013,2.6440987586975098,1.3393487930297852,0.9290138483047484
1629795445124,1.4881774187088013,2.626580238342285,1.3334429264068604,0.9290138483047484
1629795445155,1.4881774187088013,2.553778171539306,1.3333210945129397,0.9290138483047484
1629795445561,1.4881774187088013,2.504145383834839,1.2640607357025146,0.9290138483047484
1629795445702,1.4881774187088013,2.484446287155152,1.2634714841842651,0.9290138483047484
1629795445811,1.4881774187088013,2.449512004852295,1.264232516288757,0.9290138483047484
1629795445983,1.4881774187088013,2.2339017391204834,1.244144082069397,0.9290138483047484
1629795446108,1.4881774187088013,2.196204423904419,1.180002212524414,0.9290138483047484
1629795446172,1.4881774187088013,2.1614911556243896,1.1373112201690674,0.9290138483047484
1629795446188,1.4881774187088013,2.189938545227051,1.2829409837722778,0.9290138483047484
1629795446204,1.4881774187088013,1.6341382265090942,1.281296730041504,0.9290138483047484
1629795446485,1.4881774187088013,1.601973533630371,1.150680422782898,0.9290138483047484
1629795446516,1.4881774187088013,1.575461983680725,1.152522325515747,0.9290138483047484
1629795446610,1.4881774187088013,1.5432817935943604,1.1460936069488523,0.9290138483047484
1629795446828,1.4881774187088013,1.5551303625106812,1.1439975500106812,0.9290138483047484
1629795446875,1.4881774187088013,1.5549553632736206,1.1440156698226929,0.9290138483047484
1629795446907,1.4881774187088013,1.5546157360076904,1.1434835195541382,0.9290138483047484
1629795447078,1.4881774187088013,1.4537431001663208,1.1429682970046997,0.9290138483047484
1629795447141,1.4881774187088013,1.5259442329406738,1.124045968055725,0.9290138483047484
1629795447316,1.4881774187088013,1.3373814821243286,1.1237993240356443,0.9290138483047484
1629795447441,1.4881774187088013,1.3745903968811035,1.1561866998672483,0.9290138483047484
1629795447472,1.4881774187088013,1.6138485670089722,1.1566087007522583,0.9290138483047484
1629795447534,1.4881774187088013,1.61718487739563,1.1576931476593018,0.9290138483047484
1629795447722,1.4881774187088013,1.6177407503128052,0.97974294424057,0.9290138483047484
1629795447878,1.4881774187088013,1.5441367626190186,0.8089008331298828,0.9290138483047484
1629795447987,1.4881774187088013,1.5231964588165283,0.6906800866127014,0.9290138483047484
1629795448065,1.4881774187088013,1.538560390472412,0.6923413872718811,0.9290138483047484
1629795448222,1.4881774187088013,1.5441004037857056,0.6920142769813538,0.9290138483047484
1629795448284,1.4881774187088013,1.5450454950332642,0.6914841532707214,0.9290138483047484
1629795448409,1.4881774187088013,1.5321959257125854,0.6971877217292786,0.9290138483047484
1629795448425,1.4881774187088013,1.6068756580352783,0.7016144394874573,0.9290138483047484
1629795448565,1.4881774187088013,1.6076619625091553,0.7070074677467346,0.9290138483047484
1629795448596,1.4881774187088013,1.6073731184005735,0.7110890746116638,0.9290138483047484
1629795448659,1.4881774187088013,1.561763048171997,0.8390763998031616,0.9290138483047484
1629795448753,1.4881774187088013,1.659879446029663,1.2053698301315308,0.9290138483047484
1629795448956,1.4881774187088013,1.6412073373794556,1.2544407844543457,0.9290138483047484
1629795449112,1.4881774187088013,1.4625877141952517,1.2608866691589355,0.9290138483047484
1629795449159,1.4881774187088013,1.457674860954285,1.261046051979065,0.9290138483047484
1629795449302,1.4881774187088013,1.4570708274841309,1.2608699798583984,0.9290138483047484
1629795449458,1.4881774187088013,1.4314897060394287,1.217753767967224,0.9290138483047484
1629795449567,1.4881774187088013,1.54430890083313,1.1995792388916016,0.9290138483047484
1629795449598,1.4881774187088013,1.5302037000656128,1.1992595195770264,0.9290138483047484
1629795449614,1.4881774187088013,1.5214704275131226,1.1986409425735474,0.9290138483047484
1629795449692,1.4881774187088013,1.5899722576141355,1.3309087753295898,0.9290138483047484
1629795449739,1.4881774187088013,1.588637351989746,1.3290603160858154,0.9290138483047484
1629795449801,1.4881774187088013,1.5785096883773804,1.4319027662277222,0.9290138483047484
1629795449848,1.4881774187088013,1.581263780593872,1.4364897012710571,0.9290138483047484
1629795450163,1.4881774187088013,1.6147103309631348,1.4820797443389893,0.9290138483047484
1629795450179,1.4881774187088013,1.6204109191894531,1.4571017026901243,0.9290138483047484
1629795450288,1.4881774187088013,1.614202857017517,1.290663242340088,0.9290138483047484
1629795450382,1.4881774187088013,1.5949335098266602,1.3373980522155762,0.9290138483047484
1629795450491,1.4881774187088013,1.5657650232315063,1.3316251039505005,0.9290138483047484
1629795450679,1.4881774187088013,1.5941767692565918,1.3740109205245972,0.9290138483047484
1629795450726,1.4881774187088013,1.62672221660614,1.3745718002319336,0.9290138483047484
1629795450773,1.4881774187088013,1.6798770427703855,1.4617716073989868,0.9290138483047484
1629795450944,1.4881774187088013,1.5930522680282593,1.4608922004699707,0.9290138483047484
1629795451243,1.4881774187088013,1.5923073291778564,1.476899266242981,0.9290138483047484
1629795451290,1.4881774187088013,1.5988587141036987,1.4856691360473633,0.9290138483047484
1629795451493,1.4881774187088013,1.5597048997879028,1.396187663078308,0.9290138483047484
1629795451540,1.4881774187088013,1.5597306489944458,1.395695686340332,0.9290138483047484
1629795451571,1.4881774187088013,1.4921303987503052,1.2876205444335938,0.9290138483047484
1629795451634,1.4881774187088013,1.572951078414917,1.298323154449463,0.9290138483047484
1629795451712,1.4881774187088013,1.5351731777191162,1.3321417570114136,0.9290138483047484
1629795451759,1.4881774187088013,1.513185977935791,1.4245694875717163,0.9290138483047484
1629795451775,1.4881774187088013,1.3799481391906738,1.4264321327209473,0.9290138483047484
1629795451946,1.4881774187088013,1.3594958782196045,1.360710382461548,0.9290138483047484
1629795451978,1.4881774187088013,1.36314058303833,1.3926821947097778,0.9290138483047484
1629795452040,1.4881774187088013,1.3147155046463013,1.379124402999878,0.9290138483047484
1629795452184,1.4881774187088013,1.35499370098114,1.4148393869400024,0.9290138483047484
1629795452293,1.4881774187088013,1.2158656120300293,1.2942955493927002,0.9290138483047484
1629795452387,1.4881774187088013,1.3694673776626587,1.33979070186615,0.9290138483047484
1629795452418,1.4881774187088013,1.3710790872573853,1.3509875535964966,0.9290138483047484
1629795452496,1.4881774187088013,1.401708722114563,1.3838602304458618,0.9290138483047484
1629795452528,1.4881774187088013,1.403581619262695,1.4500731229782104,0.9290138483047484
1629795452653,1.4881774187088013,1.403467059135437,1.5281997919082642,0.9290138483047484
1629795452871,1.4881774187088013,1.410109519958496,1.612407684326172,0.9290138483047484
1629795452934,1.4881774187088013,1.356873631477356,1.612407684326172,0.9290138483047484
1629795453184,1.4881774187088013,1.356821060180664,1.612407684326172,0.9290138483047484
1629795453252,1.4881774187088013,1.345078468322754,1.612407684326172,0.9290138483047484
1629795453486,1.4881774187088013,1.3568086624145508,1.612407684326172,0.9290138483047484
1629795453502,1.4881774187088013,1.4807922840118408,1.510509371757507,0.9290138483047484
1629795453658,1.4881774187088013,1.499553084373474,1.4145249128341677,0.9290138483047484
1629795453705,1.4881774187088013,1.4990906715393066,1.3367202281951904,0.9290138483047484
1629795453752,0.5862957835197449,1.5165811777114868,1.2761940956115725,0.9290138483047484
1629795453986,0.5862957835197449,1.544680953025818,1.2200723886489868,0.9290138483047484
1629795454114,0.5862957835197449,1.4481947422027588,1.170830011367798,0.9290138483047484
1629795454129,0.5435466766357422,1.5171371698379517,1.127239227294922,0.9290138483047484
1629795454145,0.5435466766357422,1.6807197332382202,1.1639524698257446,0.9290138483047484
1629795454161,0.5435466766357422,2.046527624130249,1.2080330848693848,0.9290138483047484
1629795454504,0.5435466766357422,2.0702579021453857,1.348078966140747,0.9290138483047484
1629795454614,0.5435466766357422,2.067841053009033,1.3174099922180176,0.9290138483047484
1629795454629,0.5435466766357422,2.056356906890869,1.2893139123916626,0.9290138483047484
1629795454754,0.6405690908432007,2.084162473678589,1.2905300855636597,0.9290138483047484
1629795454864,0.7163063287734985,2.086430788040161,1.2916672229766846,0.9290138483047484
1629795454942,0.5878317356109619,2.0841169357299805,1.276627540588379,0.9290138483047484
1629795454989,0.5878317356109619,2.067370891571045,1.1467183828353882,0.9290138483047484
1629795455147,0.5878317356109619,2.1760642528533936,1.4014034271240234,0.9290138483047484
1629795455257,0.5878317356109619,2.19179105758667,1.4014673233032229,0.9290138483047484
1629795455272,0.6039653420448303,2.17363715171814,1.3996541500091553,0.9290138483047484
1629795455382,0.6039653420448303,2.1719586849212646,1.3995156288146973,0.9290138483047484
1629795455507,0.8363375067710876,2.1719770431518555,1.3998279571533203,0.9290138483047484
1629795455647,0.9064924716949464,2.166477680206299,1.4006036520004272,0.9290138483047484
1629795455725,0.9064924716949464,2.130141019821167,1.4621250629425049,0.9290138483047484
1629795455741,0.9064924716949464,1.9161566495895384,1.4397475719451904,0.9290138483047484
1629795455772,0.9064924716949464,1.881875991821289,1.3267178535461426,0.9290138483047484
1629795455819,0.9064924716949464,1.9225969314575195,1.455227971076965,0.9290138483047484
1629795455897,0.9064924716949464,1.9209665060043333,1.4603867530822754,0.9290138483047484
1629795455975,0.9064924716949464,1.88031542301178,1.460912585258484,0.9290138483047484
1629795456165,0.9064924716949464,1.8768787384033203,1.4620808362960815,0.9290138483047484
1629795456212,0.9064924716949464,1.8868422508239744,1.4896366596221924,0.9290138483047484
1629795456368,0.9064924716949464,1.8693071603775024,1.4477999210357666,0.9290138483047484
1629795456399,0.9064924716949464,1.5929408073425293,1.2289247512817385,0.9290138483047484
1629795456509,0.9064924716949464,1.6021957397460938,1.2374207973480225,0.9290138483047484
1629795456727,0.9064924716949464,1.6029548645019531,1.2391860485076904,0.9290138483047484
1629795456852,0.9064924716949464,1.584760665893555,1.2397925853729248,0.9290138483047484
1629795456977,0.9064924716949464,1.584673285484314,1.2404035329818726,0.9290138483047484
1629795456993,0.9064924716949464,1.5621165037155151,1.2698945999145508,0.9290138483047484
1629795457105,0.9064924716949464,1.49782395362854,1.1180511713027954,0.9290138483047484
1629795457120,0.9064924716949464,1.310655951499939,1.1682193279266355,0.9290138483047484
1629795457183,0.9064924716949464,1.3108645677566528,1.167353630065918,0.9290138483047484
1629795457292,0.9064924716949464,1.122543454170227,0.8685925006866455,0.9290138483047484
1629795457339,0.9064924716949464,1.1129083633422852,0.846973180770874,0.9290138483047484
1629795457526,1.2093565464019775,1.1121759414672852,0.843339741230011,0.9290138483047484
1629795457558,1.2150256633758545,1.1123542785644531,0.8372885584831238,0.9290138483047484
1629795457761,1.2023507356643677,1.050647258758545,0.6962113380432129,0.9290138483047484
1629795457917,1.2023507356643677,1.0504461526870728,0.6860327124595642,0.9290138483047484
1629795458057,1.2023507356643677,1.0518015623092651,0.6794034242630005,0.9290138483047484
1629795458169,1.2023507356643677,0.6945520639419556,0.6466289162635803,0.9290138483047484
1629795458185,1.2023507356643677,0.7841053009033203,0.7359761595726013,0.9290138483047484
1629795458201,1.2405248880386353,1.4917500019073486,1.2118324041366575,0.9290138483047484
1629795458201,1.2405248880386353,1.0644452571868896,0.8513991236686707,0.9290138483047484
1629795458279,1.189236044883728,1.4762316942214966,1.1757824420928955,0.9290138483047484
1629795458607,1.2127695083618164,1.4672716856002808,1.1733107566833496,0.9290138483047484
1629795458732,1.156694769859314,1.431991457939148,1.0983792543411257,0.9290138483047484
1629795458935,1.156694769859314,1.4315998554229736,1.0965008735656738,0.9290138483047484
1629795459060,1.156694769859314,1.4266616106033323,1.094800591468811,0.9290138483047484
1629795459171,1.1855274438858032,1.4257196187973022,1.0931124687194824,0.9290138483047484
1629795459265,1.0990970134735107,1.424768090248108,1.0916364192962646,0.9290138483047484
1629795459281,1.0565001964569092,1.6660786867141724,1.090562343597412,0.9290138483047484
1629795459421,1.0565001964569092,1.717797040939331,1.2619624137878418,0.9290138483047484
1629795459437,1.0565001964569092,1.7772128582000732,1.413704514503479,0.9290138483047484
1629795459515,1.0565001964569092,1.7768527269363403,1.4138057231903076,0.9290138483047484
1629795459609,1.0565001964569092,1.776333212852478,1.4140520095825195,0.9290138483047484
1629795459640,1.1295980215072632,1.767568588256836,1.3956303596496582,0.9290138483047484
1629795459781,1.0998873710632324,1.7248339653015137,1.3651463985443115,0.9290138483047484
1629795459812,1.1313155889511108,1.5355241298675537,1.1443722248077393,0.9290138483047484
1629795460062,1.1077717542648315,1.5357202291488647,1.145013689994812,0.9290138483047484
1629795460109,1.0593854188919067,1.5359511375427246,1.1459026336669922,0.9290138483047484
1629795460236,1.1015037298202517,1.5361913442611694,1.1468302011489868,0.9290138483047484
1629795460283,1.1015037298202517,1.6105823516845703,1.312294840812683,0.9290138483047484
1629795460361,1.1015037298202517,1.611024022102356,1.3131568431854248,0.9290138483047484
1629795460439,1.1015037298202517,1.6115998029708862,1.314704179763794,0.9290138483047484
1629795460455,1.1729437112808228,1.612173557281494,1.3170493841171265,0.9290138483047484
1629795460502,1.1729437112808228,1.325862169265747,1.3196020126342771,0.9290138483047484
1629795460517,1.1729437112808228,1.1848902702331543,1.1757384538650513,0.9290138483047484
1629795461048,1.1729437112808228,1.0270410776138306,0.8683434724807739,0.9290138483047484
1629795461179,1.1729437112808228,1.0274872779846191,0.8691878914833069,0.9290138483047484
1629795461395,1.1729437112808228,1.0283074378967283,0.8694508075714111,0.9290138483047484
1629795461441,1.1183637380599976,1.029537558555603,0.8699735999107361,0.9290138483047484
1629795461520,1.1183637380599976,1.0308433771133425,0.8709560036659241,0.9290138483047484
1629795461613,1.1183637380599976,1.2075903415679932,0.9875348806381226,0.9290138483047484
1629795461644,1.1183637380599976,1.2077242136001587,0.9902697205543518,0.9290138483047484
1629795461660,1.1183637380599976,1.337466835975647,1.1290010213851929,0.9290138483047484
1629795461738,1.1183637380599976,1.3373664617538452,1.1327959299087524,0.9290138483047484
1629795461738,1.1183637380599976,1.1859716176986694,0.8578287363052368,0.9290138483047484
1629795461926,1.1183637380599976,1.1855756044387815,0.861376166343689,0.9290138483047484
1629795462035,1.1183637380599976,1.184811234474182,0.8612358570098877,0.9290138483047484
1629795462285,1.1183637380599976,1.1837886571884155,0.857915461063385,0.9290138483047484
1629795462316,1.1183637380599976,1.1828163862228394,0.8532408475875854,0.9290138483047484
1629795462441,1.1183637380599976,1.5066217184066772,0.849315345287323,0.9290138483047484
1629795462457,1.1183637380599976,1.5299406051635742,0.8472059369087219,0.9290138483047484
1629795462488,1.1183637380599976,1.5298492908477783,0.8468633890151978,0.9290138483047484
1629795462519,1.1183637380599976,1.563572883605957,0.9828120470046996,0.9290138483047484
1629795462535,1.1183637380599976,1.5632469654083252,0.9844673275947572,0.9290138483047484
1629795462613,1.1183637380599976,1.5627278089523315,0.9866328239440918,0.9290138483047484
1629795462629,1.1183637380599976,1.48406720161438,0.8741870522499084,0.9290138483047484
1629795462754,0.751156747341156,1.395442008972168,0.5874634385108948,0.9290138483047484
1629795462754,1.1183637380599976,1.4838365316390991,0.8747182488441467,0.9290138483047484
1629795462847,0.7567505240440369,1.3958150148391724,0.5773752331733704,0.9290138483047484
1629795463113,0.7397341728210449,1.3961511850357056,0.5653859972953796,0.9290138483047484
1629795463287,0.7397341728210449,1.434200882911682,0.5552766919136047,0.9290138483047484
1629795463428,0.7397341728210449,1.434743881225586,0.5481634736061096,0.9290138483047484
1629795463506,0.7397341728210449,1.4354346990585327,0.5427507758140564,0.9290138483047484
1629795463599,0.7202663421630859,1.436044216156006,0.5381847023963928,0.9290138483047484
1629795463756,0.65097576379776,1.0176743268966677,0.5346341133117676,0.9290138483047484
1629795463849,0.6181620359420776,0.7501907348632812,0.5324723720550537,0.9290138483047484
1629795463881,0.5783460736274719,0.7497335076332092,0.5310866832733154,0.9290138483047484
1629795464130,0.5392729640007019,0.4576793611049652,-0.0903495922684669,0.9290138483047484
1629795464146,0.5081828236579895,0.4585652351379394,-0.1090137585997581,1.016118407249451
1629795464209,0.4940563440322876,0.4617852568626404,-0.1361979246139526,0.9908944964408876
1629795464305,0.4999710619449615,0.4660235047340393,-0.1718832105398178,1.0008710622787476
1629795464493,0.4983719885349273,0.4690382182598114,-0.2123076170682907,1.0349856615066528
1629795464602,0.4788546860218048,0.4700058400630951,-0.2508831918239593,1.0701847076416016
1629795464742,0.4509094953536987,0.4696437120437622,-0.2778439819812774,1.0929090976715088
1629795464852,0.4343918263912201,0.4680947363376617,-0.2876990735530853,1.1002907752990725
1629795464961,0.4375575482845306,-0.1849637478590011,-0.2840242385864258,1.0969091653823853
1629795465071,0.4402314126491546,-0.2171183228492736,-0.2739147543907165,1.0900511741638184
1629795465164,0.4414805173873901,-0.2544545829296112,-0.2615441679954529,1.0833667516708374
1629795465274,0.4288634061813354,-0.280712366104126,-0.2495160847902298,1.075181007385254
1629795465323,0.4210274219512939,0.0599738582968711,-0.2372751981019973,1.063901662826538
1629795465495,0.4265486896038055,0.0587171055376529,-0.2243638336658477,1.0572881698608398
1629795465745,0.4466732442378998,0.0567943826317787,-0.2097453027963638,1.0557349920272827
1629795465776,0.4711286127567291,0.0526580736041069,-0.1934428811073303,1.063670992851257
1629795465932,0.4945126473903656,0.0477115362882614,-0.1761580258607864,1.0800515413284302
1629795465995,0.5075027942657471,0.150065615773201,-0.1502789855003357,1.0962655544281006
1629795466010,0.5029359459877014,0.3177846074104309,-0.1049186289310455,1.1013528108596802
1629795466075,0.4823128283023834,0.3305038213729858,-0.0462464913725853,1.0877141952514648
1629795466091,0.4579011797904968,0.3473933339118957,0.004965987522155,1.0566078424453735
1629795466169,0.4409042298793793,0.3633160293102264,0.0344382412731647,1.0163986682891846
1629795466200,0.4325065612792969,0.3895240426063537,0.0427177399396896,0.9804612398147584
1629795466497,0.4252167046070099,0.3997105062007904,0.0394027531147003,0.9575775861740112
1629795466528,0.4148643612861633,0.4085001647472381,0.0326605625450611,0.9575775861740112
1629795466747,0.4032056033611297,0.414710134267807,0.0251451786607503,0.9575775861740112
1629795466903,0.4032056033611297,0.4175954163074493,0.0182122699916362,0.9575775861740112
1629795467044,0.4032056033611297,0.3542633950710296,0.0128920376300811,0.9575775861740112
1629795467156,0.4032056033611297,0.3725268840789795,0.0079767387360334,0.9575775861740112
1629795467187,0.4032056033611297,0.6800793409347534,0.5161640644073486,0.9575775861740112
1629795467234,0.4032056033611297,0.6869915127754211,0.5133357048034668,0.9575775861740112
1629795467296,0.4032056033611297,0.8729320764541626,0.6340977549552917,0.9575775861740112
1629795467296,0.4032056033611297,0.7851617932319641,0.6391639113426208,0.9575775861740112
1629795467327,0.4032056033611297,0.9622845649719238,0.8148058652877808,0.9575775861740112
1629795467515,0.4032056033611297,0.9594802856445312,0.8062289953231812,0.9575775861740112
1629795467546,0.4032056033611297,0.9550957679748536,0.798599898815155,0.9575775861740112
1629795467577,0.4032056033611297,0.9502865076065063,0.7951361536979675,0.9575775861740112
1629795467718,0.4032056033611297,0.9421314001083374,0.7958880662918091,0.9575775861740112
1629795467937,0.4032056033611297,0.9382202625274658,0.7981349229812622,0.9575775861740112
1629795467968,0.4032056033611297,0.934880554676056,0.7997032403945923,0.9575775861740112
1629795468204,0.4032056033611297,0.9323899745941162,0.8008605241775513,0.9575775861740112
1629795468439,0.6981821656227112,0.9309253096580504,0.8025779724121094,0.9575775861740112
1629795468501,0.573572039604187,0.9159793257713318,0.8049429059028625,0.9575775861740112
1629795468767,0.4037486910820007,0.910727560520172,0.8070725798606873,0.9575775861740112
1629795468876,0.4655275642871856,0.7566792964935303,0.6177263259887695,0.9575775861740112
1629795468954,0.5051059126853943,0.8974751234054565,0.6171039938926697,0.9575775861740112
1629795469110,0.5051059126853943,0.82258540391922,0.7749374508857727,0.9575775861740112
1629795469204,0.5051059126853943,0.6946924328804016,0.7746143341064453,0.9575775861740112
1629795469222,0.5051059126853943,0.8277955055236816,0.5612682700157166,0.9575775861740112
1629795469300,0.5051059126853943,0.828169047832489,0.5622865557670593,0.9575775861740112
1629795469378,0.5051059126853943,0.8314868807792664,0.5626872181892395,0.9575775861740112
1629795469425,0.5051059126853943,0.8373214602470398,0.5631901621818542,0.9575775861740112
1629795469550,0.5051059126853943,0.8444325923919678,0.5670025944709778,0.9575775861740112
1629795469675,0.5051059126853943,0.8512703776359558,0.5789780616760254,0.9575775861740112
1629795469972,0.5051059126853943,0.8563106060028076,0.5992413759231567,0.9575775861740112
1629795470146,0.5380587577819824,0.9238405227661132,0.6209746599197388,0.9575775861740112
1629795470162,0.5853599309921265,1.2226850986480713,0.8450935482978821,0.9575775861740112
1629795470193,0.5853599309921265,1.2226943969726562,0.8484957218170166,0.9575775861740112
1629795470334,0.5853599309921265,1.2966941595077517,0.8479326367378235,0.9575775861740112
1629795470365,0.5853599309921265,1.342733383178711,0.9810840487480164,0.9575775861740112
1629795470459,0.5853599309921265,1.345839023590088,1.073336839675903,0.9575775861740112
1629795470474,0.5853599309921265,1.4755572080612185,1.2131669521331787,0.9575775861740112
1629795470553,0.5853599309921265,1.5042858123779297,1.2141077518463137,0.9575775861740112
1629795470553,0.5853599309921265,1.5039162635803225,1.2152729034423828,0.9575775861740112
1629795470553,0.5853599309921265,1.4754704236984253,1.2135300636291504,0.9575775861740112
1629795470615,0.5853599309921265,1.5776618719100952,1.2174084186553955,0.9575775861740112
1629795470678,0.5853599309921265,1.5772830247879028,1.2204794883728027,0.9575775861740112
1629795470943,0.5853599309921265,1.5768368244171145,1.2234426736831665,0.9575775861740112
1629795471271,0.5853599309921265,1.6255098581314087,1.224234104156494,0.9575775861740112
1629795471287,0.5853599309921265,1.6251124143600464,1.2217566967010498,0.9575775861740112
1629795471443,0.5853599309921265,1.674560308456421,1.414520502090454,0.9575775861740112
1629795471646,0.5853599309921265,1.5905797481536863,1.403173804283142,0.9575775861740112
1629795471693,0.5853599309921265,1.696402072906494,1.431122899055481,0.9575775861740112
1629795471693,0.5853599309921265,1.7925925254821775,1.467623233795166,0.9575775861740112
1629795471709,0.5853599309921265,1.776771903038025,1.425315260887146,0.9575775861740112
1629795471755,0.5853599309921265,1.758786916732788,1.383999586105347,0.9575775861740112
1629795472195,0.5853599309921265,1.6960928440093994,1.2110838890075684,0.9575775861740112
1629795472445,0.5853599309921265,1.6961839199066162,1.2114109992980957,0.9575775861740112
1629795472461,0.5853599309921265,1.6382900476455688,1.2111434936523438,0.9575775861740112
1629795472523,0.5853599309921265,1.639068841934204,1.2098432779312134,0.9575775861740112
1629795472570,0.5853599309921265,1.5767552852630615,1.2071635723114014,0.9575775861740112
1629795472617,0.5853599309921265,1.64505934715271,1.347333312034607,0.9575775861740112
1629795472617,0.5853599309921265,1.738579511642456,1.3454928398132324,0.9575775861740112
1629795472664,0.5853599309921265,1.7257723808288574,1.3861685991287231,0.9575775861740112
1629795472711,0.5853599309921265,1.7391717433929443,1.384210228919983,0.9575775861740112
1629795472820,0.5853599309921265,1.6863607168197632,1.146371841430664,0.9575775861740112
1629795472851,0.5853599309921265,1.733630895614624,1.242219090461731,0.9575775861740112
1629795472867,0.5853599309921265,1.63744854927063,1.2129265069961548,0.9575775861740112
1629795473008,0.5853599309921265,1.4465839862823486,1.1491643190383911,0.9575775861740112
1629795473054,0.5853599309921265,1.4466397762298584,1.1492290496826172,0.9575775861740112
1629795473086,0.5853599309921265,1.6582099199295044,1.3550238609313965,0.9575775861740112
1629795473291,0.5853599309921265,1.7029106616973877,1.3768551349639893,0.9575775861740112
1629795473323,0.5853599309921265,1.7336571216583252,1.376084804534912,0.9575775861740112
1629795473323,0.5853599309921265,1.702875733375549,1.3764033317565918,0.9575775861740112
1629795473588,0.5853599309921265,1.732919216156006,1.3759949207305908,0.9575775861740112
1629795473713,0.5853599309921265,1.7779052257537842,1.4707554578781128,0.9575775861740112
1629795473963,0.5853599309921265,1.7281676530838013,1.3744630813598633,0.9575775861740112
1629795474010,0.5853599309921265,1.6314759254455566,1.37263286113739,0.9575775861740112
1629795474072,0.5853599309921265,1.6002027988433838,1.3301454782485962,0.9575775861740112
1629795474119,0.5853599309921265,1.581404209136963,1.330273151397705,0.9575775861740112
1629795474247,0.5853599309921265,1.581438660621643,1.330946922302246,0.9575775861740112
1629795474372,0.3513617515563965,1.5128295421600342,1.2060784101486206,0.9575775861740112
1629795474466,0.3152278661727905,1.5129239559173584,1.2080347537994385,0.9575775861740112
1629795474685,0.3152883052825928,1.5129737854003906,1.210092544555664,0.9575775861740112
1629795474732,0.3295998871326446,1.51304030418396,1.2118617296218872,0.9575775861740112
1629795474763,0.3402351438999176,1.1773967742919922,0.8906973004341125,0.9575775861740112
1629795474935,0.3443635702133178,1.0055910348892212,0.8196237683296204,0.9575775861740112
1629795474950,0.3452366292476654,1.0063817501068115,0.8193054795265198,0.9575775861740112
1629795475060,0.3452366292476654,0.8478004336357117,0.8597251772880554,0.9575775861740112
1629795475107,0.3452366292476654,0.8478438854217529,0.8606043457984924,0.9575775861740112
1629795475153,0.3452366292476654,-0.006427832879126,0.1757988333702087,0.9575775861740112
1629795475312,0.3655222356319427,-0.0062470589764416,0.1932255774736404,0.9575775861740112
1629795475422,0.4023704826831817,-0.0030913155060261,0.2109251022338867,0.9575775861740112
1629795475625,0.4104976952075958,0.0017807428957894,0.2234782725572586,0.9575775861740112
1629795475736,0.4455733597278595,0.005442816298455,0.2284991443157196,0.9575775861740112
1629795475876,0.4728574156761169,0.006759385112673,0.2277237623929977,0.9575775861740112
1629795476031,0.4903810322284698,0.0078410236164927,0.2265344709157943,0.9575775861740112
1629795476395,0.4990316331386566,0.0149405542761087,0.2283609509468078,0.9575775861740112
1629795476442,0.5101841688156128,0.061127234250307,0.2518191039562225,0.9575775861740112
1629795476697,0.4968331158161163,0.0870139151811599,0.2509083747863769,0.9575775861740112
1629795476910,0.4770859181880951,0.288183718919754,0.2469404935836792,0.9575775861740112
1629795476941,0.951982855796814,0.9731071591377258,0.454262375831604,0.9575775861740112
1629795476988,0.9503942728042604,0.9751625061035156,0.4553377032279968,0.9575775861740112
1629795477004,0.9333245754241944,0.946927845478058,0.3453316986560821,0.9575775861740112
1629795477020,0.9333245754241944,1.1860435009002686,0.343206375837326,0.9575775861740112
1629795477051,0.9333245754241944,1.1863629817962646,0.3362338840961456,0.9575775861740112
1629795477221,0.9547216296195984,1.1866226196289062,0.326905757188797,0.9575775861740112
1629795477316,1.3198825120925903,1.3417938947677612,0.6916723847389221,0.9575775861740112
1629795477319,1.2248718738555908,1.3057781457901,0.5094541907310486,0.9575775861740112
1629795477344,1.3495010137557983,1.494498610496521,0.8576316833496094,0.9575775861740112
1629795477428,1.3849722146987915,1.6200538873672483,0.8565393090248108,0.9575775861740112
1629795477590,1.4264267683029177,1.6443703174591064,0.854461669921875,0.9575775861740112
1629795477731,1.473773717880249,1.6605892181396484,0.8507918119430542,0.9575775861740112
1629795477860,1.5261622667312622,1.785957932472229,1.0717846155166626,0.9575775861740112
1629795477876,1.5905609130859375,1.825775146484375,1.1286218166351318,0.9575775861740112
1629795478047,1.668094515800476,1.8212132453918457,1.1278252601623535,0.9575775861740112
1629795478126,1.5994031429290771,1.7694056034088137,1.0910663604736328,0.9575775861740112
1629795478157,1.5994031429290771,1.769072413444519,1.0912233591079712,0.9575775861740112
1629795478266,1.5994031429290771,1.826876640319824,1.0910136699676514,0.9575775861740112
1629795478282,1.5994031429290771,1.790912628173828,1.0905145406723022,0.9575775861740112
1629795478391,1.5994031429290771,1.8028531074523928,1.148505926132202,0.9575775861740112
1629795478407,1.5994031429290771,1.802709937095642,1.1484239101409912,0.9575775861740112
1629795478556,1.5994031429290771,1.768033742904663,1.1114484071731567,0.9575775861740112
1629795478697,1.5994031429290771,1.7547014951705933,1.049749493598938,0.9575775861740112
1629795478743,1.5994031429290771,1.677345633506775,0.9496442675590516,0.9575775861740112
1629795478806,1.5994031429290771,1.5693641901016235,0.9491191506385804,0.9575775861740112
1629795478947,1.5994031429290771,1.540416240692139,0.948049008846283,0.9575775861740112
1629795479075,1.5994031429290771,1.547618389129639,0.94676274061203,0.9575775861740112
1629795479154,1.5994031429290771,1.2985597848892212,0.599843442440033,0.9575775861740112
1629795479233,1.5994031429290771,1.1957610845565796,0.3871643841266632,0.9575775861740112
1629795479236,1.5994031429290771,1.145890235900879,0.3663054406642914,0.9575775861740112
1629795479289,1.5994031429290771,1.228094458580017,0.4116720557212829,0.9575775861740112
1629795479372,1.5994031429290771,1.2291842699050903,0.4318100214004516,0.9575775861740112
1629795479528,1.5994031429290771,0.9336159825325012,0.4442126452922821,0.9575775861740112
1629795479701,1.5994031429290771,0.8713480830192566,0.4496389925479889,0.9575775861740112
1629795479717,1.5994031429290771,0.7578266263008118,0.0195669159293174,0.9575775861740112
1629795479794,1.5994031429290771,0.7606813311576843,0.0084570525214076,0.9575775861740112
1629795479989,1.5994031429290771,0.7636209726333618,-0.008331567980349,0.9575775861740112
1629795480133,1.5994031429290771,0.7658405303955078,-0.0259846672415733,0.9575775861740112
1629795480289,1.5994031429290771,0.7672857642173767,-0.040864884853363,0.9575775861740112
1629795480522,1.5994031429290771,0.7683106064796448,-0.0497863367199897,0.9575775861740112
1629795480569,0.3116626441478729,0.7688359022140503,-0.0502484887838363,0.9575775861740112
1629795480663,0.3430472314357757,0.5582380890846252,-0.0449911057949066,0.9575775861740112
1629795480773,0.3715874850749969,0.5557448863983154,-0.0466322377324104,0.9575775861740112
1629795480804,0.3715874850749969,0.7123910784721375,0.4131178855895996,0.9575775861740112
1629795480916,0.3715874850749969,0.765537679195404,0.6869751811027527,0.9575775861740112
1629795481137,0.3715874850749969,0.66444993019104,0.6758604049682617,0.9575775861740112
1629795481622,0.3715874850749969,0.6633056402206421,0.6673779487609863,0.9575775861740112
1629795481637,0.4066089987754822,0.6652031540870667,0.6635574698448181,0.9575775861740112
1629795482166,0.4520458579063415,0.6675805449485779,0.6634782552719116,0.9575775861740112
1629795482306,0.4869000613689422,0.6674078702926636,0.6657553315162659,0.9575775861740112
1629795482338,0.508487343788147,0.6648451089859009,0.6700698733329773,0.9575775861740112
1629795482494,0.523047149181366,1.0300087928771973,0.6759368777275085,0.9575775861740112
1629795482525,0.5356547236442566,1.5489230155944824,0.7118573188781738,0.9575775861740112
1629795482525,0.5578368902206421,1.5784039497375488,0.7185730934143066,0.9575775861740112
1629795482525,0.6094817519187927,1.644349217414856,1.186899185180664,0.9575775861740112
1629795482541,0.5846113562583923,1.610094428062439,0.8137679100036621,0.9575775861740112
1629795482556,0.6311910152435303,1.6817069053649902,1.1878809928894043,0.9575775861740112
1629795482572,0.6544462442398071,1.7227928638458252,1.266250729560852,0.9575775861740112
1629795482587,0.6544462442398071,1.8640538454055784,1.4364192485809326,0.9575775861740112
1629795482587,0.6544462442398071,1.841586709022522,1.4640462398529053,0.9575775861740112
1629795482603,0.6544462442398071,1.9147840738296509,1.4539401531219482,0.9575775861740112
1629795482715,0.6544462442398071,1.97213077545166,1.4531632661819458,0.9575775861740112
1629795482715,0.6727455854415894,2.038331985473633,1.4911755323410034,0.9575775861740112
1629795482855,0.6727455854415894,2.1168785095214844,1.4917893409729004,0.9575775861740112
1629795482871,0.6727455854415894,2.2133920192718506,1.566150784492493,0.9575775861740112
1629795482918,0.6727455854415894,2.214061737060547,1.5657856464385986,0.9575775861740112
1629795483286,0.6727455854415894,2.1492178440093994,1.5652087926864624,0.9575775861740112
1629795483396,0.6727455854415894,2.199296712875366,1.6400521993637085,0.9575775861740112
1629795483536,0.6727455854415894,2.199296712875366,1.6425997018814087,0.9575775861740112
1629795483692,0.6727455854415894,2.199296712875366,1.6307328939437866,0.9575775861740112
1629795483802,0.6727455854415894,2.1271986961364746,1.5586981773376465,0.9575775861740112
1629795483817,0.6727455854415894,2.0867362022399902,1.6058294773101809,0.9575775861740112
1629795483833,0.6727455854415894,2.0204734802246094,1.5718625783920288,0.9575775861740112
1629795483880,0.6727455854415894,1.9378886222839355,1.4655892848968506,0.9575775861740112
1629795483880,0.6727455854415894,1.9028280973434448,1.456462025642395,0.9575775861740112
1629795483958,0.6727455854415894,1.8518837690353396,1.4384158849716189,0.9575775861740112
1629795484099,0.6727455854415894,1.8063719272613523,1.4384630918502808,0.9575775861740112
1629795484239,0.6727455854415894,1.7652570009231567,1.3946233987808228,0.9575775861740112
1629795484381,0.6727455854415894,1.7277458906173706,1.393479347229004,0.9575775861740112
1629795484474,0.6727455854415894,1.6932203769683838,1.277197003364563,0.9575775861740112
1629795484599,0.6727455854415894,1.6924757957458496,1.277169942855835,0.9575775861740112
1629795484942,0.6727455854415894,1.7218735218048096,1.341130614280701,0.9575775861740112
1629795485052,0.6727455854415894,1.2843801975250244,1.1651664972305298,0.9575775861740112
1629795485114,0.6727455854415894,1.252611756324768,1.1554709672927856,0.9575775861740112
1629795485145,0.6727455854415894,1.2235548496246338,1.153146505355835,0.9575775861740112
1629795485192,0.6727455854415894,1.1559128761291504,1.07683527469635,0.9575775861740112
1629795485472,0.6727455854415894,1.0992525815963743,0.8930484652519226,0.9575775861740112
1629795485502,0.6727455854415894,1.3571760654449463,0.8964904546737671,0.9575775861740112
1629795485596,0.6727455854415894,1.2701911926269531,0.5612518191337585,0.9575775861740112
1629795485642,0.6727455854415894,1.2361465692520142,0.639062762260437,0.9575775861740112
1629795485752,0.6727455854415894,1.2369673252105713,0.6412310600280762,0.9575775861740112
1629795486005,0.6727455854415894,1.2376378774642944,0.6434651613235474,0.9575775861740112
1629795486053,0.6727455854415894,1.2467255592346191,0.6476061940193176,0.9575775861740112
1629795486129,0.6727455854415894,1.3809843063354492,0.663155734539032,0.9575775861740112
1629795486176,0.6727455854415894,1.3816983699798584,0.6719451546669006,0.9575775861740112
1629795486206,0.6727455854415894,1.382412075996399,0.6799642443656921,0.9575775861740112
1629795486221,0.6727455854415894,1.584404230117798,0.8932248950004578,0.9575775861740112
1629795486315,0.6727455854415894,1.628743052482605,0.8943674564361572,0.9575775861740112
1629795486378,0.6727455854415894,1.6293803453445437,0.8942040205001831,0.9575775861740112
1629795486584,0.6727455854415894,1.630646586418152,0.8971384167671204,0.9575775861740112
1629795486713,0.6727455854415894,1.631035089492798,0.8950719237327576,0.9575775861740112
1629795486838,0.6727455854415894,1.6068357229232788,0.892364501953125,0.9575775861740112
1629795486995,0.6727455854415894,1.5831594467163086,0.8900864720344543,0.9575775861740112
1629795487186,0.6727455854415894,1.5901038646697998,0.9236513376235962,0.9575775861740112
1629795487278,0.6727455854415894,1.6073951721191406,0.889427125453949,0.9575775861740112
1629795487278,0.6727455854415894,1.6070913076400757,0.8877140283584595,0.9575775861740112
1629795487419,0.6727455854415894,1.610586643218994,0.8916885256767273,0.9575775861740112
1629795487497,0.6727455854415894,1.62460458278656,0.980998396873474,0.9575775861740112
1629795487559,0.6727455854415894,1.6514415740966797,0.9776152968406676,0.9575775861740112
1629795487731,0.6727455854415894,1.650969386100769,0.9769850373268129,0.9575775861740112
1629795487763,0.6727455854415894,1.7021484375,1.0653012990951538,0.9575775861740112
1629795487903,0.6727455854415894,1.5187921524047852,0.7529009580612183,0.9575775861740112
1629795488232,0.6727455854415894,1.45639967918396,0.7582130432128906,0.9575775861740112
1629795488443,0.6727455854415894,1.4558062553405762,0.7658437490463257,0.9575775861740112
1629795488661,0.6727455854415894,1.5382581949234009,0.907455563545227,0.9575775861740112
1629795488693,0.6727455854415894,1.5375629663467407,0.9131123423576356,0.9575775861740112
1629795488771,0.6727455854415894,1.5808038711547852,0.9173160791397096,0.9575775861740112
1629795488943,0.6727455854415894,1.4774997234344482,0.9194915890693665,0.9575775861740112
1629795488989,0.6727455854415894,1.520129919052124,1.063965916633606,0.9575775861740112
1629795489036,0.6727455854415894,2.0154452323913574,1.2146873474121094,0.9575775861740112
1629795489036,0.6727455854415894,1.6749147176742554,1.0635069608688354,0.9575775861740112
1629795489396,0.6727455854415894,2.014065980911255,1.2131354808807373,0.9575775861740112
1629795489521,0.6727455854415894,2.03144645690918,1.3107346296310425,0.9575775861740112
1629795489552,0.6727455854415894,1.9934403896331787,1.310150980949402,0.9575775861740112
1629795489552,0.6727455854415894,2.0236895084381104,1.3081135749816897,0.9575775861740112
1629795489583,0.6727455854415894,2.000041246414185,1.2575604915618896,0.9575775861740112
1629795489599,0.6727455854415894,2.005258798599243,1.2821502685546875,0.9575775861740112
1629795489677,0.6727455854415894,2.0130598545074463,1.3166743516921997,0.9575775861740112
1629795489708,0.6727455854415894,2.174292802810669,1.3881651163101196,0.9575775861740112
1629795489724,0.6727455854415894,2.1898882389068604,1.3452553749084473,0.9575775861740112
1629795489739,0.6727455854415894,2.2197093963623047,1.4413671493530271,0.9575775861740112
1629795489739,0.6727455854415894,2.24136734008789,1.4693410396575928,0.9575775861740112
1629795489739,0.6727455854415894,2.2759552001953125,1.499778389930725,0.9575775861740112
1629795489786,0.6727455854415894,2.302652359008789,1.4447619915008545,0.9575775861740112
1629795489942,0.6727455854415894,2.292340040206909,1.4456177949905396,0.9575775861740112
1629795490241,0.6727455854415894,2.047100782394409,1.3495726585388184,0.9575775861740112
1629795490506,0.6727455854415894,2.047034978866577,1.3507159948349,0.9575775861740112
1629795490538,0.6727455854415894,2.0217785835266118,1.2476226091384888,0.9575775861740112
1629795490600,0.6727455854415894,2.0212857723236084,1.247145652770996,0.9575775861740112
1629795490623,0.6727455854415894,2.020473003387451,1.2493900060653689,0.9575775861740112
1629795490728,0.6727455854415894,2.0712203979492188,1.4755488634109497,0.9575775861740112
1629795490853,0.6727455854415894,2.120647430419922,1.5027867555618286,0.9575775861740112
1629795490947,0.6727455854415894,2.1742515563964844,1.564869403839111,0.9575775861740112
1629795490963,0.6727455854415894,1.6035661697387695,1.509765863418579,0.9575775861740112
1629795491290,0.6727455854415894,0.8261497616767883,1.5095933675765991,0.9575775861740112
1629795491462,0.6727455854415894,0.7379651069641113,1.4129433631896973,0.9575775861740112
1629795491727,0.6727455854415894,0.6670579314231873,1.3812637329101562,0.9575775861740112
1629795491965,0.6727455854415894,0.6082451343536377,1.351813554763794,0.9575775861740112
1629795492137,0.6727455854415894,0.560685396194458,1.3380852937698364,0.9575775861740112
1629795492248,0.6727455854415894,1.0261951684951782,1.3370630741119385,0.9575775861740112
1629795492279,0.6727455854415894,1.6010212898254397,1.4234789609909058,0.9575775861740112
1629795492326,0.6727455854415894,1.6021229028701782,1.4234929084777832,0.9575775861740112
1629795492358,0.6727455854415894,1.712124586105347,1.4218696355819702,0.9575775861740112
1629795492358,0.6727455854415894,1.7122149467468262,1.4526523351669312,0.9575775861740112
1629795492529,0.6727455854415894,1.6711540222167969,1.4856642484664917,0.9575775861740112
1629795492607,0.6727455854415894,1.6299948692321775,1.244593858718872,0.9575775861740112
1629795492701,0.6727455854415894,1.6076079607009888,1.1509441137313845,0.9575775861740112
1629795492717,0.6727455854415894,1.5962122678756714,0.9541983008384703,0.9575775861740112
1629795492795,0.6727455854415894,1.5646315813064575,0.9563227891921996,0.9575775861740112
1629795492826,0.6727455854415894,1.6760125160217283,1.0935903787612915,0.9575775861740112
1629795492826,0.6727455854415894,1.6508060693740845,0.9583680629730223,0.9575775861740112
1629795493045,0.6727455854415894,1.7452043294906616,1.3529468774795532,0.9575775861740112
1629795493123,0.6727455854415894,1.7623872756958008,1.3790582418441772,0.9575775861740112
1629795493235,0.6727455854415894,1.82057785987854,1.4145901203155518,0.9575775861740112
1629795493298,0.6727455854415894,1.8162161111831665,1.4830167293548584,0.9575775861740112
1629795493469,0.6727455854415894,1.6810821294784546,1.387852668762207,0.9575775861740112
1629795493610,0.6727455854415894,1.6808340549468994,1.3886051177978516,0.9575775861740112
1629795493954,0.6727455854415894,1.594502329826355,1.3567219972610474,0.9575775861740112
1629795494032,0.6727455854415894,1.6537210941314695,1.3274877071380615,0.9575775861740112
1629795494172,0.6727455854415894,1.6505844593048096,1.3001055717468262,0.9575775861740112
1629795494195,0.6727455854415894,1.653467893600464,1.3076213598251345,0.9575775861740112
1629795494206,0.6727455854415894,1.699803352355957,1.3066805601119995,0.9575775861740112
1629795494268,0.6727455854415894,1.7596826553344729,1.267182230949402,0.9575775861740112
1629795494393,0.6727455854415894,1.7892861366271973,1.3041675090789795,0.9575775861740112
1629795494456,0.6727455854415894,1.7338169813156128,1.303647518157959,0.9575775861740112
1629795494487,0.6727455854415894,1.7605507373809814,1.361378192901611,0.9575775861740112
1629795494612,0.6727455854415894,1.8556290864944456,1.172845482826233,0.9575775861740112
1629795494706,0.6727455854415894,1.8397414684295652,1.1396697759628296,0.9575775861740112
1629795494737,0.6727455854415894,1.7749228477478027,1.0854705572128296,0.9575775861740112
1629795494784,0.6727455854415894,1.742126703262329,1.0099505186080933,0.9575775861740112
1629795494924,0.6727455854415894,1.859220027923584,1.0523123741149902,0.9575775861740112
1629795494940,0.6727455854415894,1.887935996055603,1.1122839450836182,0.9575775861740112
1629795494988,0.6727455854415894,1.9018594026565552,1.1773972511291504,0.9575775861740112
1629795495036,0.6727455854415894,1.9243706464767456,1.2559467554092407,0.9575775861740112
1629795495052,0.6727455854415894,2.109169006347656,1.426477074623108,0.9575775861740112
1629795495130,0.6727455854415894,2.138754844665528,1.444833278656006,0.9575775861740112
1629795495208,0.6727455854415894,2.12011456489563,1.46202552318573,0.9575775861740112
1629795495271,0.6727455854415894,2.083812475204468,1.4634523391723633,0.9575775861740112
1629795495380,0.6727455854415894,2.0517241954803467,1.43917715549469,0.9575775861740112
1629795495599,0.6727455854415894,2.0218536853790283,1.4402378797531128,0.9575775861740112
1629795495989,0.6727455854415894,1.99780535697937,1.3439241647720337,0.9575775861740112
1629795496180,0.6727455854415894,1.8980562686920168,1.3438891172409058,0.9575775861740112
1629795496305,0.6727455854415894,1.9374473094940183,1.3436888456344604,0.9575775861740112
1629795496351,0.6727455854415894,1.9406684637069704,1.3558249473571775,0.9575775861740112
1629795496414,0.6727455854415894,1.940646171569824,1.3239710330963137,0.9575775861740112
1629795496430,0.6727455854415894,1.89585554599762,1.356473445892334,0.9575775861740112
1629795496586,0.6727455854415894,1.87311589717865,1.3227250576019287,0.9575775861740112
1629795496726,0.6727455854415894,1.9015523195266724,1.3658466339111328,0.9575775861740112
1629795496742,0.6727455854415894,2.011719226837158,1.3281677961349487,0.9575775861740112
1629795496773,0.6727455854415894,1.8070030212402344,1.0988874435424805,0.9575775861740112
1629795496851,0.6727455854415894,1.790606141090393,1.0413473844528198,0.9575775861740112
1629795497127,0.6727455854415894,1.782349944114685,0.9942737221717834,0.9575775861740112
1629795497169,0.6727455854415894,1.7823411226272583,0.990784466266632,0.9575775861740112
1629795497263,0.6727455854415894,1.782597541809082,0.987417459487915,0.9575775861740112
1629795497411,0.6727455854415894,1.835786819458008,0.9851418733596802,0.9575775861740112
1629795497473,0.6727455854415894,1.840355396270752,1.1458150148391724,0.9575775861740112
1629795497505,0.6727455854415894,2.0962634086608887,1.2110929489135742,0.9575775861740112
1629795497536,0.6727455854415894,2.1058506965637207,1.212903380393982,0.9575775861740112
1629795497551,0.6727455854415894,2.133497953414917,1.2876830101013184,0.9575775861740112
1629795497614,0.6727455854415894,2.152381658554077,1.3232018947601318,0.9575775861740112
1629795497848,0.6727455854415894,2.1312477588653564,1.2624411582946775,0.9575775861740112
1629795498005,0.6727455854415894,2.1302850246429443,1.2612733840942385,0.9575775861740112
1629795498047,0.6727455854415894,2.104649305343628,1.1418862342834473,0.9575775861740112
1629795498390,0.6727455854415894,1.9661962985992432,1.1039714813232422,0.9575775861740112
1629795498531,0.6727455854415894,1.9663578271865845,1.1028834581375122,0.9575775861740112
1629795498703,0.6727455854415894,1.9653745889663696,1.1019902229309082,0.9575775861740112
1629795498718,0.6727455854415894,1.9902944564819336,1.1013103723526,0.9575775861740112
1629795498828,0.6727455854415894,1.990306377410889,1.1010138988494873,0.9575775861740112
1629795499016,0.6727455854415894,1.9916017055511477,1.112724542617798,0.9575775861740112
1629795499050,0.6727455854415894,1.9523926973342896,1.1134300231933594,0.9575775861740112
1629795499082,0.6727455854415894,1.950066447257996,0.952889919281006,0.9575775861740112
1629795499177,0.6727455854415894,1.4805957078933716,0.8279181718826294,0.9575775861740112
1629795499192,0.6727455854415894,1.2851954698562622,0.8262819647789001,0.9575775861740112
1629795499223,0.6727455854415894,1.3735727071762085,0.4884474575519562,0.9575775861740112
1629795499286,0.6727455854415894,1.259284496307373,0.1844865679740905,0.9575775861740112
1629795499381,0.6727455854415894,1.264003038406372,0.2218206375837326,0.9575775861740112
1629795499459,0.6727455854415894,1.422945857048035,0.2487344890832901,0.9575775861740112
1629795499725,0.6727455854415894,1.4235318899154663,0.2659620940685272,0.9575775861740112
1629795500010,0.6727455854415894,1.4527791738510132,0.2775540351867676,0.9575775861740112
1629795500153,0.6727455854415894,1.484143614768982,0.2866382002830505,0.9575775861740112
1629795500216,0.6727455854415894,1.4154789447784424,0.3540074825286865,0.9575775861740112
1629795500262,0.6727455854415894,1.375268816947937,0.3632359504699707,0.9575775861740112
1629795500308,0.6727455854415894,1.5375701189041138,0.372980535030365,0.9575775861740112
1629795500308,0.6727455854415894,1.5701029300689695,0.8845571875572205,0.9575775861740112
1629795500458,0.6727455854415894,1.6112191677093506,0.8854337930679321,0.9575775861740112
1629795500617,0.6727455854415894,1.6520932912826538,0.8676649332046509,0.9575775861740112
1629795500638,0.6727455854415894,1.765530347824097,1.122772455215454,0.9575775861740112
1629795500648,0.6727455854415894,1.7649109363555908,1.1211044788360596,0.9575775861740112
1629795500694,0.6727455854415894,1.6895285844802856,1.1178152561187744,0.9575775861740112
1629795500711,0.6727455854415894,1.6879281997680664,1.113236904144287,0.9575775861740112
1629795500756,0.6727455854415894,1.68565571308136,1.1087074279785156,0.9575775861740112
1629795501010,0.6727455854415894,1.5758733749389648,1.1607732772827148,0.9575775861740112
1629795501072,0.6727455854415894,1.6256132125854492,1.224418044090271,0.9575775861740112
1629795501199,0.6727455854415894,1.6256132125854492,1.226606369018555,0.9575775861740112
1629795501243,0.6727455854415894,1.6256132125854492,1.2274376153945925,0.9575775861740112
1629795501291,0.6727455854415894,1.7174227237701416,1.342201828956604,0.9575775861740112
1629795501339,0.6727455854415894,1.6897025108337402,1.3419568538665771,0.9575775861740112
1629795501365,0.6727455854415894,1.5709363222122192,1.3742130994796753,0.9575775861740112
1629795501443,0.6727455854415894,1.5259101390838623,1.255947470664978,0.9575775861740112
1629795501489,0.6727455854415894,1.4851815700531006,1.2554010152816772,0.9575775861740112
1629795501918,0.6727455854415894,1.448108196258545,1.2551088333129885,0.9575775861740112
1629795502021,0.6727455854415894,1.385154128074646,1.0821465253829956,0.9575775861740112
1629795502319,0.6727455854415894,1.3846029043197632,1.0827512741088867,0.9575775861740112
1629795502651,0.6727455854415894,1.3837519884109497,1.0834630727767944,0.9575775861740112
1629795502808,0.6727455854415894,1.382694125175476,1.083735704421997,0.9575775861740112
1629795502823,0.6727455854415894,1.3816298246383667,1.0834150314331057,0.9575775861740112
1629795502918,0.6727455854415894,1.426877498626709,1.0269775390625,0.9575775861740112
1629795502949,0.6727455854415894,1.4363774061203003,0.9531957507133484,0.9575775861740112
1629795502964,0.6727455854415894,1.5273867845535278,0.999058723449707,0.9575775861740112
1629795502980,0.6727455854415894,1.498539924621582,0.9977477192878724,0.9575775861740112
1629795502994,0.6727455854415894,1.456676959991455,0.8314449787139893,0.9575775861740112
1629795503119,0.6727455854415894,1.6963876485824585,0.8365368843078613,0.9575775861740112
1629795503150,0.6727455854415894,1.6852160692214966,0.7353225946426392,0.9575775861740112
1629795503346,0.6727455854415894,1.6851062774658203,0.7375943064689636,0.9575775861740112
1629795503360,0.6727455854415894,1.7586113214492798,1.0242271423339844,0.9575775861740112
1629795503480,0.6727455854415894,1.758457064628601,1.0252931118011477,0.9575775861740112
1629795503652,0.6727455854415894,1.7159489393234253,1.0371475219726562,0.9575775861740112
1629795503734,0.6727455854415894,1.7933183908462524,1.0412262678146362,0.9575775861740112
1629795503830,0.6727455854415894,1.8090184926986692,1.0425535440444946,0.9575775861740112
1629795503846,0.6727455854415894,1.8387776613235476,1.0453362464904783,0.9575775861740112
1629795504098,0.6727455854415894,1.8707661628723145,1.049259066581726,0.9575775861740112
1629795504240,0.6727455854415894,1.8793375492095947,1.0672659873962402,0.9575775861740112
1629795504334,0.6727455854415894,1.900367259979248,1.0586572885513306,0.9575775861740112
1629795504462,0.6727455854415894,1.8796920776367188,1.0209389925003052,0.9575775861740112
1629795504606,0.6727455854415894,1.9247536659240725,1.026000738143921,0.9575775861740112
1629795504656,0.6727455854415894,1.8720234632492063,0.927665650844574,0.9575775861740112
1629795504689,0.6727455854415894,1.6557258367538452,0.981857419013977,0.9575775861740112
1629795504764,0.6727455854415894,1.6759145259857178,0.9675294160842896,0.9575775861740112
1629795504778,0.6727455854415894,1.7939860820770264,1.181920051574707,0.9575775861740112
1629795504830,0.6727455854415894,1.6768591403961182,1.006266474723816,0.9575775861740112
1629795504903,0.6727455854415894,1.6814677715301514,1.017046570777893,0.9575775861740112
1629795504935,0.6727455854415894,1.6779028177261353,1.006220817565918,0.9575775861740112
1629795505014,0.6727455854415894,1.5142419338226318,1.0483578443527222,0.9575775861740112
1629795505049,0.6727455854415894,1.461264967918396,1.0505971908569336,0.9575775861740112
1629795505257,0.6727455854415894,1.4169373512268066,1.0519782304763794,0.9575775861740112
1629795505336,0.6727455854415894,1.3764299154281616,1.0516674518585205,0.9575775861740112
1629795505462,0.6727455854415894,1.3391404151916504,1.0240652561187744,0.9575775861740112
1629795505651,0.6727455854415894,1.4236305952072144,1.1889183521270752,0.9575775861740112
1629795505825,0.6727455854415894,1.3917405605316162,1.1837748289108276,0.9575775861740112
1629795505841,0.6727455854415894,1.3621000051498413,1.196000337600708,0.9575775861740112
1629795505878,0.6727455854415894,1.3664302825927734,1.2007603645324707,0.9575775861740112
1629795505997,0.6727455854415894,1.2664042711257937,1.1666477918624878,0.9575775861740112
1629795506076,0.6727455854415894,1.2268792390823364,1.1656447649002075,0.9575775861740112
1629795506311,0.6727455854415894,1.093313694000244,0.9379671812057496,0.9575775861740112
1629795506452,0.6727455854415894,1.0901795625686646,0.9352940320968628,0.9575775861740112
1629795506563,0.6727455854415894,1.080755591392517,0.9215334057807922,0.9575775861740112
1629795506673,0.6070701479911804,1.0807093381881714,0.9199472665786744,0.9575775861740112
1629795506782,0.6123455762863159,1.0371230840682983,0.8557701110839844,0.9575775861740112
1629795506922,0.5996991395950317,1.1603151559829712,0.8500642776489258,0.9575775861740112
1629795507032,0.5712525248527527,1.1599326133728027,0.8449731469154358,0.9575775861740112
1629795507096,0.5399530529975891,1.1600862741470337,0.8425537943840027,0.9575775861740112
1629795507239,0.5399530529975891,1.1799075603485107,0.8801361918449402,0.9575775861740112
1629795507255,0.5399530529975891,0.9846614003181458,0.3607289493083954,0.9575775861740112
1629795507348,0.5399530529975891,0.9886429905891418,0.367188811302185,0.9575775861740112
1629795507395,0.5399530529975891,1.0019267797470093,0.3051603138446808,0.9575775861740112
1629795507442,0.5399530529975891,1.2244477272033691,0.2391852885484695,0.9575775861740112
1629795507505,0.5399530529975891,1.6834231615066528,0.2257102131843567,0.9575775861740112
1629795507567,0.5399530529975891,1.6832225322723389,0.2243298292160034,0.9575775861740112
1629795507676,0.5471600294113159,1.67657732963562,0.2187184393405914,0.9575775861740112
1629795507913,0.5379940867424011,1.6761672496795654,0.2117539793252945,0.9575775861740112
1629795507975,0.5104220509529114,1.6757906675338743,0.2119204401969909,0.9575775861740112
1629795507991,0.4605332612991333,1.67559552192688,0.2258417308330536,0.9575775861740112
1629795508116,0.4605332612991333,1.6756572723388672,0.2522080838680267,0.9575775861740112
1629795508182,0.4605332612991333,1.6578859090805054,0.5471673011779785,0.9575775861740112
1629795508275,0.4605332612991333,1.849347472190857,0.8626097440719604,0.9575775861740112
1629795508525,0.4605332612991333,1.8860151767730715,0.8649768829345703,0.9575775861740112
1629795508557,0.4605332612991333,1.882396459579468,0.8271164894104004,0.9575775861740112
1629795508650,0.4605332612991333,1.892454743385315,0.9217363595962524,0.9575775861740112
1629795509088,0.4605332612991333,1.8922364711761477,0.9245342016220092,0.9575775861740112
1629795509135,0.4605332612991333,1.8908511400222776,0.9150158166885376,0.9575775861740112
1629795509200,0.4605332612991333,1.8643267154693604,1.0320857763290403,0.9575775861740112
1629795509263,0.4605332612991333,1.6196930408477783,1.0356251001358032,0.9575775861740112
1629795509279,0.4605332612991333,1.6201834678649902,1.0383716821670532,0.9575775861740112
1629795509357,0.4605332612991333,1.628909945487976,1.041235327720642,0.9575775861740112
1629795509357,0.4605332612991333,1.5990071296691897,1.040207028388977,0.9575775861740112
1629795509372,0.4605332612991333,1.6609259843826294,1.0411081314086914,0.9575775861740112
1629795509419,0.4605332612991333,1.6952852010726929,1.0393245220184326,0.9575775861740112
1629795509544,0.4605332612991333,1.7323920726776123,1.0358072519302368,0.9575775861740112
1629795509685,0.4605332612991333,1.7132196426391602,0.9605631232261658,0.9575775861740112
1629795509934,0.4605332612991333,1.2378531694412231,0.7286639213562012,0.9575775861740112
1629795510027,0.4605332612991333,0.9456176161766052,0.7218838930130005,0.9575775861740112
1629795510089,0.4605332612991333,0.9474177956581116,0.7165423631668091,0.9575775861740112
1629795510359,0.4605332612991333,0.8129280209541321,0.547011137008667,0.9575775861740112
1629795510609,0.4605332612991333,0.821363627910614,0.5378605127334595,0.9575775861740112
1629795510624,0.4605332612991333,1.3770029544830322,0.7537434697151184,0.9575775861740112
1629795510687,0.4605332612991333,1.35754132270813,0.6921595931053162,0.9575775861740112
1629795510765,0.4605332612991333,1.3562157154083252,0.6884270906448364,0.9575775861740112
1629795510984,0.4605332612991333,1.3965613842010498,0.6867202520370483,0.9575775861740112
1629795511046,0.4605332612991333,1.5430346727371216,0.8555245399475098,0.9575775861740112
1629795511156,0.4605332612991333,1.6611311435699463,0.8521242737770081,0.9575775861740112
1629795511156,0.4605332612991333,1.5523768663406372,0.8542159795761108,0.9575775861740112
1629795511234,0.4605332612991333,1.629151701927185,0.8500823378562927,0.9575775861740112
1629795511363,0.4605332612991333,1.5994609594345093,0.8489195704460144,0.9575775861740112
1629795511425,0.4605332612991333,1.7226781845092771,0.8489738702774048,0.9575775861740112
1629795511472,0.4605332612991333,1.7656234502792358,0.967052400112152,0.9575775861740112
1629795511488,0.4605332612991333,1.834635615348816,0.9682177901268004,0.9575775861740112
1629795511566,0.4605332612991333,1.83417284488678,0.96955007314682,0.9575775861740112
1629795511566,0.4605332612991333,1.8693822622299197,0.9713439345359802,0.9575775861740112
1629795511613,0.4605332612991333,1.8685035705566408,0.974280059337616,0.9575775861740112
1629795511847,0.4605332612991333,1.8346251249313357,0.8581700325012207,0.9575775861740112
1629795512115,0.4605332612991333,1.8256471157073972,0.7444035410881042,0.9575775861740112
1629795512318,0.4605332612991333,1.8255831003189087,0.750235378742218,0.9575775861740112
1629795512412,0.4605332612991333,1.8146655559539795,0.7532426118850708,0.9575775861740112
1629795512490,0.4605332612991333,1.7499715089797974,0.5267502069473267,0.9575775861740112
1629795512537,0.4605332612991333,1.8343483209609983,0.9129875898361206,0.9575775861740112
1629795512537,0.4605332612991333,1.83143162727356,1.1361923217773438,0.9575775861740112
1629795512584,0.4605332612991333,1.831663489341736,1.1363153457641602,0.9575775861740112
1629795512584,0.4605332612991333,1.851150751113892,1.2246804237365725,0.9575775861740112
1629795512818,0.4605332612991333,1.7630224227905271,1.224489450454712,0.9575775861740112
1629795513023,0.4605332612991333,1.719846248626709,1.1634223461151123,0.9575775861740112
1629795513055,0.4605332612991333,1.6274805068969729,1.1630228757858276,0.9575775861740112
1629795513148,1.375554442405701,1.6278525590896606,1.1624518632888794,0.9575775861740112
1629795513195,1.375554442405701,1.563829779624939,1.1612902879714966,0.9575775861740112
1629795513336,1.375554442405701,1.5641283988952637,1.1588846445083618,0.9575775861740112
1629795513430,1.375554442405701,1.588756799697876,1.3717505931854248,0.9575775861740112
1629795513586,1.375554442405701,1.604532241821289,1.4001078605651855,0.9575775861740112
1629795513601,1.375554442405701,1.6046442985534668,1.3978904485702517,0.9575775861740112
1629795513773,1.375554442405701,1.6113049983978271,1.4068808555603027,0.9575775861740112
1629795514087,1.375554442405701,1.611526370048523,1.4447141885757446,0.9575775861740112
1629795514306,1.375554442405701,1.4152406454086304,1.3619028329849243,0.9575775861740112
1629795514306,1.375554442405701,1.1866143941879272,1.243339776992798,0.9575775861740112
1629795514478,1.375554442405701,1.188590168952942,1.243784785270691,0.9575775861740112
1629795514509,1.375554442405701,1.129390835762024,1.192776799201965,0.9575775861740112
1629795514618,1.375554442405701,1.1405173540115356,1.197884202003479,0.9575775861740112
1629795514728,1.375554442405701,1.169153928756714,1.2266204357147217,0.9575775861740112
1629795514743,1.375554442405701,1.2331416606903076,1.2912321090698242,0.9575775861740112
1629795514743,1.375554442405701,1.1998815536499023,1.2576148509979248,0.9575775861740112
1629795514790,1.375554442405701,1.2702021598815918,1.3125616312026978,0.9575775861740112
1629795514790,1.375554442405701,1.269546389579773,1.3117588758468628,0.9575775861740112
1629795515024,1.375554442405701,1.0819463729858398,0.9555301666259766,0.9575775861740112
1629795515105,1.375554442405701,0.9886423349380492,0.8392436504364014,0.9575775861740112
1629795515183,1.375554442405701,0.993339776992798,0.8412646055221558,0.9575775861740112
1629795515198,1.375554442405701,0.9549229741096495,0.7917968034744263,0.9575775861740112
1629795515433,1.375554442405701,0.9929271936416626,1.397282958030701,0.9575775861740112
1629795515542,1.375554442405701,1.030132293701172,1.4946283102035522,0.9575775861740112
1629795515636,1.375554442405701,1.0764241218566897,1.4947179555892944,0.9575775861740112
1629795515667,1.375554442405701,1.0761849880218506,1.494360327720642,0.9575775861740112
1629795515729,1.375554442405701,1.0044161081314087,1.4754061698913574,0.9575775861740112
1629795515745,1.375554442405701,0.9789610505104064,1.4715696573257446,0.9575775861740112
1629795515761,1.375554442405701,1.1924973726272583,1.4491643905639648,0.9575775861740112
1629795515776,1.375554442405701,1.1481225490570068,1.4173845052719116,0.9575775861740112
1629795515792,1.375554442405701,1.1374512910842896,1.388164758682251,0.9575775861740112
1629795515870,1.375554442405701,1.101466417312622,1.3751658201217651,0.9575775861740112
1629795515979,1.375554442405701,1.1008027791976929,1.3759992122650146,0.9575775861740112
1629795516231,1.375554442405701,0.997258722782135,1.377017855644226,0.9575775861740112
1629795516294,1.0449659824371338,0.9972355961799622,1.3776953220367432,0.9575775861740112
1629795516403,1.0449659824371338,0.9926064014434814,1.3779847621917725,0.9575775861740112
1629795516403,1.0449659824371338,0.9922028183937072,1.3781579732894895,0.9575775861740112
1629795516450,1.0449659824371338,0.9596582651138306,0.8153656721115112,0.9575775861740112
1629795516685,1.0449659824371338,1.0707746744155884,0.6566479206085205,0.9575775861740112
1629795516888,1.0449659824371338,1.0436774492263794,0.66828453540802,0.9575775861740112
1629795516919,1.0449659824371338,1.0415704250335691,0.6801286935806274,0.9575775861740112
1629795516934,1.0449659824371338,1.0358256101608276,0.6807676553726196,0.9575775861740112
1629795516997,1.0449659824371338,1.034737229347229,0.6884702444076538,0.9575775861740112
1629795517013,1.0449659824371338,0.8211243748664856,0.6346257328987122,0.9575775861740112
1629795517265,1.0449659824371338,0.8225653767585754,0.6460613012313843,0.9575775861740112
1629795517499,1.0449659824371338,0.7782518863677979,0.6555326581001282,0.9575775861740112
1629795517546,1.0449659824371338,0.7777323126792908,0.6598514914512634,0.9575775861740112
1629795517577,1.0449659824371338,0.7770818471908569,0.6589029431343079,0.9575775861740112
1629795517812,1.0449659824371338,0.5668319463729858,0.6562952399253845,0.9575775861740112
1629795517905,1.0449659824371338,0.5699455738067627,0.6565111875534058,1.2424169778823853
1629795517968,0.9360983967781068,0.5753520131111145,0.6617810726165771,1.312034249305725
1629795518093,0.9073792099952698,0.5815125107765198,0.6700475215911865,1.354843020439148
1629795518187,0.8878222107887268,0.5865956544876099,0.6758558750152588,1.3758153915405271
1629795518236,0.8694679737091064,-0.0646430924534797,0.2544427812099457,1.3820511102676392
1629795518345,0.845678448677063,-0.0598342455923557,0.229966253042221,1.3803207874298096
1629795518361,0.8157373666763306,-0.0629320964217186,0.1956676840782165,1.3757572174072266
1629795518517,0.7825374007225037,-0.0752484127879142,0.1669431775808334,1.3691065311431885
1629795518642,0.7516194581985474,-0.095961183309555,0.1489349901676178,1.3594601154327393
1629795518767,0.7284334301948547,-0.1178702041506767,0.1334644854068756,1.3499903678894043
1629795518955,0.7150261402130127,-0.1281613707542419,0.1155185252428054,1.3505971431732178
1629795519048,0.7095642685890198,-0.1196894124150276,0.1007441729307174,1.3676859140396118
1629795519111,0.7061788439750671,-0.1004206463694572,0.0965083315968513,1.4122449159622192
1629795519173,0.6629549264907837,-0.0839218720793724,0.1006918922066688,1.4569116830825806
1629795519189,0.6157032251358032,-0.0782747492194175,0.1023410558700561,1.4863758087158203
1629795519204,0.5889979004859924,-0.0838381350040435,0.0919639393687248,1.4961040019989014
1629795519329,0.5694288611412048,-0.0960250943899154,0.0651599168777465,1.4936668872833252
1629795519376,0.5478368401527405,-0.1086627095937728,0.022809948772192,1.4915732145309448
1629795519517,0.5199616551399231,-0.1198982447385788,-0.0260961502790451,1.4921507835388184
1629795519767,0.4904484450817108,-0.1330787688493728,-0.061990063637495,1.4974201917648315
1629795519829,0.472076416015625,-0.1518564373254776,-0.0658096820116043,1.5075939893722534
1629795519845,0.7734841108322144,-0.1726165860891342,-0.0402131639420986,1.5217783451080322
1629795519892,0.8667173385620117,-0.1873121410608291,-0.0091357911005616,1.5408934354782104
1629795519986,0.8938560485839844,-0.1935785114765167,0.0070565077476203,1.5674357414245603
1629795520129,0.8997081518173218,-0.1967448592185974,0.0049667111597955,1.586781620979309
1629795520238,0.8959697484970093,-0.199569895863533,-0.0101995328441262,1.5938563346862793
1629795520317,0.9200493097305298,-0.1956442445516586,-0.0329786948859691,1.5991008281707764
1629795520504,0.9474472999572754,-0.1695568114519119,-0.0592131689190864,1.5818408727645874
1629795520566,0.9866307973861694,-0.1182705089449882,-0.0735868662595748,1.5434904098510742
1629795520738,1.0454338788986206,-0.0608192645013332,-0.0599013604223728,1.497066855430603
1629795520895,1.0454338788986206,-0.021103449165821,-0.023597115650773,1.497066855430603
1629795521035,1.0454338788986206,-0.0078044799156486,0.014916343614459,1.497066855430603
1629795521131,1.0454338788986206,-0.0154506079852581,0.0445706211030483,1.497066855430603
1629795521272,1.0454338788986206,-0.0308781657367944,0.0668546631932258,1.497066855430603
1629795521319,1.0454338788986206,-0.0411528386175632,0.0835837349295616,1.274685025215149
1629795521413,1.0454338788986206,-0.0400279872119426,0.0903821140527725,1.2478135824203491
1629795521459,0.7843557596206665,-0.0294110309332609,0.0857776254415512,1.2503957748413086
1629795521553,0.5538398027420044,-0.0130562214180827,0.0779886543750763,1.2573461532592771
1629795521709,0.4317876100540161,0.0085605960339307,0.0783365964889526,1.256301999092102
1629795521897,0.4163838624954223,0.034164372831583,0.0884975641965866,1.213393211364746
1629795521991,0.4163838624954223,0.0566353909671306,0.1004503741860389,1.1589572429656982
1629795522102,0.4163838624954223,0.067641369998455,0.1057169139385223,1.1589572429656982
1629795522306,0.4163838624954223,0.0627966374158859,0.1017027348279953,1.1589572429656982
1629795522384,0.4163838624954223,0.0456279031932354,0.0852998197078704,1.1589572429656982
1629795522431,0.4163838624954223,0.0239575896412134,0.0530722625553607,1.1589572429656982
1629795522540,0.4163838624954223,0.0084402151405811,0.0083339558914303,1.1589572429656982
1629795522540,0.4163838624954223,0.0061417021788656,-0.0343415662646293,1.1589572429656982
1629795522680,0.4163838624954223,0.0134073756635189,-0.058644238859415,1.1589572429656982
1629795522774,0.4163838624954223,0.021393246948719,-0.0640045180916786,1.192406177520752
1629795523153,0.4163838624954223,0.025304002687335,-0.0644130483269691,1.237106204032898
1629795523388,0.4163838624954223,0.0316395238041877,-0.0658043473958969,1.237106204032898
1629795523497,0.4163838624954223,0.0507210530340671,-0.0556953214108943,1.237106204032898
1629795523638,0.4163838624954223,0.082396849989891,-0.0193614736199378,1.237106204032898
1629795523669,0.4163838624954223,0.4652524292469024,-0.0279151424765586,1.237106204032898
1629795523684,0.4163838624954223,0.4715785682201385,-0.0422710739076137,1.237106204032898
1629795523981,0.4163838624954223,0.4815369248390198,-0.0554789006710052,1.237106204032898
1629795523997,0.4163838624954223,0.98856782913208,-0.0572019107639789,1.237106204032898
1629795524012,0.4163838624954223,1.014245629310608,-0.043875116854906,1.237106204032898
1629795524218,0.4163838624954223,1.0418425798416138,-0.0204529836773872,1.237106204032898
1629795524390,0.4163838624954223,1.0721274614334106,0.0094747366383671,1.237106204032898
1629795524671,0.4163838624954223,1.1061935424804688,0.0458508171141147,1.237106204032898
1629795524890,0.4163838624954223,1.1446975469589231,0.0853000283241272,1.237106204032898
1629795525046,0.4163838624954223,1.188030481338501,0.1201192513108253,1.237106204032898
1629795525345,0.4163838624954223,1.2367955446243286,0.1483737677335739,1.237106204032898
1629795525361,0.4163838624954223,1.292227029800415,0.1483737677335739,1.237106204032898
1629795525376,0.4163838624954223,1.3558794260025024,0.1483737677335739,1.237106204032898
1629795525392,0.4163838624954223,1.4302574396133425,0.1483737677335739,1.237106204032898
1629795525423,0.4163838624954223,1.520639181137085,0.1483737677335739,1.237106204032898
1629795525564,0.4163838624954223,1.520639181137085,0.1483737677335739,1.237106204032898
1629795525611,0.4163838624954223,1.520639181137085,0.1483737677335739,1.237106204032898
1629795525657,0.4163838624954223,1.520639181137085,0.1483737677335739,1.237106204032898
1629795525657,0.4163838624954223,1.520639181137085,0.1483737677335739,1.237106204032898
1629795525970,0.4163838624954223,1.520639181137085,0.1483737677335739,1.237106204032898
1629795526222,0.4163838624954223,1.520639181137085,0.1483737677335739,1.237106204032898
1629795526222,0.4163838624954223,1.520639181137085,0.1483737677335739,1.237106204032898
1629795526269,0.4163838624954223,1.520639181137085,0.1483737677335739,1.237106204032898
1629795526394,0.4163838624954223,1.520639181137085,0.1483737677335739,1.237106204032898
1629795526769,0.4163838624954223,1.520639181137085,0.1483737677335739,1.237106204032898
1629795526863,0.4163838624954223,1.520639181137085,0.1483737677335739,1.237106204032898
1629795527240,0.4163838624954223,1.520639181137085,0.1483737677335739,1.237106204032898
1629795527271,0.4163838624954223,1.520639181137085,0.1483737677335739,1.237106204032898
1629795527302,0.4163838624954223,1.520639181137085,0.1483737677335739,1.237106204032898
1629795527318,0.4163838624954223,1.520639181137085,0.1483737677335739,1.237106204032898
1629795527318,0.4163838624954223,1.520639181137085,0.1483737677335739,1.237106204032898
1629795527334,0.4163838624954223,1.520639181137085,0.1483737677335739,1.237106204032898
1629795527740,0.4163838624954223,1.520639181137085,0.1483737677335739,1.237106204032898
1629795527771,0.4163838624954223,1.520639181137085,0.1483737677335739,1.237106204032898
1629795527802,0.4163838624954223,1.520639181137085,0.1483737677335739,1.237106204032898
1629795527834,0.4163838624954223,1.520639181137085,0.1483737677335739,1.237106204032898
1629795527880,0.4163838624954223,1.520639181137085,0.1483737677335739,1.237106204032898
1629795527896,0.4163838624954223,1.520639181137085,0.1483737677335739,1.237106204032898
1629795527927,0.4163838624954223,1.520639181137085,0.1483737677335739,1.237106204032898
1629795527943,0.4163838624954223,1.520639181137085,0.1483737677335739,1.237106204032898
1629795527974,0.4163838624954223,1.520639181137085,0.1483737677335739,1.237106204032898
1629795528083,0.4163838624954223,1.520639181137085,0.1483737677335739,1.237106204032898
1629795528099,0.4163838624954223,1.520639181137085,0.1483737677335739,1.237106204032898
1629795528146,0.4163838624954223,1.520639181137085,0.1483737677335739,1.237106204032898
1629795528177,0.4163838624954223,1.520639181137085,0.1483737677335739,1.237106204032898
1629795528193,0.4163838624954223,1.520639181137085,0.1483737677335739,1.237106204032898
1629795528208,0.4163838624954223,1.520639181137085,0.1483737677335739,1.237106204032898
1629795528255,0.4163838624954223,1.520639181137085,0.1483737677335739,1.237106204032898
1629795528427,0.4163838624954223,1.520639181137085,0.1483737677335739,1.237106204032898
1629795528521,0.4163838624954223,1.520639181137085,0.1483737677335739,1.237106204032898
1629795528740,0.4163838624954223,1.520639181137085,0.1483737677335739,1.237106204032898
1629795528802,0.4163838624954223,1.520639181137085,0.1483737677335739,1.237106204032898
1629795528833,0.4163838624954223,1.520639181137085,0.1483737677335739,1.237106204032898
1629795528865,0.4163838624954223,1.520639181137085,0.1483737677335739,1.237106204032898
1629795529012,0.4163838624954223,1.520639181137085,0.1483737677335739,1.237106204032898
1629795529027,0.4163838624954223,1.520639181137085,0.1483737677335739,1.237106204032898
1629795529063,0.4163838624954223,1.520639181137085,0.1483737677335739,1.237106204032898
1629795529108,0.4163838624954223,1.520639181137085,0.1483737677335739,1.237106204032898
1629795529230,0.4163838624954223,1.520639181137085,0.1483737677335739,1.237106204032898
1629795529324,0.4163838624954223,1.520639181137085,0.1483737677335739,1.237106204032898
1629795529324,0.4163838624954223,1.520639181137085,0.1483737677335739,1.237106204032898
1629795529402,0.4163838624954223,1.520639181137085,0.1483737677335739,1.237106204032898
1629795529778,0.4163838624954223,1.520639181137085,0.1483737677335739,1.237106204032898
1629795529980,0.4163838624954223,1.520639181137085,0.1483737677335739,1.237106204032898
1629795530045,0.4163838624954223,1.520639181137085,0.1483737677335739,1.237106204032898
1629795530201,0.4163838624954223,1.520639181137085,0.1483737677335739,1.237106204032898
1629795530443,0.4163838624954223,1.520639181137085,0.1483737677335739,1.237106204032898
1629795530553,0.4163838624954223,1.520639181137085,0.1483737677335739,1.237106204032898
1629795530602,0.4163838624954223,1.520639181137085,0.1483737677335739,1.237106204032898
1629795530855,0.4163838624954223,1.520639181137085,0.1483737677335739,1.237106204032898
1629795531061,0.4163838624954223,1.520639181137085,0.1483737677335739,1.237106204032898
1629795531204,0.4163838624954223,1.520639181137085,0.1483737677335739,1.237106204032898
1629795531364,0.4163838624954223,1.520639181137085,0.1483737677335739,1.237106204032898
1629795531395,0.4163838624954223,1.520639181137085,0.1483737677335739,1.237106204032898
1629795531427,0.4163838624954223,1.520639181137085,0.1483737677335739,1.237106204032898
1629795531507,0.4163838624954223,1.520639181137085,0.1483737677335739,1.237106204032898
1629795531540,0.4163838624954223,1.520639181137085,0.1483737677335739,1.237106204032898
1629795531552,0.4163838624954223,1.520639181137085,0.1483737677335739,1.237106204032898
1629795531600,0.4163838624954223,1.520639181137085,0.1483737677335739,1.237106204032898
1629795531743,0.4163838624954223,1.520639181137085,0.1483737677335739,1.237106204032898
1629795531838,0.4163838624954223,1.520639181137085,0.1483737677335739,1.237106204032898
1629795532046,0.4163838624954223,1.520639181137085,0.1483737677335739,1.237106204032898
1629795532139,0.4163838624954223,1.520639181137085,0.1483737677335739,1.237106204032898
1629795532264,0.4163838624954223,1.520639181137085,0.1483737677335739,1.237106204032898
1629795532407,0.4163838624954223,1.520639181137085,0.1483737677335739,1.237106204032898
1629795532438,0.4163838624954223,1.520639181137085,0.1483737677335739,1.237106204032898
1629795532582,0.4163838624954223,1.520639181137085,0.1483737677335739,1.237106204032898
1629795532646,0.4163838624954223,1.520639181137085,0.1483737677335739,1.237106204032898
1629795532674,0.4163838624954223,1.520639181137085,0.1483737677335739,1.237106204032898
1629795532704,0.4163838624954223,1.520639181137085,0.1483737677335739,1.237106204032898
1629795532721,0.4163838624954223,1.520639181137085,0.1483737677335739,1.237106204032898
1629795532870,0.4163838624954223,1.520639181137085,0.1483737677335739,1.237106204032898
1629795532881,0.4163838624954223,1.520639181137085,0.1483737677335739,1.237106204032898
1629795533052,0.4163838624954223,1.520639181137085,0.1483737677335739,1.237106204032898
1629795533303,0.4163838624954223,1.520639181137085,0.1483737677335739,1.237106204032898
1629795533318,0.4163838624954223,1.520639181137085,0.1483737677335739,1.237106204032898
1629795533381,0.4163838624954223,1.520639181137085,0.1483737677335739,1.237106204032898
1629795533396,0.4163838624954223,1.520639181137085,0.1483737677335739,1.237106204032898
1629795533481,0.4163838624954223,1.520639181137085,0.1483737677335739,1.237106204032898
1629795533554,0.4163838624954223,1.520639181137085,0.1483737677335739,1.237106204032898
1629795533770,0.4163838624954223,1.520639181137085,0.1483737677335739,1.237106204032898
1629795533786,0.4163838624954223,1.520639181137085,0.1483737677335739,1.237106204032898
1629795533974,0.4163838624954223,1.520639181137085,0.1483737677335739,1.237106204032898
1629795534096,0.4163838624954223,1.520639181137085,0.1483737677335739,1.237106204032898
1629795534284,0.4163838624954223,1.520639181137085,0.1483737677335739,1.237106204032898
1629795534495,0.4163838624954223,1.520639181137085,0.1483737677335739,1.237106204032898
1629795534510,0.4163838624954223,1.520639181137085,0.1483737677335739,1.237106204032898
1629795534526,0.4163838624954223,1.520639181137085,0.1483737677335739,1.237106204032898
1629795534573,0.4163838624954223,1.520639181137085,0.1483737677335739,1.237106204032898
1629795534682,0.4163838624954223,1.520639181137085,0.1483737677335739,1.237106204032898
1629795535063,0.4163838624954223,1.520639181137085,0.1483737677335739,1.237106204032898
1629795535157,0.4163838624954223,1.520639181137085,0.1483737677335739,1.237106204032898
1629795535172,0.4163838624954223,1.520639181137085,0.1483737677335739,1.237106204032898
1629795535540,0.4163838624954223,1.520639181137085,0.1483737677335739,1.237106204032898
1629795535602,0.4163838624954223,1.520639181137085,0.1483737677335739,1.237106204032898
1629795535899,0.4163838624954223,1.520639181137085,0.1483737677335739,1.237106204032898
1629795536156,0.4163838624954223,1.520639181137085,0.1483737677335739,1.237106204032898
1629795536172,0.4163838624954223,1.520639181137085,0.1483737677335739,1.237106204032898
1629795536283,0.4163838624954223,1.520639181137085,0.1483737677335739,1.237106204032898
1629795536466,0.4163838624954223,1.520639181137085,0.1483737677335739,1.237106204032898
1629795536611,0.4163838624954223,1.520639181137085,0.1483737677335739,1.237106204032898
1629795536612,0.4163838624954223,1.520639181137085,0.1483737677335739,1.237106204032898
1629795536640,0.4163838624954223,1.520639181137085,0.1483737677335739,1.237106204032898
1629795536655,0.4163838624954223,1.520639181137085,0.1483737677335739,1.237106204032898
1629795536792,0.4163838624954223,1.520639181137085,0.1483737677335739,1.237106204032898
1629795536870,0.4163838624954223,1.520639181137085,0.1483737677335739,1.237106204032898
1629795536902,0.4163838624954223,1.520639181137085,0.1483737677335739,1.237106204032898
1629795536983,0.4163838624954223,1.520639181137085,0.1483737677335739,1.237106204032898
1629795536983,0.4163838624954223,1.520639181137085,0.1483737677335739,1.237106204032898
1629795537095,0.4163838624954223,1.520639181137085,0.1483737677335739,1.237106204032898
1629795537127,0.4163838624954223,1.520639181137085,0.1483737677335739,1.237106204032898
1629795537158,0.4163838624954223,1.520639181137085,0.1483737677335739,1.237106204032898
1629795537189,0.4163838624954223,1.520639181137085,0.1483737677335739,1.237106204032898
1629795537236,0.4163838624954223,1.520639181137085,0.1483737677335739,1.237106204032898
1629795537298,0.4163838624954223,1.520639181137085,0.1483737677335739,1.237106204032898
1629795537377,0.4163838624954223,1.520639181137085,0.1483737677335739,1.237106204032898
1629795537408,0.4163838624954223,1.520639181137085,0.1483737677335739,1.237106204032898
1629795537582,0.4163838624954223,1.520639181137085,0.1483737677335739,1.237106204032898
1629795537676,0.4163838624954223,1.520639181137085,0.1483737677335739,1.237106204032898
1629795537740,0.4163838624954223,1.520639181137085,0.1483737677335739,1.237106204032898
1629795537838,0.4163838624954223,1.520639181137085,0.1483737677335739,1.237106204032898
1629795537881,0.4163838624954223,1.520639181137085,0.1483737677335739,1.237106204032898
1629795538244,0.4163838624954223,1.520639181137085,0.1483737677335739,1.237106204032898
1629795538264,0.4163838624954223,1.520639181137085,0.1483737677335739,1.237106204032898
1629795538322,0.4163838624954223,1.520639181137085,0.1483737677335739,1.237106204032898
1629795538512,0.4163838624954223,1.520639181137085,0.1483737677335739,1.237106204032898
1629795538884,0.4163838624954223,1.520639181137085,0.1483737677335739,1.237106204032898
1629795539248,0.4163838624954223,1.520639181137085,0.1483737677335739,1.237106204032898
1629795539338,0.4163838624954223,1.520639181137085,0.1483737677335739,1.237106204032898
1629795539344,0.4163838624954223,1.520639181137085,0.1483737677335739,1.237106204032898
1629795539392,0.4163838624954223,1.520639181137085,0.1483737677335739,1.237106204032898
1629795539396,0.4163838624954223,1.520639181137085,0.1483737677335739,1.237106204032898
1629795539399,0.4163838624954223,1.520639181137085,0.1483737677335739,1.237106204032898
1629795539399,0.4163838624954223,1.520639181137085,0.1483737677335739,1.237106204032898
1629795539399,0.4163838624954223,1.520639181137085,0.1483737677335739,1.237106204032898
1629795539430,0.4163838624954223,1.520639181137085,0.1483737677335739,1.237106204032898
1629795539430,0.4163838624954223,1.520639181137085,0.1483737677335739,1.237106204032898
1629795539540,0.4163838624954223,1.520639181137085,0.1483737677335739,1.237106204032898
1629795539602,0.4163838624954223,1.520639181137085,0.1483737677335739,1.237106204032898
1629795539649,0.4163838624954223,1.520639181137085,0.1483737677335739,1.237106204032898
1629795539665,0.4163838624954223,1.520639181137085,0.1483737677335739,1.237106204032898
1629795539732,0.4163838624954223,1.520639181137085,0.1483737677335739,1.237106204032898
1629795539920,0.4163838624954223,1.520639181137085,0.1483737677335739,1.237106204032898
1629795540045,0.4163838624954223,1.520639181137085,0.1483737677335739,1.237106204032898
1629795540630,0.4163838624954223,1.520639181137085,0.1483737677335739,1.237106204032898
1629795540941,0.4163838624954223,1.520639181137085,0.1483737677335739,1.237106204032898
1629795541147,0.4163838624954223,1.520639181137085,0.1483737677335739,1.237106204032898
1629795541410,0.4163838624954223,1.520639181137085,0.1483737677335739,1.237106204032898
1629795541581,0.4163838624954223,1.520639181137085,0.1483737677335739,1.237106204032898
1629795541654,0.4163838624954223,1.520639181137085,0.1483737677335739,1.237106204032898
1629795541744,0.4163838624954223,1.520639181137085,0.1483737677335739,1.237106204032898
1629795541759,0.4163838624954223,1.520639181137085,0.1483737677335739,1.237106204032898
1629795541775,0.4163838624954223,1.520639181137085,0.1483737677335739,1.237106204032898
1629795541791,0.4163838624954223,1.520639181137085,0.1483737677335739,1.237106204032898
1629795541806,0.4163838624954223,1.520639181137085,0.1483737677335739,1.237106204032898
1629795541822,0.4163838624954223,1.520639181137085,0.1483737677335739,1.237106204032898
1629795541853,0.4163838624954223,1.520639181137085,0.1483737677335739,1.237106204032898
1629795541869,0.4163838624954223,1.520639181137085,0.1483737677335739,1.237106204032898
1629795541869,0.4163838624954223,1.520639181137085,0.1483737677335739,1.237106204032898
1629795541947,0.4163838624954223,1.520639181137085,0.1483737677335739,1.237106204032898
1629795542041,0.4163838624954223,1.520639181137085,0.1483737677335739,1.237106204032898
1629795542087,0.4163838624954223,1.520639181137085,0.1483737677335739,1.237106204032898
1629795542205,0.4163838624954223,1.520639181137085,0.1483737677335739,1.237106204032898
1629795542265,0.4163838624954223,1.520639181137085,0.1483737677335739,1.237106204032898
1629795542312,0.4163838624954223,1.520639181137085,0.1483737677335739,1.237106204032898
1629795542405,0.4163838624954223,1.520639181137085,0.1483737677335739,1.237106204032898
1629795542515,0.4163838624954223,1.520639181137085,0.1483737677335739,1.237106204032898
1629795542789,0.4163838624954223,1.520639181137085,0.1483737677335739,1.237106204032898
1629795542945,0.4163838624954223,1.520639181137085,0.1483737677335739,1.237106204032898
1629795543133,0.4163838624954223,1.520639181137085,0.1483737677335739,1.237106204032898
1629795543180,0.4163838624954223,1.520639181137085,0.1483737677335739,1.237106204032898
1629795543211,0.4163838624954223,1.520639181137085,0.1483737677335739,1.237106204032898
1629795543307,0.4163838624954223,1.520639181137085,0.1483737677335739,1.237106204032898
1629795543339,0.4163838624954223,1.520639181137085,0.1483737677335739,1.237106204032898
1629795543385,0.4163838624954223,1.520639181137085,0.1483737677335739,1.237106204032898
1629795543573,0.4163838624954223,1.520639181137085,0.1483737677335739,1.237106204032898
1629795543963,0.4163838624954223,1.520639181137085,0.1483737677335739,1.237106204032898
1629795543979,0.4163838624954223,1.520639181137085,0.1483737677335739,1.237106204032898
1629795544122,0.4163838624954223,1.520639181137085,0.1483737677335739,1.237106204032898
1629795544481,0.4163838624954223,1.520639181137085,0.1483737677335739,1.237106204032898
1629795544856,0.4163838624954223,1.520639181137085,0.1483737677335739,1.237106204032898
1629795545075,0.4163838624954223,1.520639181137085,0.1483737677335739,1.237106204032898
1629795545147,0.4163838624954223,1.520639181137085,0.1483737677335739,1.237106204032898
1629795545179,0.4163838624954223,1.520639181137085,0.1483737677335739,1.237106204032898
1629795545194,0.4163838624954223,1.520639181137085,0.1483737677335739,1.237106204032898
1629795545272,0.4163838624954223,1.520639181137085,0.1483737677335739,1.237106204032898
1629795545382,0.4163838624954223,1.520639181137085,0.1483737677335739,1.237106204032898
1629795545632,0.4163838624954223,1.520639181137085,0.1483737677335739,1.237106204032898
1629795545819,0.4163838624954223,1.520639181137085,0.1483737677335739,1.237106204032898
1629795545913,0.4163838624954223,1.520639181137085,0.1483737677335739,1.237106204032898
1629795545913,0.4163838624954223,1.520639181137085,0.1483737677335739,1.237106204032898
1629795545913,0.4163838624954223,1.520639181137085,0.1483737677335739,1.237106204032898
1629795545929,0.4163838624954223,1.520639181137085,0.1483737677335739,1.237106204032898
1629795545929,0.4163838624954223,1.520639181137085,0.1483737677335739,1.237106204032898
1629795546007,0.4163838624954223,1.520639181137085,0.1483737677335739,1.237106204032898
1629795546103,0.4163838624954223,1.520639181137085,0.1483737677335739,1.237106204032898
1629795546134,0.4163838624954223,1.520639181137085,0.1483737677335739,1.237106204032898
1629795546212,0.4163838624954223,1.520639181137085,0.1483737677335739,1.237106204032898
1629795546400,0.4163838624954223,1.520639181137085,0.1483737677335739,1.237106204032898
1629795546821,0.4163838624954223,1.520639181137085,0.1483737677335739,1.237106204032898
1629795547149,0.4163838624954223,1.520639181137085,0.1483737677335739,1.237106204032898
1629795547180,0.4163838624954223,1.520639181137085,0.1483737677335739,1.237106204032898
1629795547227,0.4163838624954223,1.520639181137085,0.1483737677335739,1.237106204032898
1629795547399,0.4163838624954223,1.520639181137085,0.1483737677335739,1.237106204032898
1629795547493,0.4163838624954223,1.520639181137085,0.1483737677335739,1.237106204032898
1629795547664,0.4163838624954223,1.520639181137085,0.1483737677335739,1.237106204032898
1629795548182,0.4163838624954223,1.520639181137085,0.1483737677335739,1.237106204032898
1629795548479,0.4163838624954223,1.520639181137085,0.1483737677335739,1.237106204032898
1629795548526,0.4163838624954223,1.520639181137085,0.1483737677335739,1.237106204032898
1629795548541,0.4163838624954223,1.520639181137085,0.1483737677335739,1.237106204032898
1629795548588,0.4163838624954223,1.520639181137085,0.1483737677335739,1.237106204032898
1629795548604,0.4163838624954223,1.520639181137085,0.1483737677335739,1.237106204032898
1629795548635,0.4163838624954223,1.520639181137085,0.1483737677335739,1.237106204032898
1629795548635,0.4163838624954223,1.520639181137085,0.1483737677335739,1.237106204032898
1629795548651,0.4163838624954223,1.520639181137085,0.1483737677335739,1.237106204032898
1629795548682,0.4163838624954223,1.520639181137085,0.1483737677335739,1.237106204032898
1629795548682,0.4163838624954223,1.520639181137085,0.1483737677335739,1.237106204032898
1629795548698,0.4163838624954223,1.520639181137085,0.1483737677335739,1.237106204032898
1629795548713,0.4163838624954223,1.520639181137085,0.1483737677335739,1.237106204032898
1629795548760,0.4163838624954223,1.520639181137085,0.1483737677335739,1.237106204032898
1629795548760,0.4163838624954223,1.520639181137085,0.1483737677335739,1.237106204032898
1629795548760,0.4163838624954223,1.520639181137085,0.1483737677335739,1.237106204032898
1629795548838,0.4163838624954223,1.520639181137085,0.1483737677335739,1.237106204032898
1629795548932,0.4163838624954223,1.520639181137085,0.1483737677335739,1.237106204032898
1629795548932,0.4163838624954223,1.520639181137085,0.1483737677335739,1.237106204032898
1629795549057,0.4163838624954223,1.520639181137085,0.1483737677335739,1.237106204032898
1629795549057,0.4163838624954223,1.520639181137085,0.1483737677335739,1.237106204032898
1629795549088,0.4163838624954223,1.520639181137085,0.1483737677335739,1.237106204032898
1629795549261,0.4163838624954223,1.520639181137085,0.1483737677335739,1.237106204032898
1629795549385,0.4163838624954223,1.520639181137085,0.1483737677335739,1.237106204032898
1629795549464,0.4163838624954223,1.520639181137085,0.1483737677335739,1.237106204032898
1629795549526,0.4163838624954223,1.520639181137085,0.1483737677335739,1.237106204032898
1629795549620,0.4163838624954223,1.520639181137085,0.1483737677335739,1.237106204032898
1629795549745,0.4163838624954223,1.520639181137085,0.1483737677335739,1.237106204032898
1629795549807,0.4163838624954223,1.520639181137085,0.1483737677335739,1.237106204032898
1629795550151,0.4163838624954223,1.520639181137085,0.1483737677335739,1.237106204032898
1629795550167,0.4163838624954223,1.520639181137085,0.1483737677335739,1.237106204032898
1629795550167,0.4163838624954223,1.520639181137085,0.1483737677335739,1.237106204032898
1629795550167,0.4163838624954223,1.520639181137085,0.1483737677335739,1.237106204032898
1629795550198,0.4163838624954223,1.520639181137085,0.1483737677335739,1.237106204032898
1629795550229,0.4163838624954223,1.520639181137085,0.1483737677335739,1.237106204032898
1629795550338,0.4163838624954223,1.520639181137085,0.1483737677335739,1.237106204032898
1629795550604,0.4163838624954223,1.520639181137085,0.1483737677335739,1.237106204032898
1629795550729,0.4163838624954223,1.520639181137085,0.1483737677335739,1.237106204032898
1629795550807,0.4163838624954223,1.520639181137085,0.1483737677335739,1.237106204032898
1629795550823,0.4163838624954223,1.520639181137085,0.1483737677335739,1.237106204032898
1629795550870,0.4163838624954223,1.520639181137085,0.1483737677335739,1.237106204032898
1629795550885,0.4163838624954223,1.520639181137085,0.1483737677335739,1.237106204032898
1629795551010,0.4163838624954223,1.520639181137085,0.1483737677335739,1.237106204032898
1629795551403,0.4163838624954223,1.520639181137085,0.1483737677335739,1.237106204032898
1629795551840,0.4163838624954223,1.520639181137085,0.1483737677335739,1.237106204032898
1629795551918,0.4163838624954223,1.520639181137085,0.1483737677335739,1.237106204032898
1629795551965,0.4163838624954223,1.520639181137085,0.1483737677335739,1.237106204032898
1629795551996,0.4163838624954223,1.520639181137085,0.1483737677335739,1.237106204032898
1629795552075,0.4163838624954223,1.520639181137085,0.1483737677335739,1.237106204032898
1629795552092,0.4163838624954223,1.520639181137085,0.1483737677335739,1.237106204032898
1629795552108,0.4163838624954223,1.520639181137085,0.1483737677335739,1.237106204032898
1629795552233,0.4163838624954223,1.520639181137085,0.1483737677335739,1.237106204032898
1629795552233,0.4163838624954223,1.520639181137085,0.1483737677335739,1.237106204032898
1629795552248,0.4163838624954223,1.520639181137085,0.1483737677335739,1.237106204032898
1629795552311,0.4163838624954223,1.520639181137085,0.1483737677335739,1.237106204032898
1629795552327,0.4163838624954223,1.520639181137085,0.1483737677335739,1.237106204032898
1629795552373,0.4163838624954223,1.520639181137085,0.1483737677335739,1.237106204032898
1629795552373,0.4163838624954223,1.520639181137085,0.1483737677335739,1.237106204032898
1629795552498,0.4163838624954223,1.520639181137085,0.1483737677335739,1.237106204032898
1629795552748,0.4163838624954223,1.520639181137085,0.1483737677335739,1.237106204032898
1629795552764,0.4163838624954223,1.520639181137085,0.1483737677335739,1.237106204032898
1629795552858,0.4163838624954223,1.520639181137085,0.1483737677335739,1.237106204032898
1629795552889,0.4163838624954223,1.520639181137085,0.1483737677335739,1.237106204032898
1629795552936,0.4163838624954223,1.520639181137085,0.1483737677335739,1.237106204032898
1629795552951,0.4163838624954223,1.520639181137085,0.1483737677335739,1.237106204032898
1629795553018,0.4163838624954223,1.520639181137085,0.1483737677335739,1.237106204032898
1629795553034,0.4163838624954223,1.520639181137085,0.1483737677335739,1.237106204032898
1629795553096,0.4163838624954223,1.520639181137085,0.1483737677335739,1.237106204032898
1629795553286,0.4163838624954223,1.520639181137085,0.1483737677335739,1.237106204032898
1629795553358,0.4163838624954223,1.520639181137085,0.1483737677335739,1.237106204032898
1629795553559,0.4163838624954223,1.520639181137085,0.1483737677335739,1.237106204032898
1629795553695,0.4163838624954223,1.520639181137085,0.1483737677335739,1.237106204032898
1629795553867,0.4163838624954223,1.520639181137085,0.1483737677335739,1.237106204032898
1629795554041,0.4163838624954223,1.520639181137085,0.1483737677335739,1.237106204032898
1629795554166,0.4163838624954223,1.520639181137085,0.1483737677335739,1.237106204032898
1629795554214,0.4163838624954223,1.520639181137085,0.1483737677335739,1.237106204032898
1629795554464,0.4163838624954223,1.520639181137085,0.1483737677335739,1.237106204032898
1629795554590,0.4163838624954223,1.520639181137085,0.1483737677335739,1.237106204032898
1629795554670,0.4163838624954223,1.520639181137085,0.1483737677335739,1.237106204032898
1629795554815,0.4163838624954223,1.520639181137085,0.1483737677335739,1.237106204032898
1629795554830,0.4163838624954223,1.520639181137085,0.1483737677335739,1.237106204032898
1629795554846,0.4163838624954223,1.520639181137085,0.1483737677335739,1.237106204032898
1629795555035,0.4163838624954223,1.520639181137085,0.1483737677335739,1.237106204032898
1629795555054,0.4163838624954223,1.520639181137085,0.1483737677335739,1.237106204032898
1629795555098,0.4163838624954223,1.520639181137085,0.1483737677335739,1.237106204032898
1629795555145,0.4163838624954223,1.520639181137085,0.1483737677335739,1.237106204032898
1629795555159,0.4163838624954223,1.520639181137085,0.1483737677335739,1.237106204032898
1629795555175,0.4163838624954223,1.520639181137085,0.1483737677335739,1.237106204032898
1629795555605,0.4163838624954223,1.520639181137085,0.1483737677335739,1.237106204032898
1629795555622,0.4163838624954223,1.520639181137085,0.1483737677335739,1.237106204032898
1629795555652,0.4163838624954223,1.520639181137085,0.1483737677335739,1.237106204032898
1629795555779,0.4163838624954223,1.520639181137085,0.1483737677335739,1.237106204032898
1629795555809,0.4163838624954223,1.520639181137085,0.1483737677335739,1.237106204032898
1629795555890,0.4163838624954223,1.520639181137085,0.1483737677335739,1.237106204032898
1629795555921,0.4163838624954223,1.520639181137085,0.1483737677335739,1.237106204032898
1629795556052,0.4163838624954223,1.520639181137085,0.1483737677335739,1.237106204032898
1629795556189,0.4163838624954223,1.520639181137085,0.1483737677335739,1.237106204032898
1629795556211,0.4163838624954223,1.520639181137085,0.1483737677335739,1.237106204032898
1629795556254,0.4163838624954223,1.520639181137085,0.1483737677335739,1.237106204032898
1629795556393,0.4163838624954223,1.520639181137085,0.1483737677335739,1.237106204032898
1629795556466,0.4163838624954223,1.520639181137085,0.1483737677335739,1.237106204032898
1629795556497,0.4163838624954223,1.520639181137085,0.1483737677335739,1.237106204032898
1629795556528,0.4163838624954223,1.520639181137085,0.1483737677335739,1.237106204032898
1629795556653,0.4163838624954223,1.520639181137085,0.1483737677335739,1.237106204032898
1629795556703,0.4163838624954223,1.520639181137085,0.1483737677335739,1.237106204032898
1629795556751,0.4163838624954223,1.520639181137085,0.1483737677335739,1.237106204032898
1629795556905,0.4163838624954223,1.520639181137085,0.1483737677335739,1.237106204032898
1629795556938,0.4163838624954223,1.520639181137085,0.1483737677335739,1.237106204032898
1629795556983,0.4163838624954223,1.520639181137085,0.1483737677335739,1.237106204032898
1629795557280,0.4163838624954223,1.520639181137085,-0.1473394483327865,1.237106204032898
1629795557343,0.4163838624954223,1.520639181137085,-0.1553952693939209,1.237106204032898
1629795557446,0.4163838624954223,1.520639181137085,-0.162239134311676,1.237106204032898
1629795557477,0.4163838624954223,1.520639181137085,-0.1635088920593261,1.237106204032898
1629795557696,0.4163838624954223,1.520639181137085,-0.1595446765422821,1.237106204032898
1629795557717,0.4163838624954223,1.520639181137085,-0.1447004079818725,1.237106204032898
1629795557965,0.4163838624954223,1.520639181137085,-0.136807844042778,1.237106204032898
1629795558028,0.4163838624954223,0.0672870650887489,-0.1360039860010147,1.237106204032898
1629795558062,0.4163838624954223,0.0607121922075748,-0.1408581286668777,1.237106204032898
1629795558155,0.4163838624954223,0.0850011557340622,-0.1333293467760086,1.237106204032898
1629795558296,0.4163838624954223,0.1417935937643051,-0.1043136790394783,1.237106204032898
1629795558343,0.4163838624954223,0.195087194442749,-0.0678430274128913,1.237106204032898
1629795558530,0.4163838624954223,0.2209760248661041,-0.0388561785221099,1.237106204032898
1629795558671,0.4163838624954223,0.2201333492994308,-0.0165315084159374,1.237106204032898
1629795558718,0.4163838624954223,0.2019057124853134,-0.0051551344804465,1.237106204032898
1629795558890,0.4163838624954223,0.1810474842786789,0.0021846457384526,1.237106204032898
1629795558905,0.4163838624954223,0.1654634028673172,0.0082515832036733,1.237106204032898
1629795558983,0.4163838624954223,0.1549891680479049,0.0161446668207645,1.237106204032898
1629795559015,0.4163838624954223,0.1482845544815063,0.0207841098308563,1.237106204032898
1629795559140,0.4163838624954223,0.147287979722023,0.0218919720500707,1.237106204032898
1629795559233,0.4163838624954223,0.1421305239200592,0.0181663408875465,1.237106204032898
1629795559465,0.4163838624954223,0.1427946537733078,0.0174786988645792,1.237106204032898
1629795559481,0.4163838624954223,0.1512896418571472,0.0168535578995943,1.237106204032898
1629795559637,0.4163838624954223,0.1696639209985733,0.0183432102203369,1.237106204032898
1629795559653,0.4163838624954223,0.1824026107788086,0.0080155497416853,1.237106204032898
1629795559778,0.4163838624954223,0.1815218925476074,-0.0220909658819437,1.237106204032898
1629795559981,0.4163838624954223,0.1679245233535766,-0.0680936351418495,1.237106204032898
1629795560059,0.4163838624954223,0.1518709063529968,-0.1161750480532646,1.237106204032898
1629795560106,0.4163838624954223,0.1402096897363662,-0.1513886749744415,1.237106204032898
1629795560121,0.4163838624954223,0.138422206044197,-0.1702529788017273,1.237106204032898
1629795560202,0.4163838624954223,0.1402289420366287,-0.1807979494333267,1.237106204032898
1629795560280,0.4163838624954223,0.138606771826744,-0.199203222990036,1.237106204032898
1629795560374,0.4163838624954223,0.1315274834632873,-0.2301946878433227,1.237106204032898
1629795560515,0.4163838624954223,0.1184554621577262,-0.265574187040329,1.237106204032898
1629795560530,0.4163838624954223,0.1050588712096214,-0.2974331080913543,1.237106204032898
1629795560702,0.4163838624954223,0.0918410420417785,-0.3272460103034973,1.237106204032898
1629795560780,0.4163838624954223,0.0758039802312851,-0.3579985797405243,1.237106204032898
1629795561124,0.4163838624954223,0.0544637665152549,-0.3794878423213959,1.237106204032898
1629795561139,0.4163838624954223,0.0245241094380617,-0.39754718542099,1.237106204032898
1629795561190,0.4163838624954223,-0.0094538228586316,-0.3925457894802093,1.237106204032898
1629795561201,0.4163838624954223,-0.0532053783535957,-0.3799132108688354,1.237106204032898
1629795561281,0.4163838624954223,-0.0893508270382881,-0.3603774309158325,1.237106204032898
1629795561508,0.4163838624954223,-0.1050313413143158,-0.3503065407276153,1.237106204032898
1629795561555,0.4163838624954223,-0.0886397138237953,-0.3516508936882019,1.237106204032898
1629795561664,0.4163838624954223,-0.0526619106531143,-0.3601653277873993,1.237106204032898
1629795561717,0.4163838624954223,-0.0133439442142844,-0.3680934607982635,1.237106204032898
1629795561748,0.4163838624954223,0.0124360620975494,-0.3744073510169983,1.237106204032898
1629795561842,0.4163838624954223,0.024676302447915,-0.3631133437156677,1.237106204032898
1629795562062,0.4163838624954223,0.0256006922572851,-0.3436393439769745,1.237106204032898
1629795562218,0.4163838624954223,0.0245924573391675,-0.3236940205097198,1.237106204032898
1629795562249,0.4163838624954223,0.0280846077948808,-0.3029587268829345,1.237106204032898
1629795562374,0.4163838624954223,0.0377513207495212,-0.2663230001926422,1.237106204032898
1629795562436,0.4163838624954223,0.0554463602602481,-0.2143768966197967,1.237106204032898
1629795562593,0.4163838624954223,0.0728044584393501,-0.1640688776969909,1.237106204032898
1629795562811,0.4163838624954223,0.1017969250679016,-0.1292542815208435,1.237106204032898
1629795562811,0.4163838624954223,0.0872290879487991,-0.1365864723920822,1.237106204032898
1629795562890,0.4163838624954223,0.1108849644660949,-0.1395376622676849,1.237106204032898
1629795563049,0.4163838624954223,0.1107023209333419,-0.1540820598602295,1.237106204032898
1629795563314,0.4163838624954223,0.0993895605206489,-0.1695225983858108,1.237106204032898
1629795563330,0.4163838624954223,0.0776657834649086,-0.182583674788475,1.237106204032898
1629795563361,0.4163838624954223,0.0584265254437923,-0.1953172832727432,1.237106204032898
1629795563377,0.4163838624954223,0.0557339936494827,-0.2036252617835998,1.237106204032898
1629795563408,0.4163838624954223,0.0653071478009224,-0.2142918556928634,1.237106204032898
1629795563502,0.4163838624954223,0.0812851712107658,-0.2206451296806335,1.237106204032898
1629795563656,0.4163838624954223,0.0969562157988548,-0.2171329855918884,1.237106204032898
1629795563734,0.4163838624954223,0.1114678010344505,-0.197834312915802,1.237106204032898
1629795563844,0.4163838624954223,0.1193469539284706,-0.1827913373708725,1.237106204032898
1629795563891,0.4163838624954223,0.1143791675567627,-0.1901627331972122,1.237106204032898
1629795563969,0.4163838624954223,0.1007395386695861,-0.2189721316099167,1.237106204032898
1629795564268,0.4163838624954223,0.081985592842102,-0.2511829435825348,1.237106204032898
1629795564409,0.4163838624954223,0.0596058927476406,-0.2724892795085907,1.237106204032898
1629795564487,0.4163838624954223,0.034444659948349,-0.274851530790329,1.237106204032898
1629795564549,0.4163838624954223,0.0136148855090141,-0.259484052658081,1.237106204032898
1629795564596,0.4163838624954223,0.0010715811513364,-0.2413578927516937,1.237106204032898
1629795564721,0.4163838624954223,0.0045529874041676,-0.2196827083826065,1.237106204032898
1629795564955,0.4163838624954223,0.0121938595548272,-0.1999166756868362,1.237106204032898
1629795565018,0.4163838624954223,0.0160963777452707,-0.1807422041893005,1.237106204032898
1629795565096,0.4163838624954223,0.0103947101160883,-0.1605764776468277,1.237106204032898
1629795565174,0.4163838624954223,-0.0253947004675865,-0.103643849492073,1.237106204032898
1629795565174,0.4163838624954223,-0.0036627505905926,-0.1333802938461303,1.237106204032898
1629795565283,0.4163838624954223,-0.0537344366312027,-0.080930121243,1.237106204032898
1629795565393,0.4163838624954223,-0.0899741426110267,-0.0710415691137313,1.237106204032898
1629795565518,0.4163838624954223,-0.1234444603323936,-0.0708438381552696,1.237106204032898
1629795565580,0.4163838624954223,-0.1484701037406921,-0.073098212480545,1.237106204032898
1629795565611,0.4163838624954223,-0.1673334240913391,-0.0741027519106864,1.237106204032898
1629795565721,0.4163838624954223,-0.1779311150312423,-0.0665555000305175,1.237106204032898
1629795565877,0.4163838624954223,-0.1746570318937301,-0.05470797047019,1.237106204032898
1629795566096,0.4163838624954223,-0.1667055040597915,-0.0470391102135181,1.237106204032898
1629795566127,0.4163838624954223,-0.1636492908000946,-0.043471373617649,1.237106204032898
1629795566224,0.4163838624954223,-0.1710839867591858,-0.0447420515120029,1.237106204032898
1629795566333,0.4163838624954223,-0.1784232705831527,-0.0500282868742942,1.237106204032898
1629795566411,0.4163838624954223,-0.1647114604711532,-0.0473990701138973,1.237106204032898
1629795566427,0.4163838624954223,-0.1219356581568718,-0.041618064045906,1.237106204032898
1629795566645,0.4163838624954223,-0.0710217580199241,-0.0423405170440673,1.237106204032898
1629795566661,0.4163838624954223,-0.0347957052290439,-0.0570298694074153,1.237106204032898
1629795566802,0.4163838624954223,-0.0205466486513614,-0.082207016646862,1.237106204032898
1629795566848,0.4163838624954223,-0.0137984119355678,-0.1055351495742797,1.237106204032898
1629795566958,0.4163838624954223,-0.0092401299625635,-0.1103266850113868,1.237106204032898
1629795567114,0.4163838624954223,-0.0069186585023999,-0.0955715700984001,1.237106204032898
1629795567192,0.4163838624954223,-0.0061178170144557,-0.0709878131747245,1.237106204032898
1629795567239,0.4163838624954223,-0.0066914386115968,-0.0509452670812606,1.237106204032898
1629795567364,0.4163838624954223,-0.0136302420869469,-0.0353362523019313,1.237106204032898
1629795567426,0.4163838624954223,-0.0219018850475549,-0.0223180893808603,1.237106204032898
1629795567817,0.4163838624954223,-0.0301155857741832,-0.006688414607197,1.237106204032898
1629795567833,0.4163838624954223,-0.0423206277191638,0.0058357277885079,1.237106204032898
1629795567833,0.4163838624954223,-0.0654724687337875,0.0119372876361012,1.237106204032898
1629795568020,0.4163838624954223,-0.1100339964032173,0.0021889368072152,1.237106204032898
1629795568038,0.4163838624954223,-0.1760003119707107,-0.0147754130885005,1.237106204032898
1629795568069,0.4163838624954223,-0.23751200735569,-0.0304059516638517,1.237106204032898
1629795568288,0.4163838624954223,-0.2426411062479019,-0.0292587094008922,1.237106204032898
1629795568319,0.4163838624954223,-0.174010083079338,-0.0113299451768398,1.237106204032898
1629795568413,0.4163838624954223,-0.0807214453816413,0.014058836735785,1.237106204032898
1629795568475,0.4163838624954223,-0.0100917909294366,0.0283757410943508,1.237106204032898
1629795568679,0.4163838624954223,0.0274052508175373,0.0227475576102733,1.237106204032898
1629795568725,0.4163838624954223,0.0440156459808349,0.0007235947414301,1.237106204032898
1629795568850,0.4163838624954223,0.054976899176836,-0.0274354964494705,1.237106204032898
1629795568897,0.4163838624954223,0.0684834942221641,-0.0608513839542865,1.237106204032898
1629795568944,0.4163838624954223,0.0841882452368736,-0.092962808907032,1.237106204032898
1629795569134,0.4163838624954223,0.0957657918334007,-0.1213168427348136,1.237106204032898
1629795569369,0.4163838624954223,0.0967972874641418,-0.1337262988090515,1.237106204032898
1629795569431,0.4163838624954223,0.0922970846295356,-0.1218240037560463,1.237106204032898
1629795569462,0.4163838624954223,0.0885626450181007,-0.0953277125954628,1.237106204032898
1629795569572,0.4163838624954223,0.0877873376011848,-0.0710598826408386,1.237106204032898
1629795569618,0.4163838624954223,0.0871426090598106,-0.0551303885877132,1.237106204032898
1629795569759,0.4163838624954223,0.0815982595086097,-0.0468808487057685,1.237106204032898
1629795569884,0.4163838624954223,0.0694371536374092,-0.051771692931652,1.237106204032898
1629795569993,0.4163838624954223,0.0587779954075813,-0.0685793533921241,1.237106204032898
1629795570009,0.4163838624954223,0.0552048571407794,-0.0840587243437767,1.237106204032898
1629795570100,0.4163838624954223,0.0597509443759918,-0.0797998011112213,1.237106204032898
1629795570340,0.4163838624954223,0.0622662678360939,-0.0570959746837616,1.237106204032898
1629795570512,0.4163838624954223,0.0596805401146411,-0.0334558971226215,1.237106204032898
1629795570531,0.4163838624954223,0.0511073134839534,-0.0153111713007092,1.237106204032898
1629795570625,0.4163838624954223,0.0420911386609077,-0.0063527664169669,1.237106204032898
1629795570830,0.4163838624954223,0.0395077317953109,-0.0033560139127075,1.237106204032898
1629795570849,0.4163838624954223,0.0484291911125183,-0.0072392988950014,1.237106204032898
1629795570963,0.4163838624954223,0.0597824566066265,-0.0114297475665807,1.237106204032898
1629795571088,0.4163838624954223,0.0657358914613723,-0.0063437786884605,1.237106204032898
1629795571120,0.4163838624954223,0.0658221766352653,0.0220345072448253,1.237106204032898
1629795571167,0.4163838624954223,0.0657885149121284,0.0584261268377304,1.237106204032898
1629795571580,0.4163838624954223,0.0670271813869476,0.0812042951583862,1.237106204032898
1629795571645,0.4163838624954223,0.0656435787677764,0.0837939456105232,1.237106204032898
1629795571723,0.4163838624954223,0.0529506616294384,0.0749749988317489,1.237106204032898
1629795571882,0.4163838624954223,0.0341728962957859,0.0602697320282459,1.237106204032898
1629795572166,0.4163838624954223,0.0213746987283229,0.0452485904097557,1.237106204032898
1629795572196,0.4163838624954223,0.0216753911226987,0.0269832219928503,1.237106204032898
1629795572429,0.4163838624954223,0.0265446845442056,0.0085665388032794,1.237106204032898
1629795572730,0.4163838624954223,0.0376138351857662,-0.0059975231997668,1.237106204032898
1629795572943,0.4163838624954223,0.0501986667513847,0.007950291968882,1.237106204032898
1629795573083,0.4163838624954223,0.0678705647587776,0.0425638295710086,1.237106204032898
1629795573083,0.4163838624954223,0.0602481923997402,0.0251619648188352,1.237106204032898
1629795573146,0.4163838624954223,0.0766028761863708,0.0520903505384922,1.237106204032898
1629795573396,0.4163838624954223,0.090419165790081,0.0482921861112117,1.237106204032898
1629795573411,0.4163838624954223,0.1125316247344017,0.0101477913558483,1.237106204032898
1629795573427,0.4163838624954223,0.1439502835273742,-0.1666319221258163,1.237106204032898
1629795573427,0.4163838624954223,0.1345842629671096,-0.0637864544987678,1.237106204032898
1629795573474,0.4163838624954223,0.1301685869693756,-0.2605336606502533,1.237106204032898
1629795573520,0.4163838624954223,0.0919213965535163,-0.3346211910247803,1.237106204032898
1629795573520,0.4163838624954223,0.0427602715790271,-0.3744767010211944,1.237106204032898
1629795573538,0.4163838624954223,0.0427602715790271,-0.3744767010211944,1.237106204032898
1629795573584,0.4163838624954223,0.0427602715790271,-0.3744767010211944,1.237106204032898
1629795573725,0.4163838624954223,0.0427602715790271,-0.3744767010211944,1.237106204032898
1629795573851,0.4163838624954223,0.0427602715790271,-0.3744767010211944,1.237106204032898
1629795573865,0.4163838624954223,0.0427602715790271,-0.3744767010211944,1.237106204032898
1629795574126,0.4163838624954223,0.0427602715790271,-0.3744767010211944,1.237106204032898
1629795574173,0.4163838624954223,0.0427602715790271,-0.3744767010211944,1.237106204032898
1629795574405,0.4163838624954223,0.0427602715790271,-0.3744767010211944,1.237106204032898
1629795574445,0.4163838624954223,0.0427602715790271,-0.3744767010211944,1.237106204032898
1629795574587,0.4163838624954223,0.0427602715790271,-0.3744767010211944,1.237106204032898
1629795574603,0.4163838624954223,0.0427602715790271,-0.3744767010211944,1.237106204032898
1629795574682,0.4163838624954223,0.0427602715790271,-0.3744767010211944,1.237106204032898
1629795574729,0.4163838624954223,0.0427602715790271,-0.3744767010211944,1.237106204032898
1629795574739,0.4163838624954223,0.0427602715790271,-0.3744767010211944,1.237106204032898
1629795574918,0.4163838624954223,0.0427602715790271,-0.3744767010211944,1.237106204032898
1629795574982,0.4163838624954223,0.0427602715790271,-0.3744767010211944,1.237106204032898
1629795575278,0.4163838624954223,0.0427602715790271,-0.3744767010211944,1.237106204032898
1629795575357,0.4163838624954223,0.0427602715790271,-0.3744767010211944,1.237106204032898
1629795575515,0.4163838624954223,0.0427602715790271,-0.3744767010211944,1.237106204032898
1629795575737,0.4163838624954223,0.0427602715790271,-0.3744767010211944,1.237106204032898
1629795575757,0.4163838624954223,0.0427602715790271,-0.3744767010211944,1.237106204032898
1629795575772,0.4163838624954223,0.0427602715790271,-0.3744767010211944,1.237106204032898
1629795576052,0.4163838624954223,0.0427602715790271,-0.3744767010211944,1.237106204032898
1629795576081,0.4163838624954223,0.0427602715790271,-0.3744767010211944,1.237106204032898
1629795576128,0.4163838624954223,0.0427602715790271,-0.3744767010211944,1.237106204032898
1629795576146,0.4163838624954223,0.0427602715790271,-0.3744767010211944,1.237106204032898
1629795576299,0.4163838624954223,0.0427602715790271,-0.3744767010211944,1.237106204032898
1629795576379,0.4163838624954223,0.0427602715790271,-0.3744767010211944,1.237106204032898
1629795576599,0.4163838624954223,0.0427602715790271,-0.3744767010211944,1.237106204032898
1629795576665,0.4163838624954223,0.0427602715790271,-0.3744767010211944,1.237106204032898
1629795576680,0.4163838624954223,0.0427602715790271,-0.3744767010211944,1.237106204032898
1629795576855,0.4163838624954223,0.0427602715790271,-0.3744767010211944,1.237106204032898
1629795576898,0.4163838624954223,0.0427602715790271,-0.3744767010211944,1.237106204032898
1629795576947,0.4163838624954223,0.0427602715790271,-0.3744767010211944,1.237106204032898
1629795576964,0.4163838624954223,0.0427602715790271,-0.3744767010211944,1.237106204032898
1629795577041,0.4163838624954223,0.0427602715790271,-0.3744767010211944,1.237106204032898
1629795577069,0.4163838624954223,0.0427602715790271,-0.3744767010211944,1.237106204032898
1629795577176,0.4163838624954223,0.0427602715790271,-0.3744767010211944,1.237106204032898
1629795577193,0.4163838624954223,0.0427602715790271,-0.3744767010211944,1.237106204032898
1629795577272,0.4163838624954223,0.0427602715790271,-0.3744767010211944,1.237106204032898
1629795577299,0.4163838624954223,0.0427602715790271,-0.3744767010211944,1.237106204032898
1629795577330,0.4163838624954223,0.0427602715790271,-0.3744767010211944,1.237106204032898
1629795577471,0.4163838624954223,0.0427602715790271,-0.3744767010211944,1.237106204032898
1629795577756,0.4163838624954223,0.0427602715790271,-0.3744767010211944,1.237106204032898
1629795577849,0.4163838624954223,0.0427602715790271,-0.3744767010211944,1.237106204032898
1629795577958,0.4163838624954223,0.0427602715790271,-0.3744767010211944,1.237106204032898
1629795578019,0.4163838624954223,0.0427602715790271,-0.3744767010211944,1.237106204032898
1629795578050,0.4163838624954223,0.0427602715790271,-0.3744767010211944,1.237106204032898
1629795578081,0.4163838624954223,0.0427602715790271,-0.3744767010211944,1.237106204032898
1629795578162,0.4163838624954223,0.0427602715790271,-0.3744767010211944,1.237106204032898
1629795578319,0.4163838624954223,0.0427602715790271,-0.3744767010211944,1.237106204032898
1629795578397,0.4163838624954223,0.0427602715790271,-0.3744767010211944,1.237106204032898
1629795578444,0.4163838624954223,0.3470639884471893,-0.3343417942523956,1.237106204032898
1629795578522,0.4163838624954223,0.3406756818294525,-0.2808586657047272,1.237106204032898
1629795578678,0.4163838624954223,0.3132690191268921,-0.2572023272514343,1.237106204032898
1629795578740,0.4163838624954223,0.284779816865921,-0.2582316696643829,1.237106204032898
1629795578850,0.4163838624954223,0.2551338374614715,-0.2616411745548248,1.237106204032898
1629795579100,0.4163838624954223,0.2222629636526107,-0.2467172294855117,1.237106204032898
1629795579115,0.4163838624954223,0.1861724257469177,-0.2068967670202255,1.237106204032898
1629795579162,0.4163838624954223,0.1531635075807571,-0.1666402965784073,1.237106204032898
1629795579256,0.4163838624954223,0.1247137114405632,-0.1375209093093872,1.237106204032898
1629795579396,0.4163838624954223,0.1033647656440734,-0.1247361674904823,1.237106204032898
1629795579490,0.4163838624954223,0.089784637093544,-0.1238041147589683,1.237106204032898
1629795579600,0.4163838624954223,0.0849061831831932,-0.1337307840585708,1.237106204032898
1629795579756,0.4163838624954223,0.092579685151577,-0.133122369647026,1.237106204032898
1629795580006,0.4163838624954223,0.1156197190284729,-0.1337411850690841,1.237106204032898
1629795580021,0.4163838624954223,0.1569385230541229,-0.1405913233757019,1.237106204032898
1629795580146,0.4163838624954223,0.207317903637886,-0.1555092185735702,1.237106204032898
1629795580211,0.4163838624954223,0.2481639236211776,-0.1782321035861969,1.237106204032898
1629795580258,0.4163838624954223,0.2746433615684509,-0.195409819483757,1.237106204032898
1629795580289,0.4163838624954223,0.2894624769687652,-0.2057331204414367,1.237106204032898
1629795580399,0.4163838624954223,0.2982697486877441,-0.2154794782400131,1.237106204032898
1629795580524,0.4163838624954223,0.3063122034072876,-0.2402531802654266,1.237106204032898
1629795580811,0.4163838624954223,0.3118455708026886,-0.2882373034954071,1.237106204032898
1629795581092,0.4163838624954223,0.3137765824794769,-0.3514349460601806,1.237106204032898
1629795581139,0.4163838624954223,0.3137277960777282,-0.4789271652698517,1.237106204032898
1629795581139,0.4163838624954223,0.3139483630657196,-0.419102668762207,1.237106204032898
1629795581155,0.4163838624954223,0.3116349279880523,-0.5263721942901611,1.237106204032898
1629795581186,0.4163838624954223,0.303770899772644,-0.5518926382064819,1.237106204032898
1629795581361,0.4163838624954223,0.2818527221679687,-0.5621513724327087,1.237106204032898
1629795581376,0.4163838624954223,0.2352815717458725,-0.5319888591766357,1.237106204032898
1629795581642,0.4163838624954223,0.1558672934770584,-0.4464425146579742,1.237106204032898
1629795581704,0.4163838624954223,0.0441088192164897,-0.3225648999214172,1.237106204032898
1629795581767,0.4163838624954223,-0.079062208533287,-0.2141643762588501,1.237106204032898
1629795581954,0.4163838624954223,-0.1784230768680572,-0.1419650912284851,1.237106204032898
1629795582189,0.4163838624954223,-0.2426168173551559,-0.0903994441032409,1.237106204032898
1629795582235,0.4163838624954223,-0.2429325431585312,-0.0048892772756516,1.237106204032898
1629795582236,0.4163838624954223,-0.2623257935047149,-0.0438085868954658,1.237106204032898
1629795582362,0.4163838624954223,-0.1885125041007995,0.0189161915332078,1.237106204032898
1629795582393,0.4163838624954223,-0.1228221133351326,0.0314273126423358,1.237106204032898
1629795582472,0.4163838624954223,-0.0701411962509155,0.0385061465203762,1.237106204032898
1629795582534,0.4163838624954223,-0.0430695042014122,0.0483120866119861,1.237106204032898
1629795582628,0.4163838624954223,-0.0355632305145263,0.0601351298391819,1.237106204032898
1629795582737,0.4163838624954223,-0.0295097902417182,0.0732299759984016,1.237106204032898
1629795582768,0.4163838624954223,-0.0136627126485109,0.0802775099873542,1.237106204032898
1629795582784,0.4163838624954223,0.0154144577682018,0.0775159746408462,1.237106204032898
1629795582846,0.4163838624954223,0.0485499575734138,0.0603528209030628,1.237106204032898
1629795583052,0.4163838624954223,0.0818284600973129,0.0235927440226078,1.237106204032898
1629795583161,0.4163838624954223,0.1158133372664451,-0.0225692391395568,1.237106204032898
1629795583317,0.4163838624954223,0.1531097739934921,-0.061639480292797,1.237106204032898
1629795583349,0.4163838624954223,0.1902657151222229,-0.0932036787271499,1.237106204032898
1629795583380,0.4163838624954223,0.2179604023694992,-0.1292536258697509,1.237106204032898
1629795583442,0.4163838624954223,0.2306202352046966,-0.1654112488031387,1.237106204032898
1629795583646,0.4163838624954223,0.2275891005992889,-0.1891593337059021,1.237106204032898
1629795583864,0.4163838624954223,0.2117752581834793,-0.2056644409894943,1.237106204032898
1629795583927,0.4163838624954223,0.1905988454818725,-0.216643750667572,1.237106204032898
1629795583974,0.4163838624954223,0.1722845286130905,-0.2302026003599167,1.237106204032898
1629795584020,0.4163838624954223,0.1605009138584137,-0.2474823296070099,1.237106204032898
1629795584164,0.4163838624954223,0.1521481126546859,-0.2662067115306854,1.237106204032898
1629795584273,0.4163838624954223,0.1396585702896118,-0.2732052505016327,1.237106204032898
1629795584429,0.4163838624954223,0.1178065612912178,-0.2813772559165954,1.237106204032898
1629795584492,0.4163838624954223,0.0893381834030151,-0.2834941446781158,1.237106204032898
1629795584570,0.4163838624954223,0.0566077567636966,-0.2779532968997955,1.237106204032898
1629795584633,0.4163838624954223,0.0145423309877514,-0.2597613036632538,1.237106204032898
1629795584726,0.4163838624954223,-0.0383441522717475,-0.2389079630374908,1.237106204032898
1629795584836,0.4163838624954223,-0.0923769250512123,-0.2160183787345886,1.237106204032898
1629795584961,0.4163838624954223,-0.1308770626783371,-0.1998486816883087,1.237106204032898
1629795585070,0.4163838624954223,-0.1439874023199081,-0.1712164431810379,1.237106204032898
1629795585136,0.4163838624954223,-0.1464859843254089,-0.1393230259418487,1.237106204032898
1629795585276,0.4163838624954223,-0.1446677893400192,-0.0961323603987693,1.237106204032898
1629795585480,0.4163838624954223,-0.1400320827960968,-0.0576111562550067,1.237106204032898
1629795585573,0.4163838624954223,-0.1308480352163314,-0.0292472504079341,1.237106204032898
1629795585683,0.4163838624954223,-0.1259588748216629,-0.0160004626959562,1.237106204032898
1629795585714,0.4163838624954223,-0.1262881904840469,-0.0099403541535139,1.237106204032898
1629795585776,0.4163838624954223,-0.1283271312713623,-0.0128138875588774,1.237106204032898
1629795585979,0.4163838624954223,-0.1245916038751602,-0.0158537179231643,1.237106204032898
1629795586089,0.4163838624954223,-0.1078019365668296,-0.0211740713566541,1.237106204032898
1629795586263,0.4163838624954223,-0.0554667674005031,-0.0395761877298355,1.237106204032898
1629795586263,0.4163838624954223,-0.0824654176831245,-0.0287267509847879,1.237106204032898
1629795586341,0.4163838624954223,-0.0540588870644569,-0.0704643353819847,1.237106204032898
1629795586341,0.4163838624954223,-0.0427386239171028,-0.0544070787727832,1.237106204032898
1629795586466,0.4163838624954223,-0.0919061303138732,-0.0825289487838745,1.237106204032898
1629795586654,0.4163838624954223,-0.1501576900482177,-0.1022001430392265,1.237106204032898
1629795586763,0.4163838624954223,-0.2020586282014846,-0.1264009475708007,1.237106204032898
1629795586857,0.4163838624954223,-0.2370926290750503,-0.1573110371828079,1.237106204032898
1629795586935,0.4163838624954223,-0.2442623525857925,-0.1849524229764938,1.237106204032898
1629795587154,0.4163838624954223,-0.2284107208251953,-0.206706017255783,1.237106204032898
1629795587217,0.4163838624954223,-0.1904004365205764,-0.2172574251890182,1.237106204032898
1629795587266,0.4163838624954223,-0.1438224911689758,-0.228267416357994,1.237106204032898
1629795587312,0.4163838624954223,-0.0957244560122489,-0.2231540381908416,1.237106204032898
1629795587422,0.4163838624954223,-0.0520484410226345,-0.210445374250412,1.237106204032898
1629795587594,0.4163838624954223,-0.0245171375572681,-0.198639303445816,1.237106204032898
1629795587750,0.4163838624954223,-0.0092688333243131,-0.1790081560611724,1.237106204032898
1629795587750,0.4163838624954223,-0.0121581843122839,-0.1887294054031372,1.237106204032898
1629795587765,0.4163838624954223,-0.0072170090861618,-0.1545834988355636,1.237106204032898
1629795587875,0.4163838624954223,-0.0079209096729755,-0.1107146143913269,1.237106204032898
1629795587984,0.4163838624954223,-0.0084794210270047,-0.0615400485694408,1.237106204032898
1629795588280,0.4163838624954223,0.0022060240153223,-0.0236752647906541,1.237106204032898
1629795588346,0.4163838624954223,0.0262512136250734,-0.0063042328692972,1.237106204032898
1629795588377,0.4163838624954223,0.0563854910433292,-0.0078760813921689,1.237106204032898
1629795588392,0.4163838624954223,0.0763191804289817,-0.0153728518635034,1.237106204032898
1629795588549,0.4163838624954223,0.0835399404168129,-0.0140109583735466,1.237106204032898
1629795588611,0.4163838624954223,0.0796509683132171,0.0001888036349555,1.237106204032898
1629795588705,0.4163838624954223,0.0678882598876953,0.0245780162513256,1.237106204032898
1629795588814,0.4163838624954223,0.0505178868770599,0.0469674989581108,1.237106204032898
1629795588861,0.4163838624954223,0.0271981712430715,0.0641293823719024,1.237106204032898
1629795589064,0.4163838624954223,0.0054888031445443,0.078507550060749,1.237106204032898
1629795589207,0.4163838624954223,-0.011832264252007,0.0870217382907867,1.237106204032898
1629795589348,0.4163838624954223,-0.028026096522808,0.0859437137842178,1.237106204032898
1629795589442,0.4163838624954223,-0.0429285913705825,0.0703070685267448,1.237106204032898
1629795589488,0.4163838624954223,-0.0460380800068378,0.035577367991209,1.237106204032898
1629795589504,0.4163838624954223,-0.0167397782206535,-0.0095218028873205,1.237106204032898
1629795589582,0.4163838624954223,0.0461543388664722,-0.0483995974063873,1.237106204032898
1629795589691,0.4163838624954223,0.1170197576284408,-0.0663570687174797,1.237106204032898
1629795589957,0.4163838624954223,0.1749964654445648,-0.066968522965908,1.237106204032898
1629795590131,0.4163838624954223,0.2079141587018966,-0.065290667116642,1.237106204032898
1629795590147,0.4163838624954223,0.2160803079605102,-0.0746715515851974,1.237106204032898
1629795590272,0.4163838624954223,0.2109864205121994,-0.0941347703337669,1.237106204032898
1629795590319,0.4163838624954223,0.2057681083679199,-0.1225691884756088,1.237106204032898
1629795590522,0.4163838624954223,0.2022808194160461,-0.1577864438295364,1.237106204032898
1629795590537,0.4163838624954223,0.201507031917572,-0.1937073320150375,1.237106204032898
1629795590615,0.4163838624954223,0.1987304389476776,-0.2274118363857269,1.237106204032898
1629795590740,0.4163838624954223,0.194079503417015,-0.2518147230148315,1.237106204032898
1629795590787,0.4163838624954223,0.1888676285743713,-0.2639753520488739,1.237106204032898
1629795590818,0.4163838624954223,0.1864227801561355,-0.2681978046894073,1.237106204032898
1629795591068,0.4163838624954223,0.1833325624465942,-0.2690004408359527,1.237106204032898
1629795591115,0.4163838624954223,0.1663476228713989,-0.2716253399848938,1.237106204032898
1629795591149,0.4163838624954223,0.1141424104571342,-0.2735183835029602,1.237106204032898
1629795591259,0.4163838624954223,0.0220173578709363,-0.2687706649303436,1.237106204032898
1629795591353,0.4163838624954223,-0.0926591828465461,-0.2444897890090942,1.237106204032898
1629795591493,0.4163838624954223,-0.1760570704936981,-0.2056504040956497,1.237106204032898
1629795591618,0.4163838624954223,-0.1897924691438675,-0.160335972905159,1.237106204032898
1629795591727,0.4163838624954223,-0.170183926820755,-0.129965677857399,1.237106204032898
1629795591852,0.4163838624954223,-0.1569989025592804,-0.1100565195083618,1.237106204032898
1629795591962,0.4163838624954223,-0.1613489240407943,-0.1024331822991371,1.237106204032898
1629795592102,0.4163838624954223,-0.1770309060811996,-0.0989941880106926,1.237106204032898
1629795592149,0.4163838624954223,-0.1900972872972488,-0.0997167825698852,1.237106204032898
1629795592337,0.4163838624954223,-0.1886258572340011,-0.1020513176918029,1.237106204032898
1629795592555,0.4163838624954223,-0.1728266328573227,-0.1091351956129074,1.237106204032898
1629795592602,0.4163838624954223,-0.1538069695234298,-0.1153860315680503,1.237106204032898
1629795592743,0.4163838624954223,-0.1402897387742996,-0.1189688816666603,1.237106204032898
1629795592758,0.4163838624954223,-0.1375930607318878,-0.1159345880150795,1.237106204032898
1629795592790,0.4163838624954223,-0.1383747160434723,-0.1127867251634597,1.237106204032898
1629795593011,0.4163838624954223,-0.1351303607225418,-0.1146119236946106,1.237106204032898
1629795593026,0.4163838624954223,-0.1343310326337814,-0.1257722228765487,1.237106204032898
1629795593182,0.4163838624954223,-0.1372170150279998,-0.1472853124141693,1.237106204032898
1629795593401,0.4163838624954223,-0.1368048787117004,-0.1792359799146652,1.237106204032898
1629795593589,0.4163838624954223,-0.117016352713108,-0.1987789720296859,1.237106204032898
1629795593870,0.4163838624954223,-0.0868458822369575,-0.2047882080078125,1.237106204032898
1629795594044,0.4163838624954223,-0.0492880754172802,-0.1877066493034362,1.237106204032898
1629795594153,0.4163838624954223,-0.0092518143355846,-0.1727151274681091,1.237106204032898
1629795594278,0.4163838624954223,0.0356273464858531,-0.1647731810808181,1.237106204032898
1629795594387,0.4163838624954223,0.0513978525996208,-0.1565245687961578,1.237106204032898
1629795594403,0.4163838624954223,0.0643960535526275,-0.142557293176651,1.237106204032898
1629795594418,0.4163838624954223,0.0758871138095855,-0.1254879087209701,1.237106204032898
1629795594715,0.4163838624954223,0.0901185572147369,-0.1080067157745361,1.237106204032898
1629795594825,0.4163838624954223,0.1105848997831344,-0.094913050532341,1.237106204032898
1629795594856,0.4163838624954223,0.1379944086074829,-0.0868900492787361,1.237106204032898
1629795594903,0.4163838624954223,0.1673686653375625,-0.0792342722415924,1.237106204032898
1629795594918,0.4163838624954223,0.1971330642700195,-0.0769859924912452,1.237106204032898
1629795594934,0.4163838624954223,0.2227594852447509,-0.0773648098111152,1.237106204032898
1629795595043,0.4163838624954223,0.2388739436864853,-0.0753698125481605,1.237106204032898
1629795595059,0.4163838624954223,0.2435792535543441,-0.0739883705973625,1.237106204032898
1629795595093,0.4163838624954223,0.2435792535543441,-0.0739883705973625,1.237106204032898
1629795595249,0.4163838624954223,0.2435792535543441,-0.0739883705973625,1.237106204032898
1629795595296,0.4163838624954223,0.2435792535543441,-0.0739883705973625,1.237106204032898
1629795595499,0.4163838624954223,0.2435792535543441,-0.0739883705973625,1.237106204032898
1629795595624,0.4163838624954223,0.2435792535543441,-0.0739883705973625,1.237106204032898
1629795595749,0.4163838624954223,0.2435792535543441,-0.0739883705973625,1.237106204032898
1629795595765,0.4163838624954223,0.2435792535543441,-0.0739883705973625,1.237106204032898
1629795595812,0.4163838624954223,0.2435792535543441,-0.0739883705973625,1.237106204032898
1629795595812,0.4163838624954223,0.2435792535543441,-0.0739883705973625,1.237106204032898
1629795595905,0.4163838624954223,0.2435792535543441,-0.0739883705973625,1.237106204032898
1629795596093,0.4163838624954223,0.2435792535543441,-0.0739883705973625,1.237106204032898
1629795596299,0.4163838624954223,0.2435792535543441,-0.0739883705973625,1.237106204032898
1629795596549,0.4163838624954223,0.2435792535543441,-0.0739883705973625,1.237106204032898
1629795596627,0.4163838624954223,0.2435792535543441,-0.0739883705973625,1.237106204032898
1629795596861,0.4163838624954223,0.2435792535543441,-0.0739883705973625,1.237106204032898
1629795597111,0.4163838624954223,0.2435792535543441,-0.0739883705973625,1.237106204032898
1629795597158,0.4163838624954223,0.2435792535543441,0.0499348118901252,1.237106204032898
1629795597173,0.4163838624954223,0.2435792535543441,0.0499348118901252,1.237106204032898
1629795597173,0.4163838624954223,0.2435792535543441,0.0499348118901252,1.237106204032898
1629795597236,0.4163838624954223,0.2435792535543441,0.0499348118901252,1.237106204032898
1629795597236,0.4163838624954223,0.2435792535543441,0.0499348118901252,1.237106204032898
1629795597423,0.4163838624954223,0.2435792535543441,0.0499348118901252,1.237106204032898
1629795597470,0.4163838624954223,0.2435792535543441,0.0499348118901252,1.237106204032898
1629795597470,0.4163838624954223,0.2435792535543441,0.0499348118901252,1.237106204032898
1629795597689,0.4163838624954223,0.2435792535543441,0.0499348118901252,1.237106204032898
1629795597736,0.4163838624954223,0.2435792535543441,0.0499348118901252,1.237106204032898
1629795597798,0.4163838624954223,0.2435792535543441,0.0499348118901252,1.237106204032898
1629795598050,0.4163838624954223,0.2435792535543441,0.0499348118901252,1.237106204032898
1629795598316,0.4163838624954223,0.2435792535543441,0.0499348118901252,1.237106204032898
1629795598347,0.4163838624954223,0.2435792535543441,0.0499348118901252,1.237106204032898
1629795598394,0.4163838624954223,0.2435792535543441,0.0499348118901252,1.237106204032898
1629795598441,0.4163838624954223,0.2435792535543441,0.0499348118901252,1.237106204032898
1629795598598,0.4163838624954223,0.2435792535543441,0.0499348118901252,1.237106204032898
1629795598644,0.4163838624954223,0.2435792535543441,0.0499348118901252,1.237106204032898
1629795598675,0.4163838624954223,0.2435792535543441,0.0499348118901252,1.237106204032898
1629795598706,0.4163838624954223,0.2435792535543441,0.0499348118901252,1.237106204032898
1629795598831,0.4163838624954223,0.2435792535543441,0.0499348118901252,1.237106204032898
1629795599052,0.4163838624954223,0.2435792535543441,0.0499348118901252,1.237106204032898
1629795599380,0.4163838624954223,0.2435792535543441,0.0499348118901252,1.237106204032898
1629795599396,0.4163838624954223,0.2435792535543441,0.0499348118901252,1.237106204032898
1629795599505,0.4163838624954223,0.2435792535543441,0.0499348118901252,1.237106204032898
1629795599537,0.4163838624954223,0.2435792535543441,0.0499348118901252,1.237106204032898
1629795599552,0.4163838624954223,0.2435792535543441,0.0499348118901252,1.237106204032898
1629795599615,0.4163838624954223,0.2435792535543441,0.0499348118901252,1.237106204032898
1629795599724,0.4163838624954223,0.2435792535543441,0.0499348118901252,1.237106204032898
1629795599724,0.4163838624954223,0.2435792535543441,0.0499348118901252,1.237106204032898
1629795599818,0.4163838624954223,0.2435792535543441,0.0499348118901252,1.237106204032898
1629795600086,0.4163838624954223,0.2435792535543441,0.0499348118901252,1.237106204032898
1629795600133,0.4163838624954223,0.2435792535543441,0.0499348118901252,1.237106204032898
1629795600148,0.4163838624954223,0.2435792535543441,0.0499348118901252,1.237106204032898
1629795600258,0.4163838624954223,0.2435792535543441,0.0499348118901252,1.237106204032898
1629795600367,0.4163838624954223,0.2435792535543441,0.0499348118901252,1.237106204032898
1629795600382,0.4163838624954223,0.2435792535543441,0.0499348118901252,1.237106204032898
1629795600539,0.4163838624954223,0.2435792535543441,0.0499348118901252,1.237106204032898
1629795600601,0.4163838624954223,0.2435792535543441,0.0499348118901252,1.237106204032898
1629795600757,0.4163838624954223,0.2435792535543441,0.0499348118901252,1.237106204032898
1629795600757,0.4163838624954223,0.2435792535543441,0.0499348118901252,1.237106204032898
1629795600867,0.4163838624954223,0.2435792535543441,0.0499348118901252,1.237106204032898
1629795601151,0.4163838624954223,0.2435792535543441,0.0499348118901252,1.237106204032898
1629795601541,0.4163838624954223,0.2435792535543441,0.0499348118901252,1.237106204032898
1629795601619,0.4163838624954223,0.2435792535543441,0.0499348118901252,1.237106204032898
1629795601697,0.4163838624954223,0.2435792535543441,0.0499348118901252,1.237106204032898
1629795601713,0.4163838624954223,0.2435792535543441,0.0499348118901252,1.237106204032898
1629795601760,0.4163838624954223,0.2435792535543441,0.0499348118901252,1.237106204032898
1629795601822,0.4163838624954223,0.2435792535543441,0.0499348118901252,1.237106204032898
1629795601854,0.4163838624954223,0.2435792535543441,0.0499348118901252,1.237106204032898
1629795601869,0.4163838624954223,0.2435792535543441,0.0499348118901252,1.237106204032898
1629795601869,0.4163838624954223,0.2435792535543441,0.0499348118901252,1.237106204032898
1629795601885,0.4163838624954223,0.2435792535543441,0.0499348118901252,1.237106204032898
1629795601994,0.4163838624954223,0.2435792535543441,0.0499348118901252,1.237106204032898
1629795602184,0.4163838624954223,0.2435792535543441,0.0499348118901252,1.237106204032898
1629795602278,0.4163838624954223,0.2435792535543441,0.0499348118901252,1.237106204032898
1629795602356,0.4163838624954223,0.2435792535543441,0.0499348118901252,1.237106204032898
1629795602387,0.4163838624954223,0.2435792535543441,0.0499348118901252,1.237106204032898
1629795602449,0.4163838624954223,0.2435792535543441,0.0499348118901252,1.237106204032898
1629795602574,0.4163838624954223,0.2435792535543441,0.0499348118901252,1.237106204032898
1629795602834,0.4163838624954223,0.2435792535543441,0.0499348118901252,1.237106204032898
1629795602877,0.4163838624954223,0.2435792535543441,0.0499348118901252,1.237106204032898
1629795602893,0.4163838624954223,0.2435792535543441,0.0499348118901252,1.237106204032898
1629795603000,0.4163838624954223,0.2435792535543441,0.0499348118901252,1.237106204032898
1629795603125,0.4163838624954223,0.2435792535543441,0.0499348118901252,1.237106204032898
1629795603332,0.4163838624954223,0.2435792535543441,0.0499348118901252,1.237106204032898
1629795603426,0.4163838624954223,0.2435792535543441,0.0499348118901252,1.237106204032898
1629795603738,0.4163838624954223,-0.4894294738769531,-0.0503705069422721,1.237106204032898
1629795603754,0.4163838624954223,-0.4937849938869476,0.0288372877985239,1.237106204032898
1629795603832,0.4163838624954223,-0.4661793112754822,0.0882174894213676,1.237106204032898
1629795603863,0.4163838624954223,-0.4159731268882751,0.1139637753367424,1.237106204032898
1629795603926,0.4163838624954223,-0.3687213659286499,0.1080032438039779,1.237106204032898
1629795603926,0.4163838624954223,-0.3687213659286499,0.1080032438039779,1.237106204032898
1629795604004,0.4163838624954223,-0.3687213659286499,0.1080032438039779,1.237106204032898
1629795604019,0.4163838624954223,-0.3687213659286499,0.1080032438039779,1.237106204032898
1629795604162,0.4163838624954223,-0.3687213659286499,0.1080032438039779,1.237106204032898
1629795604366,0.4163838624954223,-0.3687213659286499,0.1080032438039779,1.237106204032898
1629795604429,0.4163838624954223,-0.3687213659286499,0.1080032438039779,1.237106204032898
1629795604663,0.4163838624954223,-0.3687213659286499,0.1080032438039779,1.237106204032898
1629795604694,0.4163838624954223,-0.3790772259235382,0.1433581411838531,1.237106204032898
1629795604960,0.4163838624954223,-0.3653200268745422,0.1778110861778259,1.237106204032898
1629795605038,0.4163838624954223,-0.3340651988983154,0.2062985450029373,1.237106204032898
1629795605100,0.4163838624954223,-0.2743696570396423,0.2238045930862426,1.237106204032898
1629795605463,0.4163838624954223,-0.2743696570396423,0.2238045930862426,1.237106204032898
1629795605619,0.4163838624954223,-0.2743696570396423,0.2238045930862426,1.237106204032898
1629795605713,0.4163838624954223,-0.2743696570396423,0.2238045930862426,1.237106204032898
1629795605853,0.4163838624954223,-0.2743696570396423,0.2238045930862426,1.237106204032898
1629795606168,0.4163838624954223,-0.2743696570396423,0.2238045930862426,1.237106204032898
1629795606184,0.4163838624954223,-0.2743696570396423,0.2238045930862426,1.237106204032898
1629795606199,0.4163838624954223,-0.2743696570396423,0.2238045930862426,1.237106204032898
1629795606199,0.4163838624954223,-0.2743696570396423,0.2238045930862426,1.237106204032898
1629795606262,0.4163838624954223,-0.2743696570396423,0.2238045930862426,1.237106204032898
1629795606355,0.4163838624954223,-0.2743696570396423,0.2238045930862426,1.237106204032898
1629795606355,0.4163838624954223,-0.2743696570396423,0.2238045930862426,1.237106204032898
1629795606387,0.4163838624954223,-0.2743696570396423,0.2238045930862426,1.237106204032898
1629795606434,0.4163838624954223,-0.2743696570396423,0.2238045930862426,1.237106204032898
1629795606434,0.4163838624954223,-0.2743696570396423,0.2238045930862426,1.237106204032898
1629795606496,0.4163838624954223,-0.2743696570396423,0.2238045930862426,1.237106204032898
1629795606762,0.4163838624954223,-0.2743696570396423,0.2238045930862426,1.237106204032898
1629795606871,0.4163838624954223,-0.2743696570396423,0.2238045930862426,1.237106204032898
1629795607043,0.4163838624954223,-0.2743696570396423,0.2238045930862426,1.237106204032898
1629795607155,0.4163838624954223,-0.2743696570396423,0.2238045930862426,1.237106204032898
1629795607249,0.4163838624954223,-0.2743696570396423,0.2238045930862426,1.237106204032898
1629795607264,0.4163838624954223,-0.2743696570396423,0.2238045930862426,1.237106204032898
1629795607421,0.4163838624954223,-0.2743696570396423,0.2238045930862426,1.237106204032898
1629795607436,0.4163838624954223,-0.2743696570396423,0.2238045930862426,1.237106204032898
1629795607436,0.4163838624954223,-0.2743696570396423,0.2238045930862426,1.237106204032898
1629795607483,0.4163838624954223,-0.2743696570396423,0.2238045930862426,1.237106204032898
1629795607702,0.4163838624954223,-0.2743696570396423,0.2238045930862426,1.237106204032898
1629795607764,0.4163838624954223,-0.2743696570396423,0.2238045930862426,1.237106204032898
1629795607983,0.4163838624954223,-0.2743696570396423,0.2238045930862426,1.237106204032898
1629795607999,0.4163838624954223,-0.2743696570396423,0.2238045930862426,1.237106204032898
1629795608030,0.4163838624954223,-0.2743696570396423,0.2238045930862426,1.237106204032898
1629795608061,0.4163838624954223,-0.2743696570396423,0.2238045930862426,1.237106204032898
1629795608376,0.4163838624954223,-0.2743696570396423,0.2238045930862426,1.237106204032898
1629795608439,0.4163838624954223,-0.2743696570396423,0.2238045930862426,1.237106204032898
1629795608595,0.4163838624954223,-0.2743696570396423,0.2238045930862426,1.237106204032898
1629795608814,0.4163838624954223,-0.2743696570396423,0.2238045930862426,1.237106204032898
1629795608970,0.4163838624954223,-0.2743696570396423,0.2238045930862426,1.237106204032898
1629795609176,0.4163838624954223,-0.2743696570396423,0.2238045930862426,1.237106204032898
1629795609473,0.4163838624954223,-0.2743696570396423,0.2238045930862426,1.237106204032898
1629795609613,0.4163838624954223,-0.2743696570396423,0.0041109710000455,1.237106204032898
1629795609769,0.4163838624954223,-0.2743696570396423,0.0041109710000455,1.237106204032898
1629795609832,0.4163838624954223,-0.2743696570396423,0.0041109710000455,1.237106204032898
1629795610144,0.4163838624954223,-0.2743696570396423,0.0041109710000455,1.237106204032898
1629795610195,0.4163838624954223,-0.2743696570396423,0.0041109710000455,1.237106204032898
1629795610304,0.4163838624954223,-0.2743696570396423,0.0041109710000455,1.237106204032898
1629795610335,0.4163838624954223,-0.2743696570396423,0.0041109710000455,1.237106204032898
1629795610413,0.4163838624954223,-0.2743696570396423,0.0041109710000455,1.237106204032898
1629795610476,0.4163838624954223,-0.2743696570396423,0.0041109710000455,1.237106204032898
1629795610616,0.4163838624954223,-0.2743696570396423,0.0041109710000455,1.237106204032898
1629795610710,0.4163838624954223,-0.2743696570396423,0.0041109710000455,1.237106204032898
1629795610757,0.4163838624954223,-0.2743696570396423,0.0041109710000455,1.237106204032898
1629795610788,0.4163838624954223,-0.2743696570396423,0.0041109710000455,1.237106204032898
1629795610804,0.4163838624954223,-0.2743696570396423,0.0041109710000455,1.237106204032898
1629795610835,0.4163838624954223,-0.2743696570396423,0.0041109710000455,1.237106204032898
1629795610866,0.4163838624954223,-0.2743696570396423,0.0041109710000455,1.237106204032898
1629795610913,0.4163838624954223,-0.2743696570396423,0.0041109710000455,1.237106204032898
1629795611085,0.4163838624954223,-0.2743696570396423,0.0041109710000455,1.237106204032898
1629795611101,0.4163838624954223,-0.2743696570396423,0.0041109710000455,1.237106204032898
1629795611147,0.4163838624954223,-0.2743696570396423,0.0041109710000455,1.237106204032898
1629795611147,0.4163838624954223,-0.2743696570396423,0.0041109710000455,1.237106204032898
1629795611163,0.4163838624954223,-0.2743696570396423,0.0041109710000455,1.237106204032898
1629795611337,0.4163838624954223,-0.2743696570396423,0.0041109710000455,1.237106204032898
1629795611837,0.4163838624954223,-0.2743696570396423,0.0041109710000455,1.237106204032898
1629795611853,0.4163838624954223,-0.2743696570396423,0.0041109710000455,1.237106204032898
1629795612149,0.4163838624954223,-0.2743696570396423,0.0041109710000455,1.237106204032898
1629795612352,0.4163838624954223,-0.2743696570396423,0.0041109710000455,1.237106204032898
1629795612493,0.4163838624954223,-0.2743696570396423,0.0041109710000455,1.237106204032898
1629795612509,0.4163838624954223,-0.2743696570396423,0.0041109710000455,1.237106204032898
1629795612540,0.4163838624954223,-0.2743696570396423,0.0041109710000455,1.237106204032898
1629795612540,0.4163838624954223,-0.2743696570396423,0.0041109710000455,1.237106204032898
1629795612540,0.4163838624954223,-0.2743696570396423,0.0041109710000455,1.237106204032898
1629795612712,0.4163838624954223,-0.2743696570396423,0.0041109710000455,1.237106204032898
1629795612712,0.4163838624954223,-0.2743696570396423,0.0041109710000455,1.237106204032898
1629795612727,0.4163838624954223,-0.2743696570396423,0.0041109710000455,1.237106204032898
1629795612774,0.4163838624954223,-0.2743696570396423,0.0041109710000455,1.237106204032898
1629795612805,0.4163838624954223,-0.2743696570396423,0.0041109710000455,1.237106204032898
1629795612884,0.4163838624954223,-0.2743696570396423,0.0041109710000455,1.237106204032898
1629795612899,0.4163838624954223,-0.2743696570396423,0.0041109710000455,1.237106204032898
1629795613165,0.4163838624954223,-0.2743696570396423,0.0041109710000455,1.237106204032898
1629795613557,0.4163838624954223,-0.2743696570396423,0.0041109710000455,1.237106204032898
1629795613885,0.4163838624954223,-0.2743696570396423,0.0041109710000455,1.237106204032898
1629795614042,0.4163838624954223,-0.2743696570396423,0.0041109710000455,1.237106204032898
1629795614356,0.4163838624954223,-0.2743696570396423,0.0041109710000455,1.237106204032898
1629795614372,0.4163838624954223,-0.2743696570396423,0.0041109710000455,1.237106204032898
1629795614419,0.4163838624954223,-0.2743696570396423,0.0041109710000455,1.237106204032898
1629795614575,0.4163838624954223,-0.2743696570396423,0.0041109710000455,1.237106204032898
1629795614622,0.4163838624954223,-0.2743696570396423,0.0041109710000455,1.237106204032898
1629795614653,0.4163838624954223,-0.2743696570396423,0.0041109710000455,1.237106204032898
1629795614700,0.4163838624954223,-0.2743696570396423,0.0041109710000455,1.237106204032898
1629795614903,0.4163838624954223,-0.2743696570396423,0.0041109710000455,1.237106204032898
1629795614934,0.4163838624954223,-0.2743696570396423,0.0041109710000455,1.237106204032898
1629795614934,0.4163838624954223,-0.2743696570396423,0.0041109710000455,1.237106204032898
1629795615044,0.4163838624954223,-0.2743696570396423,0.0041109710000455,1.237106204032898
1629795615265,0.4163838624954223,-0.2743696570396423,0.0041109710000455,1.237106204032898
1629795615280,0.4163838624954223,-0.2743696570396423,0.0041109710000455,1.237106204032898
1629795615296,0.4163838624954223,-0.2743696570396423,0.0041109710000455,1.237106204032898
1629795615499,0.4163838624954223,-0.2743696570396423,0.0041109710000455,1.237106204032898
1629795615530,0.4163838624954223,-0.2743696570396423,0.0041109710000455,1.237106204032898
1629795615530,0.4163838624954223,-0.2743696570396423,0.0041109710000455,1.237106204032898
1629795615608,0.4163838624954223,-0.2743696570396423,0.0041109710000455,1.237106204032898
1629795615655,0.4163838624954223,-0.2743696570396423,0.0041109710000455,1.237106204032898
1629795615749,0.4163838624954223,-0.2743696570396423,0.0041109710000455,1.237106204032898
1629795616108,0.4163838624954223,-0.2743696570396423,0.0041109710000455,1.237106204032898
1629795616108,0.4163838624954223,-0.2743696570396423,0.0041109710000455,1.237106204032898
1629795616170,0.4163838624954223,-0.2743696570396423,0.0041109710000455,1.237106204032898
1629795616298,0.4163838624954223,-0.2743696570396423,0.0041109710000455,1.237106204032898
1629795616345,0.4163838624954223,-0.2743696570396423,0.0041109710000455,1.237106204032898
1629795616501,0.4163838624954223,-0.2743696570396423,0.0041109710000455,1.237106204032898
1629795616610,0.4163838624954223,-0.2743696570396423,0.0041109710000455,1.237106204032898
1629795616720,0.4163838624954223,-0.2743696570396423,0.0041109710000455,1.237106204032898
1629795616751,0.4163838624954223,-0.2743696570396423,0.0041109710000455,1.237106204032898
1629795616860,0.4163838624954223,-0.2743696570396423,0.0041109710000455,1.237106204032898
1629795616876,0.4163838624954223,-0.2743696570396423,0.0041109710000455,1.237106204032898
1629795616876,0.4163838624954223,-0.2743696570396423,0.0041109710000455,1.237106204032898
1629795616892,0.4163838624954223,-0.2743696570396423,0.0041109710000455,1.237106204032898
1629795617110,0.4163838624954223,-0.2743696570396423,0.0041109710000455,1.237106204032898
1629795617173,0.4163838624954223,-0.2743696570396423,0.0041109710000455,1.237106204032898
1629795617348,0.4163838624954223,-0.2743696570396423,0.0041109710000455,1.237106204032898
1629795617379,0.4163838624954223,-0.2743696570396423,0.0041109710000455,1.237106204032898
1629795617457,0.4163838624954223,-0.2743696570396423,0.0041109710000455,1.237106204032898
1629795617504,0.4163838624954223,-0.2743696570396423,0.0041109710000455,1.237106204032898
1629795617566,0.4163838624954223,-0.2743696570396423,0.0041109710000455,1.237106204032898
1629795617582,0.4163838624954223,-0.2743696570396423,0.0041109710000455,1.237106204032898
1629795617754,0.4163838624954223,-0.2743696570396423,0.0041109710000455,1.237106204032898
1629795617926,0.4163838624954223,-0.2743696570396423,0.0041109710000455,1.237106204032898
1629795617941,0.4163838624954223,-0.2743696570396423,0.0041109710000455,1.237106204032898
1629795617941,0.4163838624954223,-0.2743696570396423,0.0041109710000455,1.237106204032898
1629795618412,0.4163838624954223,-0.2743696570396423,0.0041109710000455,1.237106204032898
1629795618568,0.4163838624954223,-0.2743696570396423,0.0041109710000455,1.237106204032898
1629795618615,0.4163838624954223,-0.2743696570396423,0.0041109710000455,1.237106204032898
1629795618631,0.4163838624954223,-0.2743696570396423,0.0041109710000455,1.237106204032898
1629795618850,0.4163838624954223,-0.2743696570396423,0.0041109710000455,1.237106204032898
1629795619037,0.4163838624954223,-0.2743696570396423,0.0041109710000455,1.237106204032898
1629795619102,0.4163838624954223,-0.2743696570396423,0.0041109710000455,1.237106204032898
1629795619118,0.4163838624954223,-0.2743696570396423,0.0041109710000455,1.237106204032898
1629795619165,0.4163838624954223,-0.2743696570396423,0.0041109710000455,1.237106204032898
1629795619180,0.4163838624954223,-0.2743696570396423,0.0041109710000455,1.237106204032898
1629795619290,0.4163838624954223,-0.2743696570396423,0.0041109710000455,1.237106204032898
1629795619539,0.4163838624954223,-0.2743696570396423,0.0041109710000455,1.237106204032898
1629795619539,0.4163838624954223,-0.2743696570396423,0.0041109710000455,1.237106204032898
1629795619555,0.4163838624954223,-0.2743696570396423,0.0041109710000455,1.237106204032898
1629795619680,0.4163838624954223,-0.2743696570396423,0.0041109710000455,1.237106204032898
1629795619821,0.4163838624954223,-0.2743696570396423,0.0041109710000455,1.237106204032898
1629795620071,0.4163838624954223,-0.2743696570396423,0.0041109710000455,1.237106204032898
1629795620086,0.4163838624954223,-0.2743696570396423,0.0041109710000455,1.237106204032898
1629795620117,0.4163838624954223,-0.2743696570396423,0.0041109710000455,1.237106204032898
1629795620183,0.4163838624954223,-0.2743696570396423,0.0041109710000455,1.237106204032898
1629795620229,0.4163838624954223,-0.2743696570396423,0.0041109710000455,1.237106204032898
1629795620448,0.4163838624954223,-0.2743696570396423,0.0041109710000455,1.237106204032898
1629795620464,0.4163838624954223,-0.2743696570396423,0.0041109710000455,1.237106204032898
1629795620511,0.4163838624954223,-0.2743696570396423,0.0041109710000455,1.237106204032898
1629795620526,0.4163838624954223,-0.2743696570396423,0.0041109710000455,1.237106204032898
1629795620604,0.4163838624954223,-0.2743696570396423,0.0041109710000455,1.237106204032898
1629795620698,0.4163838624954223,-0.2743696570396423,0.0041109710000455,1.237106204032898
1629795620823,0.4163838624954223,-0.2743696570396423,0.0041109710000455,1.237106204032898
1629795620901,0.4163838624954223,-0.2743696570396423,0.0041109710000455,1.237106204032898
1629795620995,0.4163838624954223,-0.2743696570396423,0.0041109710000455,1.237106204032898
1629795621089,0.4163838624954223,-0.2743696570396423,0.0041109710000455,1.237106204032898
1629795621310,0.4163838624954223,-0.2743696570396423,0.0041109710000455,1.237106204032898
1629795621435,0.4163838624954223,-0.2743696570396423,0.0041109710000455,1.237106204032898
1629795621622,0.4163838624954223,-0.2743696570396423,0.0041109710000455,1.237106204032898
1629795621763,0.4163838624954223,-0.2743696570396423,0.0041109710000455,1.237106204032898
1629795621810,0.4163838624954223,-0.2743696570396423,0.0041109710000455,1.237106204032898
1629795621825,0.4163838624954223,-0.2743696570396423,0.0041109710000455,1.237106204032898
1629795621888,0.4163838624954223,-0.2743696570396423,0.0041109710000455,1.237106204032898
1629795622137,0.4163838624954223,-0.2743696570396423,0.0041109710000455,1.237106204032898
1629795622155,0.4163838624954223,-0.2743696570396423,0.0041109710000455,1.237106204032898
1629795622249,0.4163838624954223,-0.2743696570396423,0.0041109710000455,1.237106204032898
1629795622280,0.4163838624954223,-0.2743696570396423,0.0041109710000455,1.237106204032898
1629795622358,0.4163838624954223,-0.2743696570396423,0.0041109710000455,1.237106204032898
1629795622437,0.4163838624954223,-0.2743696570396423,0.0041109710000455,1.237106204032898
1629795622608,0.4163838624954223,-0.2743696570396423,0.0041109710000455,1.237106204032898
1629795622671,0.4163838624954223,-0.2743696570396423,0.0041109710000455,1.237106204032898
1629795622733,0.4163838624954223,-0.2743696570396423,0.0041109710000455,1.237106204032898
1629795622796,0.4163838624954223,-0.2743696570396423,0.0041109710000455,1.237106204032898
1629795622811,0.4163838624954223,-0.2743696570396423,0.0041109710000455,1.237106204032898
1629795622843,0.4163838624954223,-0.2743696570396423,0.0041109710000455,1.237106204032898
1629795622905,0.4163838624954223,-0.2743696570396423,0.0041109710000455,1.237106204032898
1629795623235,0.4163838624954223,-0.2743696570396423,0.0041109710000455,1.237106204032898
1629795623345,0.4163838624954223,-0.2743696570396423,0.0041109710000455,1.237106204032898
1629795623391,0.4163838624954223,-0.2743696570396423,0.0041109710000455,1.237106204032898
1629795623423,0.4163838624954223,-0.2743696570396423,0.0041109710000455,1.237106204032898
1629795623782,0.4163838624954223,-0.2743696570396423,0.0041109710000455,1.237106204032898
1629795623798,0.4163838624954223,-0.2743696570396423,0.0041109710000455,1.237106204032898
1629795623860,0.4163838624954223,-0.2743696570396423,0.0041109710000455,1.237106204032898
1629795624001,0.4163838624954223,-0.2743696570396423,0.0041109710000455,1.237106204032898
1629795624110,0.4163838624954223,-0.2743696570396423,0.0041109710000455,1.237106204032898
1629795624297,0.4163838624954223,-0.2743696570396423,0.0041109710000455,1.237106204032898
1629795624360,0.4163838624954223,-0.2743696570396423,0.0041109710000455,1.237106204032898
1629795624485,0.4163838624954223,-0.2743696570396423,0.0041109710000455,1.237106204032898
1629795624579,0.4163838624954223,-0.2743696570396423,0.0041109710000455,1.237106204032898
1629795624672,0.4163838624954223,-0.2743696570396423,0.0041109710000455,1.237106204032898
1629795624891,0.4163838624954223,-0.2743696570396423,0.0041109710000455,1.237106204032898
1629795624954,0.4163838624954223,-0.2743696570396423,0.0041109710000455,1.237106204032898
1629795624987,0.4163838624954223,-0.2743696570396423,0.0041109710000455,1.237106204032898
1629795625034,0.4163838624954223,-0.2743696570396423,0.0041109710000455,1.237106204032898
1629795625050,0.4163838624954223,-0.2743696570396423,0.0041109710000455,1.237106204032898
1629795625097,0.4163838624954223,-0.2743696570396423,0.0041109710000455,1.237106204032898
1629795625128,0.4163838624954223,-0.2743696570396423,0.0041109710000455,1.237106204032898
1629795625175,0.4163838624954223,-0.2743696570396423,0.0041109710000455,1.237106204032898
1629795625206,0.4163838624954223,-0.2743696570396423,0.0041109710000455,1.237106204032898
1629795625206,0.4163838624954223,-0.2743696570396423,0.0041109710000455,1.237106204032898
1629795625347,0.4163838624954223,-0.2743696570396423,0.0041109710000455,1.237106204032898
1629795625503,0.4163838624954223,-0.2743696570396423,0.0041109710000455,1.237106204032898
1629795625612,0.4163838624954223,-0.2743696570396423,0.0041109710000455,1.237106204032898
1629795625784,0.4163838624954223,-0.2743696570396423,0.0041109710000455,1.237106204032898
1629795626003,0.4163838624954223,-0.2743696570396423,0.0041109710000455,1.237106204032898
1629795626240,0.4163838624954223,-0.2743696570396423,0.0041109710000455,1.237106204032898
1629795626271,0.4163838624954223,-0.2743696570396423,0.0041109710000455,1.237106204032898
1629795626412,0.4163838624954223,-0.2743696570396423,0.0041109710000455,1.237106204032898
1629795626474,0.4163838624954223,-0.2743696570396423,0.0041109710000455,1.237106204032898
1629795626537,0.4163838624954223,-0.2743696570396423,0.0041109710000455,1.237106204032898
1629795626583,0.4163838624954223,-0.2743696570396423,0.0041109710000455,1.237106204032898
1629795626677,0.4163838624954223,-0.2743696570396423,0.0041109710000455,1.237106204032898
1629795626896,0.4163838624954223,-0.2743696570396423,0.0041109710000455,1.237106204032898
1629795626927,0.4163838624954223,-0.2743696570396423,0.0041109710000455,1.237106204032898
1629795627289,0.4163838624954223,-0.2743696570396423,0.0041109710000455,1.237106204032898
1629795627460,0.4163838624954223,-0.2743696570396423,0.0041109710000455,1.237106204032898
1629795627773,0.4163838624954223,-0.2743696570396423,0.0041109710000455,1.237106204032898
1629795627867,0.4163838624954223,-0.2743696570396423,0.0041109710000455,1.237106204032898
1629795627929,0.4163838624954223,-0.2743696570396423,0.0041109710000455,1.237106204032898
1629795628023,0.4163838624954223,-0.2743696570396423,0.0041109710000455,1.237106204032898
1629795628038,0.4163838624954223,-0.2743696570396423,0.0041109710000455,1.237106204032898
1629795628101,0.4163838624954223,-0.2743696570396423,0.0041109710000455,1.237106204032898
1629795628168,0.4163838624954223,-0.2743696570396423,0.0041109710000455,1.237106204032898
1629795628261,0.4163838624954223,-0.2743696570396423,0.0041109710000455,1.237106204032898
1629795628277,0.4163838624954223,-0.2743696570396423,0.0041109710000455,1.237106204032898
1629795628292,0.4163838624954223,-0.2743696570396423,0.0041109710000455,1.237106204032898
1629795628308,0.4163838624954223,-0.2743696570396423,0.0041109710000455,1.237106204032898
1629795628371,0.4163838624954223,-0.2743696570396423,0.0041109710000455,1.237106204032898
1629795628402,0.4163838624954223,-0.2743696570396423,0.0041109710000455,1.237106204032898
1629795628480,0.4163838624954223,-0.2743696570396423,0.0041109710000455,1.237106204032898
1629795628527,0.4163838624954223,-0.2743696570396423,0.0041109710000455,1.237106204032898
1629795628542,0.4163838624954223,-0.2743696570396423,0.0041109710000455,1.237106204032898
1629795628745,0.4163838624954223,-0.2743696570396423,0.0041109710000455,1.237106204032898
1629795628839,0.4163838624954223,-0.2743696570396423,0.0041109710000455,1.237106204032898
1629795628917,0.4163838624954223,-0.2743696570396423,0.0041109710000455,1.237106204032898
1629795629074,0.4163838624954223,-0.2743696570396423,0.0041109710000455,1.237106204032898
1629795629120,0.4163838624954223,-0.2743696570396423,0.0041109710000455,1.237106204032898
1629795629279,0.4163838624954223,-0.2743696570396423,0.0041109710000455,1.237106204032898
1629795629326,0.4163838624954223,-0.2743696570396423,0.0041109710000455,1.237106204032898
1629795629357,0.4163838624954223,-0.2743696570396423,0.0041109710000455,1.237106204032898
1629795629467,0.4163838624954223,-0.2743696570396423,0.0041109710000455,1.237106204032898
1629795629467,0.4163838624954223,-0.2743696570396423,0.0041109710000455,1.237106204032898
1629795629639,0.4163838624954223,-0.2743696570396423,0.0041109710000455,1.237106204032898
1629795629654,0.4163838624954223,-0.2743696570396423,0.0041109710000455,1.237106204032898
1629795629935,0.4163838624954223,-0.2743696570396423,0.0041109710000455,1.237106204032898
1629795629998,0.4163838624954223,-0.2743696570396423,-0.0844768583774566,1.237106204032898
1629795630092,0.4163838624954223,-0.3146055042743683,-0.0676716640591621,1.237106204032898
1629795630107,0.4163838624954223,-0.2250643223524093,-0.0445985868573188,1.237106204032898
1629795630203,0.4163838624954223,-0.1537807136774063,-0.0287303663790226,1.237106204032898
1629795630234,0.4163838624954223,-0.104431428015232,-0.0054659931920468,1.237106204032898
1629795630281,0.4163838624954223,-0.0829975679516792,0.0174651220440864,1.237106204032898
1629795630547,0.4163838624954223,-0.0753629952669143,0.0466463416814804,1.237106204032898
1629795630625,0.4163838624954223,-0.0730591937899589,0.0700106397271156,1.237106204032898
1629795630844,0.4163838624954223,-0.0724050030112266,0.0822166576981544,1.237106204032898
1629795630875,0.4163838624954223,-0.0775438919663429,0.0837262645363807,1.237106204032898
1629795630953,0.4163838624954223,-0.0857275128364563,0.0781261026859283,1.237106204032898
1629795631031,0.4163838624954223,-0.0987876057624816,0.066397987306118,1.237106204032898
1629795631187,0.4163838624954223,-0.1101971939206123,0.0606178492307662,1.237106204032898
1629795631344,0.4163838624954223,-0.1056620255112648,0.0524172037839889,1.237106204032898
1629795631531,0.4163838624954223,-0.093724176287651,0.0472020432353019,1.237106204032898
1629795631578,0.4163838624954223,-0.0782196819782257,0.0421692617237567,1.237106204032898
1629795631796,0.4163838624954223,-0.0620925053954124,0.0406488925218582,1.237106204032898
1629795631843,0.4163838624954223,-0.0586031973361969,0.0408789962530136,1.237106204032898
1629795631890,0.4163838624954223,-0.0695838406682014,0.0393546111881732,1.237106204032898
1629795632033,0.4163838624954223,-0.0945432782173156,0.0261869020760059,1.237106204032898
1629795632189,0.4163838624954223,-0.1240670457482338,0.0003201857616659,1.237106204032898
1629795632455,0.4163838624954223,-0.1551317274570465,-0.0409196466207504,1.237106204032898
1629795632642,0.4163838624954223,-0.1866001635789871,-0.0890787839889526,1.237106204032898
1629795632751,0.4163838624954223,-0.2172517627477646,-0.1333592683076858,1.237106204032898
1629795632814,0.4163838624954223,-0.2412850856781005,-0.1686555296182632,1.237106204032898
1629795633033,0.4163838624954223,-0.2445277869701385,-0.183400273323059,1.237106204032898
1629795633033,0.4163838624954223,-0.2393348515033722,-0.1866292357444763,1.237106204032898
1629795633251,0.4163838624954223,-0.2337453812360763,-0.1807942539453506,1.237106204032898
1629795633267,0.4163838624954223,-0.2305606603622436,-0.1706055253744125,1.237106204032898
1629795633267,0.4163838624954223,-0.2408625781536102,-0.165610134601593,1.237106204032898
1629795633298,0.4163838624954223,-0.2698737680912018,-0.1678930073976516,1.237106204032898
1629795633423,0.4163838624954223,-0.3344471156597137,-0.1882179826498031,1.237106204032898
1629795633673,0.4163838624954223,-0.4369499385356903,-0.238514631986618,1.237106204032898
1629795633736,0.4163838624954223,-0.5596944093704224,-0.3065444529056549,1.237106204032898
1629795633751,0.4163838624954223,-0.6677861213684082,-0.3758062124252319,1.237106204032898
1629795633845,0.4163838624954223,-0.7195783257484436,-0.4099301993846893,1.237106204032898
1629795634196,0.4163838624954223,-0.7195783257484436,-0.4099301993846893,1.237106204032898
1629795634498,0.4163838624954223,-0.7195783257484436,-0.4099301993846893,1.237106204032898
1629795634514,0.4163838624954223,-0.7195783257484436,-0.4099301993846893,1.237106204032898
1629795634590,0.4163838624954223,-0.7195783257484436,-0.4099301993846893,1.237106204032898
1629795634653,0.4163838624954223,-0.7195783257484436,-0.4099301993846893,1.237106204032898
1629795634668,0.4163838624954223,-0.7195783257484436,-0.4099301993846893,1.237106204032898
1629795634696,0.4163838624954223,-0.7195783257484436,-0.4099301993846893,1.237106204032898
1629795634729,0.4163838624954223,-0.7195783257484436,-0.4099301993846893,1.237106204032898
1629795634773,0.4163838624954223,-0.7195783257484436,-0.4099301993846893,1.237106204032898
1629795634806,0.4163838624954223,-0.7195783257484436,-0.4099301993846893,1.237106204032898
1629795634821,0.4163838624954223,-0.7195783257484436,-0.4099301993846893,1.237106204032898
1629795634873,0.4163838624954223,-0.7195783257484436,-0.4099301993846893,1.237106204032898
1629795634887,0.4163838624954223,-0.7195783257484436,-0.4099301993846893,1.237106204032898
1629795635024,0.4163838624954223,-0.7195783257484436,-0.4099301993846893,1.237106204032898
1629795635055,0.4163838624954223,-0.7195783257484436,-0.4099301993846893,1.237106204032898
1629795635291,0.4163838624954223,-0.7195783257484436,-0.4099301993846893,1.237106204032898
1629795635419,0.4163838624954223,-0.7195783257484436,-0.4099301993846893,1.237106204032898
1629795635440,0.4163838624954223,-0.7195783257484436,-0.4099301993846893,1.237106204032898
1629795635480,0.4163838624954223,-0.7195783257484436,-0.4099301993846893,1.237106204032898
1629795635641,0.4163838624954223,-0.7195783257484436,-0.4099301993846893,1.237106204032898
1629795635750,0.4163838624954223,-0.7195783257484436,-0.4099301993846893,1.237106204032898
1629795635782,0.4163838624954223,-0.7195783257484436,-0.4099301993846893,1.237106204032898
1629795635813,0.4163838624954223,-0.7195783257484436,-0.4099301993846893,1.237106204032898
1629795636013,0.4163838624954223,-0.7195783257484436,-0.4099301993846893,1.237106204032898
1629795636123,0.4163838624954223,-0.7195783257484436,-0.4099301993846893,1.237106204032898
1629795636558,0.4163838624954223,-0.7195783257484436,-0.4099301993846893,1.237106204032898
1629795636666,0.4163838624954223,-0.7195783257484436,-0.1302098929882049,1.237106204032898
1629795636895,0.4163838624954223,0.1403217315673828,0.0245255548506975,1.237106204032898
1629795637114,0.4163838624954223,0.2030236423015594,0.105396568775177,1.237106204032898
1629795637280,0.4163838624954223,0.2030236423015594,0.105396568775177,1.237106204032898
1629795637358,0.4163838624954223,0.2030236423015594,0.105396568775177,1.237106204032898
1629795637436,0.4163838624954223,0.2030236423015594,0.105396568775177,1.237106204032898
1629795637686,0.4163838624954223,0.2030236423015594,0.105396568775177,1.237106204032898
1629795637733,0.4163838624954223,0.2030236423015594,0.105396568775177,1.237106204032898
1629795637811,0.4163838624954223,0.2030236423015594,0.105396568775177,1.237106204032898
1629795637827,0.4163838624954223,0.2030236423015594,0.105396568775177,1.237106204032898
1629795637920,0.4163838624954223,0.2030236423015594,0.105396568775177,1.237106204032898
1629795637983,0.4163838624954223,0.2030236423015594,0.105396568775177,1.237106204032898
1629795637998,0.4163838624954223,0.2030236423015594,0.1758042424917221,1.237106204032898
1629795638014,0.4163838624954223,0.2795045673847198,0.2541907727718353,1.237106204032898
1629795638123,0.4163838624954223,0.2795045673847198,0.2541907727718353,1.237106204032898
1629795638123,0.4163838624954223,0.2795045673847198,0.2541907727718353,1.237106204032898
1629795638217,0.4163838624954223,0.2795045673847198,0.2541907727718353,1.237106204032898
1629795638405,0.4163838624954223,0.2795045673847198,0.2541907727718353,1.237106204032898
1629795638483,0.4163838624954223,0.2795045673847198,0.2541907727718353,1.237106204032898
1629795638530,0.4163838624954223,0.2795045673847198,0.2541907727718353,1.237106204032898
1629795638545,0.4163838624954223,0.2795045673847198,0.2541907727718353,1.237106204032898
1629795638639,0.4163838624954223,0.2795045673847198,0.2541907727718353,1.237106204032898
1629795638889,0.4163838624954223,0.2795045673847198,0.2541907727718353,1.237106204032898
1629795638995,0.4163838624954223,0.2795045673847198,0.2541907727718353,1.237106204032898
1629795639216,0.4163838624954223,0.2795045673847198,0.2541907727718353,1.237106204032898
1629795639279,0.4163838624954223,0.2795045673847198,0.2541907727718353,1.237106204032898
1629795639326,0.4163838624954223,0.2795045673847198,0.2541907727718353,1.237106204032898
1629795639357,0.4163838624954223,0.2795045673847198,0.2541907727718353,1.237106204032898
1629795639404,0.4163838624954223,0.2795045673847198,0.2541907727718353,1.237106204032898
1629795639466,0.4163838624954223,0.2795045673847198,0.2541907727718353,1.237106204032898
1629795639513,0.4163838624954223,0.2795045673847198,0.2541907727718353,1.237106204032898
1629795639544,0.4163838624954223,0.2795045673847198,0.2541907727718353,1.237106204032898
1629795639638,0.4163838624954223,0.2795045673847198,0.2541907727718353,1.237106204032898
1629795639888,0.4163838624954223,0.2795045673847198,0.2541907727718353,1.237106204032898
1629795639997,0.4163838624954223,0.2795045673847198,0.2541907727718353,1.237106204032898
1629795640122,0.4163838624954223,0.2795045673847198,0.2541907727718353,1.237106204032898
1629795640247,0.4163838624954223,0.2795045673847198,0.2541907727718353,1.237106204032898
1629795640294,0.4163838624954223,0.2795045673847198,0.2541907727718353,1.237106204032898
1629795640404,0.4163838624954223,0.2795045673847198,0.2541907727718353,1.237106204032898
1629795640434,0.4163838624954223,0.2795045673847198,0.2541907727718353,1.237106204032898
1629795640529,0.4163838624954223,0.2795045673847198,0.2541907727718353,1.237106204032898
1629795640592,0.4163838624954223,0.2795045673847198,0.2541907727718353,1.237106204032898
1629795640717,0.4163838624954223,0.2795045673847198,0.2541907727718353,1.237106204032898
1629795640873,0.4163838624954223,0.2795045673847198,0.2541907727718353,1.237106204032898
1629795640982,0.4163838624954223,0.2795045673847198,0.2541907727718353,1.237106204032898
1629795641125,0.4163838624954223,0.2795045673847198,0.2541907727718353,1.237106204032898
1629795641156,0.4163838624954223,0.2795045673847198,0.2541907727718353,1.237106204032898
1629795641266,0.4163838624954223,0.2795045673847198,0.2541907727718353,1.237106204032898
1629795641328,0.4163838624954223,0.2795045673847198,0.2541907727718353,1.237106204032898
1629795641453,0.4163838624954223,0.2795045673847198,0.2541907727718353,1.237106204032898
1629795641562,0.4163838624954223,0.2795045673847198,0.2541907727718353,1.237106204032898
1629795641609,0.4163838624954223,0.2795045673847198,0.2541907727718353,1.237106204032898
1629795641640,0.4163838624954223,0.2795045673847198,0.2541907727718353,1.237106204032898
1629795641859,0.4163838624954223,0.2795045673847198,0.2541907727718353,1.237106204032898
1629795642000,0.4163838624954223,0.2795045673847198,0.2076909840106964,1.237106204032898
1629795642109,0.4163838624954223,0.2795045673847198,0.1458579152822494,1.237106204032898
1629795642268,0.4163838624954223,0.2795045673847198,0.0955808535218238,1.237106204032898
1629795642330,0.4163838624954223,0.2795045673847198,0.0545290075242519,1.237106204032898
1629795642424,0.4163838624954223,0.2795045673847198,0.0179769359529018,1.237106204032898
1629795642549,0.4163838624954223,0.2795045673847198,0.0179769359529018,1.237106204032898
1629795642627,0.4163838624954223,0.2795045673847198,0.0179769359529018,1.237106204032898
1629795642737,0.4163838624954223,0.2795045673847198,0.0179769359529018,1.237106204032898
1629795642799,0.4163838624954223,0.2795045673847198,0.0179769359529018,1.237106204032898
1629795642893,0.4163838624954223,0.2795045673847198,0.0179769359529018,1.237106204032898
1629795642924,0.4163838624954223,0.2795045673847198,0.0179769359529018,1.237106204032898
1629795642998,0.4163838624954223,0.2795045673847198,0.0179769359529018,1.237106204032898
1629795643123,0.4163838624954223,0.2795045673847198,-0.0284811854362487,1.237106204032898
1629795643202,0.4163838624954223,0.2795045673847198,-0.1241032853722572,1.237106204032898
1629795643311,0.4163838624954223,0.2795045673847198,-0.2408122271299362,1.237106204032898
1629795643420,0.4163838624954223,0.2795045673847198,-0.3266898095607757,1.237106204032898
1629795643545,0.4163838624954223,0.2795045673847198,-0.3266898095607757,1.237106204032898
1629795643873,0.4163838624954223,0.2795045673847198,-0.3266898095607757,1.237106204032898
1629795643967,0.4163838624954223,0.2795045673847198,-0.3266898095607757,1.237106204032898
1629795644045,0.4163838624954223,0.2795045673847198,-0.3266898095607757,1.237106204032898
1629795644313,0.4163838624954223,0.2795045673847198,-0.3266898095607757,1.237106204032898
1629795644329,0.4163838624954223,0.2795045673847198,-0.3266898095607757,1.237106204032898
1629795644344,0.4163838624954223,0.2795045673847198,-0.3266898095607757,1.237106204032898
1629795644422,0.4163838624954223,0.2795045673847198,-0.3266898095607757,1.237106204032898
1629795644516,0.4163838624954223,0.2795045673847198,-0.3266898095607757,1.237106204032898
1629795644766,0.4163838624954223,0.2795045673847198,-0.3266898095607757,1.237106204032898
1629795644860,0.4163838624954223,0.2795045673847198,-0.3266898095607757,1.237106204032898
1629795644891,0.4163838624954223,0.2795045673847198,-0.3266898095607757,1.237106204032898
1629795644891,0.4163838624954223,0.2795045673847198,-0.3266898095607757,1.237106204032898
1629795645219,0.4163838624954223,0.2795045673847198,-0.3266898095607757,1.237106204032898
1629795645237,0.4163838624954223,0.2795045673847198,-0.3266898095607757,1.237106204032898
1629795645315,0.4163838624954223,0.2795045673847198,-0.3266898095607757,1.237106204032898
1629795645362,0.4163838624954223,0.2795045673847198,-0.3266898095607757,1.237106204032898
1629795645425,0.4163838624954223,0.2795045673847198,-0.3266898095607757,1.237106204032898
1629795645534,0.4163838624954223,0.2795045673847198,-0.3266898095607757,1.237106204032898
1629795645690,0.4163838624954223,0.2795045673847198,-0.3266898095607757,1.237106204032898
1629795645925,0.4163838624954223,0.2795045673847198,-0.3266898095607757,1.237106204032898
1629795646174,0.4163838624954223,0.2795045673847198,-0.3266898095607757,1.237106204032898
1629795646299,0.4163838624954223,0.2795045673847198,-0.3266898095607757,1.237106204032898
1629795646299,0.4163838624954223,0.2795045673847198,-0.3266898095607757,1.237106204032898
1629795646315,0.4163838624954223,0.2795045673847198,-0.3266898095607757,1.237106204032898
1629795646534,0.4163838624954223,0.2795045673847198,-0.3266898095607757,1.237106204032898
1629795646534,0.4163838624954223,0.2795045673847198,-0.3266898095607757,1.237106204032898
1629795646659,0.4163838624954223,0.2795045673847198,-0.3266898095607757,1.237106204032898
1629795646768,0.4163838624954223,0.2795045673847198,-0.3266898095607757,1.237106204032898
1629795646784,0.4163838624954223,0.2795045673847198,-0.3266898095607757,1.237106204032898
1629795646799,0.4163838624954223,0.2795045673847198,-0.3266898095607757,1.237106204032898
1629795646971,0.4163838624954223,0.2795045673847198,-0.3266898095607757,1.237106204032898
1629795647002,0.4163838624954223,0.2795045673847198,-0.3266898095607757,1.237106204032898
1629795647114,0.4163838624954223,0.2795045673847198,-0.3266898095607757,1.237106204032898
1629795647114,0.4163838624954223,0.2795045673847198,-0.3266898095607757,1.237106204032898
1629795647417,0.4163838624954223,0.2795045673847198,-0.3266898095607757,1.237106204032898
1629795647479,0.4163838624954223,0.2795045673847198,-0.3266898095607757,1.237106204032898
1629795647479,0.4163838624954223,0.2795045673847198,-0.3266898095607757,1.237106204032898
1629795647573,0.4163838624954223,0.2795045673847198,-0.3266898095607757,1.237106204032898
1629795647776,0.4163838624954223,0.2795045673847198,-0.3266898095607757,1.237106204032898
1629795647979,0.4163838624954223,0.2795045673847198,-0.3266898095607757,1.237106204032898
1629795647995,0.4163838624954223,0.2795045673847198,-0.3266898095607757,1.237106204032898
1629795648089,0.4163838624954223,0.2795045673847198,-0.3266898095607757,1.237106204032898
1629795648104,0.4163838624954223,0.2795045673847198,-0.3266898095607757,1.237106204032898
1629795648151,0.4163838624954223,0.2795045673847198,-0.3266898095607757,1.237106204032898
1629795648151,0.4163838624954223,0.2795045673847198,-0.3266898095607757,1.237106204032898
1629795648167,0.4163838624954223,0.2795045673847198,-0.3266898095607757,1.237106204032898
1629795648182,0.4163838624954223,0.2795045673847198,-0.3266898095607757,1.237106204032898
1629795648229,0.4163838624954223,0.2795045673847198,-0.3266898095607757,1.237106204032898
1629795648354,0.4163838624954223,0.2795045673847198,-0.3266898095607757,1.237106204032898
1629795648417,0.4163838624954223,0.2795045673847198,-0.3266898095607757,1.237106204032898
1629795648635,0.4163838624954223,0.2795045673847198,-0.3266898095607757,1.237106204032898
1629795648807,0.4163838624954223,0.2795045673847198,-0.3266898095607757,1.237106204032898
1629795649042,0.4163838624954223,0.2795045673847198,-0.3266898095607757,1.237106204032898
1629795649120,0.4163838624954223,0.2795045673847198,-0.3266898095607757,1.237106204032898
1629795649198,0.4163838624954223,0.2795045673847198,-0.3266898095607757,1.237106204032898
1629795649291,0.4163838624954223,0.2795045673847198,-0.3266898095607757,1.237106204032898
1629795649323,0.4163838624954223,0.2795045673847198,-0.3266898095607757,1.237106204032898
1629795649338,0.4163838624954223,0.2795045673847198,-0.3266898095607757,1.237106204032898
1629795649448,0.4163838624954223,0.2795045673847198,-0.3266898095607757,1.237106204032898
1629795649588,0.4163838624954223,0.2795045673847198,-0.3266898095607757,1.237106204032898
1629795649651,0.4163838624954223,0.2795045673847198,-0.3266898095607757,1.237106204032898
1629795649791,0.4163838624954223,0.2795045673847198,-0.3266898095607757,1.237106204032898
1629795649901,0.4163838624954223,0.2795045673847198,-0.3266898095607757,1.237106204032898
1629795650057,0.4163838624954223,0.2795045673847198,-0.3266898095607757,1.237106204032898
1629795650213,0.4163838624954223,0.2795045673847198,-0.3266898095607757,1.237106204032898
1629795650421,0.4163838624954223,0.2795045673847198,-0.3266898095607757,1.237106204032898
1629795650577,0.4163838624954223,0.2795045673847198,-0.3266898095607757,1.237106204032898
1629795650639,0.4163838624954223,0.2795045673847198,-0.3266898095607757,1.237106204032898
1629795650733,0.4163838624954223,0.2795045673847198,-0.3266898095607757,1.237106204032898
1629795650780,0.4163838624954223,0.2795045673847198,-0.3266898095607757,1.237106204032898
1629795650874,0.4163838624954223,0.2795045673847198,-0.3266898095607757,1.237106204032898
1629795651016,0.4163838624954223,0.2795045673847198,-0.3266898095607757,1.237106204032898
1629795651032,0.4163838624954223,0.2795045673847198,-0.3266898095607757,1.237106204032898
1629795651032,0.4163838624954223,0.2795045673847198,-0.3266898095607757,1.237106204032898
1629795651172,0.4163838624954223,0.2795045673847198,-0.3266898095607757,1.237106204032898
1629795651297,0.4163838624954223,0.2795045673847198,-0.3266898095607757,1.237106204032898
1629795651360,0.4163838624954223,0.2795045673847198,-0.3266898095607757,1.237106204032898
1629795651407,0.4163838624954223,0.2795045673847198,-0.3266898095607757,1.237106204032898
1629795651485,0.4163838624954223,0.2795045673847198,-0.3266898095607757,1.237106204032898
1629795651625,0.4163838624954223,0.2795045673847198,-0.3266898095607757,1.237106204032898
1629795651766,0.4163838624954223,0.2795045673847198,-0.3266898095607757,1.237106204032898
1629795651844,0.4163838624954223,0.2795045673847198,-0.3266898095607757,1.237106204032898
1629795651860,0.4163838624954223,0.2795045673847198,-0.3266898095607757,1.237106204032898
1629795651985,0.4163838624954223,0.2795045673847198,-0.3266898095607757,1.237106204032898
1629795652209,0.4163838624954223,0.2795045673847198,-0.3266898095607757,1.237106204032898
1629795652255,0.4163838624954223,0.2795045673847198,-0.3266898095607757,1.237106204032898
1629795652333,0.4163838624954223,0.2795045673847198,-0.3424883484840393,1.237106204032898
1629795652443,0.4163838624954223,-0.3897188007831573,-0.3595097064971924,1.237106204032898
1629795652599,0.4163838624954223,-0.3402816355228424,-0.3628686666488647,1.237106204032898
1629795652911,0.4163838624954223,-0.3170280456542969,-0.3479648232460022,1.237106204032898
1629795652958,0.4163838624954223,-0.3275973200798034,-0.3414167463779449,1.237106204032898
1629795653115,0.4163838624954223,-0.3432123959064483,-0.3454663157463074,1.237106204032898
1629795653208,0.4163838624954223,-0.3577862381935119,-0.3465355336666107,1.237106204032898
1629795653255,0.4163838624954223,-0.3577862381935119,-0.3465355336666107,1.237106204032898
1629795653302,0.4163838624954223,-0.3577862381935119,-0.3465355336666107,1.237106204032898
1629795653364,0.4163838624954223,-0.3577862381935119,-0.3465355336666107,1.237106204032898
1629795653568,0.4163838624954223,-0.3577862381935119,-0.3465355336666107,1.237106204032898
1629795653583,0.4163838624954223,-0.3577862381935119,-0.3465355336666107,1.237106204032898
1629795653896,0.4163838624954223,-0.3577862381935119,-0.3704370558261871,1.237106204032898
1629795653927,0.4163838624954223,-0.342322438955307,-0.3705016076564789,1.237106204032898
1629795654005,0.4163838624954223,-0.3123914003372192,-0.3492547571659088,1.237106204032898
1629795654005,0.4163838624954223,-0.3188892900943756,-0.3630280792713165,1.237106204032898
1629795654085,0.4163838624954223,-0.3338298201560974,-0.3339377343654632,1.237106204032898
1629795654133,0.4163838624954223,-0.3807083368301391,-0.3231328427791595,1.237106204032898
1629795654133,0.4163838624954223,-0.3807083368301391,-0.3231328427791595,1.237106204032898
1629795654196,0.4163838624954223,-0.3807083368301391,-0.3231328427791595,1.237106204032898
1629795654336,0.4163838624954223,-0.3807083368301391,-0.3231328427791595,1.237106204032898
1629795654633,0.4163838624954223,-0.3807083368301391,-0.3231328427791595,1.237106204032898
1629795654914,0.4163838624954223,-0.3807083368301391,-0.3231328427791595,1.237106204032898
1629795655164,0.4163838624954223,-0.3807083368301391,-0.3231328427791595,1.237106204032898
1629795655196,0.4163838624954223,-0.3807083368301391,-0.3231328427791595,1.237106204032898
1629795655430,0.4163838624954223,-0.3807083368301391,-0.3231328427791595,1.237106204032898
1629795655445,0.4163838624954223,-0.3807083368301391,-0.3231328427791595,1.237106204032898
1629795655477,0.4163838624954223,-0.3807083368301391,-0.3231328427791595,1.237106204032898
1629795655570,0.4163838624954223,-0.3807083368301391,-0.3231328427791595,1.237106204032898
1629795655742,0.4163838624954223,-0.3807083368301391,-0.3231328427791595,1.237106204032898
1629795655774,0.4163838624954223,-0.3807083368301391,-0.3231328427791595,1.237106204032898
1629795656008,0.4163838624954223,-0.3807083368301391,-0.3231328427791595,1.237106204032898
1629795656117,0.4163838624954223,-0.3807083368301391,-0.3231328427791595,1.237106204032898
1629795656148,0.4163838624954223,-0.3807083368301391,-0.3231328427791595,1.237106204032898
1629795656148,0.4163838624954223,-0.3807083368301391,-0.3231328427791595,1.237106204032898
1629795656166,0.4163838624954223,-0.3807083368301391,-0.3231328427791595,1.237106204032898
1629795656245,0.4163838624954223,-0.3807083368301391,-0.3231328427791595,1.237106204032898
1629795656261,0.4163838624954223,-0.3807083368301391,-0.3231328427791595,1.237106204032898
1629795656276,0.4163838624954223,-0.3807083368301391,-0.3231328427791595,1.237106204032898
1629795656276,0.4163838624954223,-0.3807083368301391,-0.3231328427791595,1.237106204032898
1629795656370,0.4163838624954223,-0.3807083368301391,-0.3231328427791595,1.237106204032898
1629795656401,0.4163838624954223,-0.3807083368301391,-0.3231328427791595,1.237106204032898
1629795656589,0.4163838624954223,-0.3807083368301391,-0.3231328427791595,1.237106204032898
1629795656839,0.4163838624954223,-0.3807083368301391,-0.3231328427791595,1.237106204032898
1629795656885,0.4163838624954223,-0.3807083368301391,-0.3231328427791595,1.237106204032898
1629795657044,0.4163838624954223,-0.3807083368301391,-0.3231328427791595,1.237106204032898
1629795657247,0.4163838624954223,-0.3807083368301391,-0.3231328427791595,1.237106204032898
1629795657325,0.4163838624954223,-0.3807083368301391,-0.3231328427791595,1.237106204032898
1629795657684,0.4163838624954223,-0.3807083368301391,-0.3231328427791595,1.237106204032898
1629795657700,0.4163838624954223,-0.3807083368301391,-0.3231328427791595,1.237106204032898
1629795657872,0.4163838624954223,-0.3807083368301391,-0.3231328427791595,1.237106204032898
1629795657903,0.4163838624954223,-0.3807083368301391,-0.3231328427791595,1.237106204032898
1629795657950,0.4163838624954223,-0.3807083368301391,-0.3231328427791595,1.237106204032898
1629795657981,0.4163838624954223,-0.3807083368301391,-0.3231328427791595,1.237106204032898
1629795657997,0.4163838624954223,-0.3807083368301391,-0.3231328427791595,1.237106204032898
1629795658108,0.4163838624954223,-0.3807083368301391,-0.3231328427791595,1.237106204032898
1629795658218,0.4163838624954223,-0.3807083368301391,-0.3231328427791595,1.237106204032898
1629795658640,0.4163838624954223,-0.3807083368301391,-0.3231328427791595,1.237106204032898
1629795658780,0.4163838624954223,-0.3807083368301391,-0.3231328427791595,1.237106204032898
1629795658858,0.4163838624954223,-0.3807083368301391,-0.3231328427791595,1.237106204032898
1629795659095,0.4163838624954223,-0.3807083368301391,-0.3231328427791595,1.237106204032898
1629795659111,0.4163838624954223,-0.3807083368301391,-0.3231328427791595,1.237106204032898
1629795659126,0.4163838624954223,-0.3807083368301391,-0.3231328427791595,1.237106204032898
1629795659126,0.4163838624954223,-0.3807083368301391,-0.3231328427791595,1.237106204032898
1629795659126,0.4163838624954223,-0.3807083368301391,-0.3231328427791595,1.237106204032898
1629795659251,0.4163838624954223,-0.3807083368301391,-0.3231328427791595,1.237106204032898
1629795659314,0.4163838624954223,-0.3807083368301391,-0.3231328427791595,1.237106204032898
1629795659329,0.4163838624954223,-0.3807083368301391,-0.3231328427791595,1.237106204032898
1629795659454,0.4163838624954223,-0.3807083368301391,-0.3231328427791595,1.237106204032898
1629795659501,0.4163838624954223,-0.3807083368301391,-0.3231328427791595,1.237106204032898
1629795659875,0.4163838624954223,-0.3807083368301391,-0.3231328427791595,1.237106204032898
1629795660020,0.4163838624954223,-0.3807083368301391,-0.3231328427791595,1.237106204032898
1629795660049,0.4163838624954223,-0.3807083368301391,-0.3231328427791595,1.237106204032898
1629795660161,0.4163838624954223,-0.3807083368301391,-0.3231328427791595,1.237106204032898
1629795660206,0.4163838624954223,-0.3807083368301391,-0.3231328427791595,1.237106204032898
1629795660301,0.4163838624954223,-0.3807083368301391,-0.3231328427791595,1.237106204032898
1629795660442,0.4163838624954223,-0.3807083368301391,-0.3231328427791595,1.237106204032898
1629795660485,0.4163838624954223,-0.3807083368301391,-0.3231328427791595,1.237106204032898
1629795660491,0.4163838624954223,-0.3807083368301391,-0.3231328427791595,1.237106204032898
1629795660547,0.4163838624954223,-0.3807083368301391,-0.3231328427791595,1.237106204032898
1629795660658,0.4163838624954223,-0.3807083368301391,-0.3231328427791595,1.237106204032898
1629795660751,0.4163838624954223,-0.3807083368301391,-0.3231328427791595,1.237106204032898
1629795660923,0.4163838624954223,-0.3807083368301391,-0.3231328427791595,1.237106204032898
1629795660954,0.4163838624954223,-0.3807083368301391,-0.3231328427791595,1.237106204032898
1629795661094,0.4163838624954223,-0.3807083368301391,-0.3231328427791595,1.237106204032898
1629795661223,0.4163838624954223,-0.3807083368301391,-0.3231328427791595,1.237106204032898
1629795661536,0.4163838624954223,-0.3807083368301391,-0.3231328427791595,1.237106204032898
1629795661545,0.4163838624954223,-0.3807083368301391,-0.3231328427791595,1.237106204032898
1629795661665,0.4163838624954223,-0.3807083368301391,-0.3231328427791595,1.237106204032898
1629795661764,0.4163838624954223,-0.3807083368301391,-0.3231328427791595,1.237106204032898
1629795661857,0.4163838624954223,-0.3807083368301391,-0.3231328427791595,1.237106204032898
1629795661873,0.4163838624954223,-0.3807083368301391,-0.3231328427791595,1.237106204032898
1629795661905,0.4163838624954223,-0.3807083368301391,-0.3231328427791595,1.237106204032898
1629795661918,0.4163838624954223,-0.3807083368301391,-0.3231328427791595,1.237106204032898
1629795661996,0.4163838624954223,-0.3807083368301391,-0.3231328427791595,1.237106204032898
1629795662121,0.4163838624954223,-0.3807083368301391,-0.3231328427791595,1.237106204032898
1629795662389,0.4163838624954223,-0.3807083368301391,-0.3231328427791595,1.237106204032898
1629795662405,0.4163838624954223,-0.3807083368301391,-0.3231328427791595,1.237106204032898
1629795662451,0.4163838624954223,-0.3807083368301391,-0.3231328427791595,1.237106204032898
1629795662530,0.4163838624954223,-0.3807083368301391,-0.3231328427791595,1.237106204032898
1629795662848,0.4163838624954223,-0.3807083368301391,-0.3231328427791595,1.237106204032898
1629795662897,0.4163838624954223,-0.3807083368301391,-0.3231328427791595,1.237106204032898
1629795662990,0.4163838624954223,-0.3807083368301391,-0.3231328427791595,1.237106204032898
1629795663022,0.4163838624954223,-0.3807083368301391,-0.3231328427791595,1.237106204032898
1629795663230,0.4163838624954223,-0.3807083368301391,-0.3231328427791595,1.237106204032898
1629795663308,0.4163838624954223,-0.3807083368301391,-0.3231328427791595,1.237106204032898
1629795663402,0.4163838624954223,-0.3807083368301391,-0.3231328427791595,1.237106204032898
1629795663480,0.4163838624954223,-0.3807083368301391,-0.3231328427791595,1.237106204032898
1629795663511,0.4163838624954223,-0.3807083368301391,-0.3231328427791595,1.237106204032898
1629795663527,0.4163838624954223,-0.3807083368301391,-0.3231328427791595,1.237106204032898
1629795663621,0.4163838624954223,-0.3807083368301391,-0.3231328427791595,1.237106204032898
1629795663671,0.4163838624954223,-0.3807083368301391,-0.3231328427791595,1.237106204032898
1629795663733,0.4163838624954223,-0.3807083368301391,-0.3231328427791595,1.237106204032898
1629795663779,0.4163838624954223,-0.3807083368301391,-0.3231328427791595,1.237106204032898
1629795663920,0.4163838624954223,-0.3807083368301391,-0.3231328427791595,1.237106204032898
1629795664107,0.4163838624954223,-0.3807083368301391,-0.3231328427791595,1.237106204032898
1629795664264,0.4163838624954223,-0.3807083368301391,-0.3231328427791595,1.237106204032898
1629795664530,0.4163838624954223,-0.3807083368301391,-0.3231328427791595,1.237106204032898
1629795664706,0.4163838624954223,-0.3807083368301391,-0.3231328427791595,1.237106204032898
1629795664738,0.4163838624954223,-0.3807083368301391,-0.3231328427791595,1.237106204032898
1629795664769,0.4163838624954223,-0.3807083368301391,-0.3231328427791595,1.237106204032898
1629795664784,0.4163838624954223,-0.3807083368301391,-0.3231328427791595,1.237106204032898
1629795664956,0.4163838624954223,-0.3807083368301391,-0.3231328427791595,1.237106204032898
1629795664956,0.4163838624954223,-0.3807083368301391,-0.3231328427791595,1.237106204032898
1629795665100,0.4163838624954223,-0.3807083368301391,-0.3231328427791595,1.237106204032898
1629795665100,0.4163838624954223,-0.3807083368301391,-0.3231328427791595,1.237106204032898
1629795665225,0.4163838624954223,-0.3807083368301391,-0.3231328427791595,1.237106204032898
1629795665256,0.4163838624954223,-0.3807083368301391,-0.3231328427791595,1.237106204032898
1629795665334,0.4163838624954223,-0.3807083368301391,-0.3231328427791595,1.237106204032898
1629795665428,0.4163838624954223,-0.3807083368301391,-0.3231328427791595,1.237106204032898
1629795665475,0.4163838624954223,-0.3807083368301391,-0.3231328427791595,1.237106204032898
1629795665564,0.4163838624954223,-0.3807083368301391,-0.3231328427791595,1.237106204032898
1629795665767,0.4163838624954223,-0.3807083368301391,-0.3231328427791595,1.237106204032898
1629795665970,0.4163838624954223,-0.3807083368301391,-0.3231328427791595,1.237106204032898
1629795666207,0.4163838624954223,-0.3807083368301391,-0.3231328427791595,1.237106204032898
1629795666317,0.4163838624954223,-0.3807083368301391,-0.3231328427791595,1.237106204032898
1629795666395,0.4163838624954223,-0.3807083368301391,-0.3231328427791595,1.237106204032898
1629795666539,0.4163838624954223,-0.3807083368301391,-0.3231328427791595,1.237106204032898
1629795666602,0.4163838624954223,-0.3807083368301391,-0.3231328427791595,1.237106204032898
1629795666617,0.4163838624954223,-0.3807083368301391,-0.3231328427791595,1.237106204032898
1629795666649,0.4163838624954223,-0.3807083368301391,-0.3231328427791595,1.237106204032898
1629795666680,0.4163838624954223,-0.3807083368301391,-0.3231328427791595,1.237106204032898
1629795666727,0.4163838624954223,-0.3807083368301391,-0.3231328427791595,1.237106204032898
1629795666742,0.4163838624954223,-0.3807083368301391,-0.3231328427791595,1.237106204032898
1629795666867,0.4163838624954223,-0.3807083368301391,-0.3231328427791595,1.237106204032898
1629795666867,0.4163838624954223,-0.3807083368301391,-0.3231328427791595,1.237106204032898
1629795667041,0.4163838624954223,-0.3807083368301391,-0.3231328427791595,1.237106204032898
1629795667135,0.4163838624954223,-0.3807083368301391,-0.3231328427791595,1.237106204032898
1629795667291,0.4163838624954223,-0.3807083368301391,-0.3231328427791595,1.237106204032898
1629795667307,0.4163838624954223,-0.3807083368301391,-0.3231328427791595,1.237106204032898
1629795667307,0.4163838624954223,-0.3807083368301391,-0.3231328427791595,1.237106204032898
1629795667401,0.4163838624954223,-0.3807083368301391,-0.3231328427791595,1.237106204032898
1629795667479,0.4163838624954223,-0.3807083368301391,0.7006226181983948,1.237106204032898
1629795667573,0.4163838624954223,-0.3807083368301391,0.6361079812049866,1.237106204032898
1629795667854,0.4163838624954223,-0.3807083368301391,0.6361079812049866,1.237106204032898
1629795667901,0.4163838624954223,-0.3807083368301391,0.6361079812049866,1.237106204032898
1629795667947,0.4163838624954223,-0.3807083368301391,0.6361079812049866,1.237106204032898
1629795668090,0.4163838624954223,-0.3807083368301391,0.6361079812049866,1.237106204032898
1629795668137,0.4163838624954223,-0.3807083368301391,0.6361079812049866,1.237106204032898
1629795668184,0.4163838624954223,-0.3807083368301391,0.6361079812049866,1.237106204032898
1629795668559,0.4163838624954223,-0.3807083368301391,0.6361079812049866,1.237106204032898
1629795668645,0.4163838624954223,-0.3807083368301391,0.6361079812049866,1.237106204032898
1629795668739,0.4163838624954223,-0.3807083368301391,0.6361079812049866,1.237106204032898
1629795668989,0.4163838624954223,-0.3807083368301391,0.6361079812049866,1.237106204032898
1629795669132,0.4163838624954223,-0.3807083368301391,0.5936943292617798,1.237106204032898
1629795669413,0.4163838624954223,-0.3807083368301391,0.4596564471721649,1.237106204032898
1629795669694,0.4163838624954223,-0.3807083368301391,0.3364655375480652,1.237106204032898
1629795669804,0.4163838624954223,-0.3807083368301391,0.3390645682811737,1.237106204032898
1629795669819,0.4163838624954223,-0.3807083368301391,0.6933293342590332,1.237106204032898
1629795669866,0.4163838624954223,-0.3807083368301391,0.6965650916099548,1.237106204032898
1629795669882,0.4163838624954223,-0.3807083368301391,0.6881133317947388,1.237106204032898
1629795669913,0.4163838624954223,-0.3807083368301391,0.662598729133606,1.237106204032898
1629795670134,0.4163838624954223,-0.3807083368301391,0.6284757256507874,1.237106204032898
1629795670150,0.4163838624954223,-0.3807083368301391,0.6676288843154907,1.237106204032898
1629795670259,0.4163838624954223,-0.3807083368301391,0.6658408641815186,1.237106204032898
1629795670306,0.4163838624954223,-0.3807083368301391,0.6658408641815186,1.237106204032898
1629795670306,0.4163838624954223,-0.3807083368301391,0.6658408641815186,1.237106204032898
1629795670384,0.4163838624954223,-0.3807083368301391,0.6658408641815186,1.237106204032898
1629795670462,0.4163838624954223,-0.3807083368301391,0.6658408641815186,1.237106204032898
1629795670525,0.4163838624954223,-0.3807083368301391,0.6658408641815186,1.237106204032898
1629795670556,0.4163838624954223,-0.3807083368301391,0.6915184259414673,1.237106204032898
1629795670650,0.4163838624954223,-0.3807083368301391,0.7216001152992249,1.237106204032898
1629795670743,0.4163838624954223,-0.3807083368301391,0.747637152671814,1.237106204032898
1629795670884,0.4163838624954223,-0.3807083368301391,0.6464983820915222,1.237106204032898
1629795671152,0.4163838624954223,-0.3807083368301391,0.6327763795852661,1.237106204032898
1629795671355,0.4163838624954223,-0.3807083368301391,0.6301319599151611,1.237106204032898
1629795671402,0.4163838624954223,-0.3807083368301391,0.6301319599151611,1.237106204032898
1629795671605,0.4163838624954223,-0.3807083368301391,0.6301319599151611,1.237106204032898
1629795671792,0.4163838624954223,-0.3807083368301391,0.6301319599151611,1.237106204032898
1629795672185,0.4163838624954223,0.8294388055801392,0.6301319599151611,1.237106204032898
1629795672404,0.4163838624954223,1.192360520362854,0.6301319599151611,1.237106204032898
1629795672513,0.4163838624954223,1.1357697248458862,0.6301319599151611,1.237106204032898
1629795672732,0.4163838624954223,1.0844018459320068,0.6301319599151611,1.237106204032898
1629795672872,0.4163838624954223,1.037344455718994,0.2591746747493744,1.237106204032898
1629795672935,0.4163838624954223,1.096415877342224,0.8373721837997437,1.237106204032898
1629795672950,0.4163838624954223,1.1942224502563477,0.7257524132728577,1.237106204032898
1629795672950,0.4163838624954223,1.1676766872406006,0.7676753997802734,1.237106204032898
1629795672966,0.4163838624954223,1.1942224502563477,0.7257524132728577,1.237106204032898
1629795672997,0.4163838624954223,1.1942224502563477,0.7257524132728577,1.237106204032898
1629795673013,0.4163838624954223,1.1942224502563477,0.7257524132728577,1.237106204032898
1629795673028,0.4163838624954223,1.1942224502563477,0.7257524132728577,1.237106204032898
1629795673091,0.4163838624954223,1.1942224502563477,0.7257524132728577,1.237106204032898
1629795673138,0.4163838624954223,1.2367342710494995,0.7257524132728577,1.237106204032898
1629795673188,0.4163838624954223,1.365641474723816,0.7257524132728577,1.237106204032898
1629795673267,0.4163838624954223,1.3623769283294678,0.7257524132728577,1.237106204032898
1629795673517,0.4163838624954223,1.2801252603530884,0.7730294466018677,1.237106204032898
1629795673610,0.4163838624954223,1.333324313163757,0.8273308277130127,1.237106204032898
1629795673747,0.4163838624954223,1.40232253074646,0.8980391025543213,1.237106204032898
1629795673981,0.4163838624954223,1.4917120933532717,0.8980391025543213,1.237106204032898
1629795674137,0.4163838624954223,1.4917120933532717,0.8980391025543213,1.237106204032898
1629795674137,0.4163838624954223,1.4917120933532717,0.8980391025543213,1.237106204032898
1629795674200,0.4163838624954223,1.4917120933532717,0.8980391025543213,1.237106204032898
1629795674215,0.4163838624954223,1.4917120933532717,0.8980391025543213,1.237106204032898
1629795674215,0.4163838624954223,1.4917120933532717,0.8980391025543213,1.237106204032898
1629795674249,0.4163838624954223,1.4917120933532717,0.8980391025543213,1.237106204032898
1629795674327,0.4163838624954223,1.4917120933532717,0.8980391025543213,1.237106204032898
1629795674343,0.4163838624954223,1.515683650970459,0.8980391025543213,1.237106204032898
1629795674374,0.4163838624954223,1.515683650970459,0.8980391025543213,1.237106204032898
1629795674405,0.4163838624954223,1.515683650970459,0.8837189078330994,1.237106204032898
1629795674515,0.4163838624954223,1.515683650970459,0.8481167554855347,1.237106204032898
1629795675097,0.4163838624954223,1.515683650970459,0.798539936542511,1.237106204032898
1629795675413,0.4163838624954223,1.515683650970459,0.798539936542511,1.237106204032898
1629795675413,0.4163838624954223,1.515683650970459,0.798539936542511,1.237106204032898
1629795675491,0.4163838624954223,1.515683650970459,0.798539936542511,1.237106204032898
1629795675538,0.4163838624954223,1.515683650970459,0.7848318815231323,1.237106204032898
1629795675553,0.4163838624954223,1.6004743576049805,0.998375654220581,1.237106204032898
1629795675569,0.4163838624954223,1.6004743576049805,0.998375654220581,1.237106204032898
1629795675569,0.4163838624954223,1.6004743576049805,0.998375654220581,1.237106204032898
1629795675616,0.4163838624954223,1.6004743576049805,0.998375654220581,1.237106204032898
1629795675632,0.4163838624954223,1.6004743576049805,0.998375654220581,1.237106204032898
1629795675647,0.4163838624954223,1.6004743576049805,1.0436526536941528,1.237106204032898
1629795675678,0.4163838624954223,1.6004743576049805,1.05365788936615,1.237106204032898
1629795675757,0.4163838624954223,1.6004743576049805,1.0026743412017822,1.237106204032898
1629795675991,0.4163838624954223,1.6004743576049805,1.088997483253479,1.237106204032898
1629795676102,0.4163838624954223,1.6004743576049805,1.088997483253479,1.237106204032898
1629795676118,0.4163838624954223,1.6004743576049805,1.088997483253479,1.237106204032898
1629795676165,0.4163838624954223,1.6004743576049805,1.088997483253479,1.237106204032898
1629795676180,0.4163838624954223,1.6004743576049805,1.088997483253479,1.237106204032898
1629795676274,0.4163838624954223,1.6004743576049805,1.088997483253479,1.237106204032898
1629795676524,0.4163838624954223,1.6004743576049805,1.088997483253479,1.237106204032898
1629795676696,0.4163838624954223,1.6004743576049805,1.088997483253479,1.237106204032898
1629795676852,0.4163838624954223,1.6004743576049805,1.088997483253479,1.237106204032898
1629795676883,0.4163838624954223,1.6004743576049805,1.088997483253479,1.237106204032898
1629795677055,0.4163838624954223,1.6004743576049805,1.088997483253479,1.237106204032898
1629795677276,0.4163838624954223,-0.0614968538284301,1.088997483253479,1.237106204032898
1629795677479,0.4163838624954223,-0.0965740084648132,-0.199682667851448,1.237106204032898
1629795677511,0.4163838624954223,-0.1217206418514251,-0.2518312633037567,1.237106204032898
1629795677526,0.4163838624954223,-0.1317378431558609,-0.20234215259552,1.237106204032898
1629795677589,0.4163838624954223,-0.1775460094213485,-0.20234215259552,1.237106204032898
1629795677682,0.4163838624954223,-0.0608471371233463,-0.20234215259552,1.237106204032898
1629795677776,0.4163838624954223,0.82850581407547,-0.20234215259552,1.237106204032898
1629795677966,0.4163838624954223,0.8234873414039612,-0.20234215259552,1.237106204032898
1629795678122,0.4163838624954223,0.8210765719413757,-0.20234215259552,1.237106204032898
1629795678154,0.4163838624954223,0.8137277960777283,-0.20234215259552,1.237106204032898
1629795678169,0.4163838624954223,0.8001209497451782,-0.20234215259552,1.237106204032898
1629795678247,0.4163838624954223,0.7821298241615295,-0.20234215259552,1.237106204032898
1629795678450,0.4163838624954223,0.76111900806427,-0.20234215259552,1.237106204032898
1629795678466,0.4163838624954223,0.908995807170868,-0.246876522898674,1.237106204032898
1629795678575,0.4163838624954223,0.9101887345314026,-0.2897116243839264,1.237106204032898
1629795678794,0.4163838624954223,0.9130501747131348,-0.1997970938682556,1.237106204032898
1629795679062,0.4163838624954223,0.9495854377746582,0.563633382320404,1.237106204032898
1629795679093,0.4163838624954223,0.9559489488601683,0.6214550137519836,1.237106204032898
1629795679374,0.4163838624954223,0.9611814022064208,0.6585938930511475,1.237106204032898
1629795679468,0.4163838624954223,0.9751067757606506,0.6061968207359314,1.237106204032898
1629795679484,0.4163838624954223,0.997950553894043,0.5607985854148865,1.237106204032898
1629795679593,0.4163838624954223,0.8188171982765198,0.7944310307502747,1.237106204032898
1629795679655,0.4163838624954223,0.8222389817237854,0.7944310307502747,1.237106204032898
1629795679687,0.4163838624954223,0.824530303478241,0.7944310307502747,1.237106204032898
1629795680033,0.4163838624954223,0.8536152243614197,0.7944310307502747,1.237106204032898
1629795680048,0.4163838624954223,0.8334569334983826,0.7944310307502747,1.237106204032898
1629795680079,0.4163838624954223,0.8859401941299438,0.7944310307502747,1.237106204032898
1629795680189,0.4163838624954223,0.9312859773635864,0.7944310307502747,1.237106204032898
1629795680345,0.4163838624954223,0.6005674600601196,0.7944310307502747,1.237106204032898
1629795680376,0.4163838624954223,0.6622029542922974,0.7944310307502747,1.237106204032898
1629795680439,0.4163838624954223,0.7324066758155823,0.851409375667572,1.237106204032898
1629795680454,0.4163838624954223,0.7324066758155823,0.7810204029083252,1.237106204032898
1629795680470,0.4163838624954223,0.7324066758155823,0.8425943851470947,1.237106204032898
1629795680517,0.4163838624954223,0.7324066758155823,0.8425943851470947,1.237106204032898
1629795680579,0.4163838624954223,0.7324066758155823,0.8425943851470947,1.237106204032898
1629795681001,0.4163838624954223,0.7324066758155823,0.8425943851470947,1.237106204032898
1629795681048,0.4163838624954223,0.7324066758155823,0.8425943851470947,1.237106204032898
1629795681051,0.4163838624954223,0.7324066758155823,1.3613133430480957,1.237106204032898
1629795681082,0.4163838624954223,0.7324066758155823,1.3613133430480957,1.237106204032898
1629795681145,0.4163838624954223,0.7324066758155823,1.3880531787872314,1.237106204032898
1629795681145,0.4163838624954223,0.7324066758155823,1.3613133430480957,1.237106204032898
1629795681160,0.4163838624954223,0.7324066758155823,1.3880531787872314,1.237106204032898
1629795681348,0.4163838624954223,0.7324066758155823,1.3880531787872314,1.237106204032898
1629795681660,0.4163838624954223,0.7324066758155823,1.3880531787872314,1.237106204032898
1629795681707,0.4163838624954223,0.7324066758155823,1.3430583477020264,1.237106204032898
1629795681723,0.4163838624954223,0.7324066758155823,1.3002614974975586,1.237106204032898
1629795681770,0.4163838624954223,0.7324066758155823,1.2575284242630005,1.237106204032898
1629795681879,0.4163838624954223,0.4583960473537445,1.2218387126922607,1.237106204032898
1629795681988,0.4163838624954223,0.5656305551528931,1.201607346534729,1.237106204032898
1629795682066,0.4163838624954223,0.5656305551528931,1.2013171911239624,1.237106204032898
1629795682288,0.4163838624954223,0.5656305551528931,1.0447883605957031,1.237106204032898
1629795682491,0.4163838624954223,0.5656305551528931,1.03326153755188,1.237106204032898
1629795682788,0.4163838624954223,0.5656305551528931,1.0489901304244995,1.237106204032898
1629795682975,0.4163838624954223,0.5244903564453125,0.9975884556770324,1.237106204032898
1629795683180,0.4163838624954223,0.4742183685302734,0.9478302001953124,1.237106204032898
1629795683227,0.4163838624954223,0.5097910165786743,0.7168048620223999,1.237106204032898
1629795683243,0.4163838624954223,0.466410756111145,0.6752228736877441,1.237106204032898
1629795683259,0.4163838624954223,0.6644837260246277,0.786893904209137,1.237106204032898
1629795683274,0.4163838624954223,0.6644837260246277,0.786893904209137,1.237106204032898
1629795683290,0.4163838624954223,0.689957320690155,0.7551395893096924,1.237106204032898
1629795683524,0.4163838624954223,0.7192424535751343,0.736935019493103,1.237106204032898
1629795683587,0.4163838624954223,0.7463145852088928,0.7421257495880127,1.237106204032898
1629795683618,0.4163838624954223,0.7620476484298706,0.7457256317138672,1.237106204032898
1629795683712,0.4163838624954223,0.7449555993080139,0.6871649622917175,1.237106204032898
1629795683727,0.4163838624954223,0.7311604022979736,0.6382036209106445,1.237106204032898
1629795683805,0.4163838624954223,1.1127641201019287,0.5902895927429199,1.237106204032898
1629795683868,0.4163838624954223,1.070504665374756,0.5452785491943359,1.237106204032898
1629795683915,0.4163838624954223,1.070504665374756,0.5452785491943359,1.237106204032898
1629795683915,0.4163838624954223,1.1206562519073486,0.5636593103408813,1.237106204032898
1629795683946,0.4163838624954223,1.1838948726654053,0.6074222326278687,1.237106204032898
1629795684118,0.4163838624954223,1.333193302154541,0.8162994980812073,1.237106204032898
1629795684118,0.4163838624954223,1.238632321357727,0.6682329177856445,1.237106204032898
1629795684292,0.4163838624954223,1.333193302154541,0.5483825206756592,1.237106204032898
1629795684417,0.4163838624954223,1.333193302154541,0.5483825206756592,1.237106204032898
1629795684651,0.4163838624954223,1.333193302154541,0.5483825206756592,1.237106204032898
1629795684901,0.4163838624954223,1.333193302154541,0.5483825206756592,1.237106204032898
1629795685013,0.4163838624954223,1.333193302154541,0.5483825206756592,1.237106204032898
1629795685091,0.4163838624954223,1.333193302154541,0.5483825206756592,1.237106204032898
1629795685482,0.4163838624954223,1.225401759147644,0.4611228704452514,1.237106204032898
1629795685529,0.4163838624954223,1.2012447118759155,0.4164984822273254,1.237106204032898
1629795685607,0.4163838624954223,0.1741173714399337,0.3876491487026214,1.237106204032898
1629795685622,0.4163838624954223,-0.0645478516817092,0.3688607215881347,1.237106204032898
1629795685825,0.4163838624954223,-0.064898170530796,0.3027006089687347,1.237106204032898
1629795685904,0.4163838624954223,1.1869863271713257,0.2526399195194244,1.237106204032898
1629795686094,0.4163838624954223,1.1328026056289673,0.2175449877977371,1.237106204032898
1629795686281,0.4163838624954223,1.0830612182617188,0.1992271542549133,1.237106204032898
1629795686484,0.4163838624954223,1.0467240810394287,-0.2058839648962021,1.237106204032898
1629795686562,0.4163838624954223,1.022881269454956,-0.073356308043003,1.237106204032898
1629795686875,0.4163838624954223,1.008198618888855,0.0659543573856353,1.237106204032898
1629795686875,0.4163838624954223,1.008198618888855,0.0659543573856353,1.237106204032898
1629795686921,0.4163838624954223,1.008198618888855,0.0659543573856353,1.237106204032898
1629795687046,0.4163838624954223,1.008198618888855,0.0659543573856353,1.237106204032898
1629795687330,0.4163838624954223,1.008198618888855,0.0659543573856353,1.237106204032898
1629795687408,0.4163838624954223,1.046068549156189,0.0964347049593925,1.237106204032898
1629795687627,0.4163838624954223,1.088378667831421,0.1301493644714355,1.237106204032898
1629795687674,0.4163838624954223,1.1362104415893557,0.169336512684822,1.237106204032898
1629795687830,0.4163838624954223,1.1909266710281372,0.2157820016145706,1.237106204032898
1629795687861,0.4163838624954223,1.2544286251068115,0.2690851390361786,1.237106204032898
1629795687877,0.4163838624954223,0.5979133248329163,0.3292517960071563,1.237106204032898
1629795687986,0.4163838624954223,0.6298578381538391,0.397653579711914,1.237106204032898
1629795688270,0.4163838624954223,0.6298578381538391,0.397653579711914,1.237106204032898
1629795688441,0.4163838624954223,0.6298578381538391,0.397653579711914,1.237106204032898
1629795688457,0.4163838624954223,0.6298578381538391,0.397653579711914,1.237106204032898
1629795688473,0.4163838624954223,0.6298578381538391,0.397653579711914,1.237106204032898
1629795688520,0.4163838624954223,0.6298578381538391,0.397653579711914,1.237106204032898
1629795688535,0.4163838624954223,0.6298578381538391,0.397653579711914,1.237106204032898
1629795688551,0.4163838624954223,0.6298578381538391,0.397653579711914,1.237106204032898
1629795688598,0.4163838624954223,0.6298578381538391,0.397653579711914,1.237106204032898
1629795688832,0.4163838624954223,0.6298578381538391,0.397653579711914,1.237106204032898
1629795689082,0.4163838624954223,0.6298578381538391,0.397653579711914,1.237106204032898
1629795689082,0.4163838624954223,0.6298578381538391,0.397653579711914,1.237106204032898
1629795689082,0.4163838624954223,0.6298578381538391,0.397653579711914,1.237106204032898
1629795689098,0.4163838624954223,0.6298578381538391,0.397653579711914,1.237106204032898
1629795689098,0.4163838624954223,0.6298578381538391,0.397653579711914,1.237106204032898
1629795689319,0.4163838624954223,0.6298578381538391,0.397653579711914,1.237106204032898
1629795689350,0.4163838624954223,0.6298578381538391,0.397653579711914,1.237106204032898
1629795689366,0.4163838624954223,0.6298578381538391,0.397653579711914,1.237106204032898
1629795689381,0.4163838624954223,0.6298578381538391,0.397653579711914,1.237106204032898
1629795689459,0.4163838624954223,0.6298578381538391,0.397653579711914,1.237106204032898
1629795689475,0.4163838624954223,0.6298578381538391,0.397653579711914,1.237106204032898
1629795689490,0.4163838624954223,0.6298578381538391,0.397653579711914,1.237106204032898
1629795689522,0.4163838624954223,0.6298578381538391,0.397653579711914,1.237106204032898
1629795689569,0.4163838624954223,0.6298578381538391,0.397653579711914,1.237106204032898
1629795689725,0.4163838624954223,0.6298578381538391,0.397653579711914,1.237106204032898
1629795689772,0.4163838624954223,0.6298578381538391,0.397653579711914,1.237106204032898
1629795689897,0.4163838624954223,0.6298578381538391,0.397653579711914,1.237106204032898
1629795690053,0.4163838624954223,0.6298578381538391,0.397653579711914,1.237106204032898
1629795690178,0.4163838624954223,0.6298578381538391,0.397653579711914,1.237106204032898
1629795690446,0.4163838624954223,0.6298578381538391,0.397653579711914,1.237106204032898
1629795690571,0.4163838624954223,0.6298578381538391,0.397653579711914,1.237106204032898
1629795690602,0.4163838624954223,0.6298578381538391,0.397653579711914,1.237106204032898
1629795690805,0.4163838624954223,0.6298578381538391,0.397653579711914,1.237106204032898
1629795690993,0.4163838624954223,1.329359769821167,0.397653579711914,1.237106204032898
1629795690993,0.4163838624954223,0.6298578381538391,0.397653579711914,1.237106204032898
1629795691024,0.4163838624954223,1.2983298301696775,0.397653579711914,1.237106204032898
1629795691040,0.4163838624954223,1.2280532121658323,0.397653579711914,1.237106204032898
1629795691087,0.4163838624954223,1.1675394773483276,0.397653579711914,1.237106204032898
1629795691227,0.4163838624954223,1.2463282346725464,0.397653579711914,1.237106204032898
1629795691415,0.4163838624954223,1.2079640626907349,0.397653579711914,1.237106204032898
1629795691461,0.4163838624954223,1.2079640626907349,0.397653579711914,1.237106204032898
1629795691555,0.4163838624954223,1.2079640626907349,0.397653579711914,1.237106204032898
1629795691602,0.4163838624954223,1.2079640626907349,0.397653579711914,1.237106204032898
1629795691821,0.4163838624954223,1.2079640626907349,0.397653579711914,1.237106204032898
1629795691946,0.4163838624954223,1.2079640626907349,0.397653579711914,1.237106204032898
1629795692073,0.4163838624954223,1.2079640626907349,0.397653579711914,1.237106204032898
1629795692245,0.4163838624954223,1.2092533111572266,0.397653579711914,1.237106204032898
1629795692511,0.4163838624954223,1.253749966621399,0.397653579711914,1.237106204032898
1629795692605,0.4163838624954223,1.301134705543518,0.397653579711914,1.237106204032898
1629795692636,0.4163838624954223,1.0783679485321045,0.397653579711914,1.237106204032898
1629795692667,0.4163838624954223,1.0597530603408811,0.397653579711914,1.237106204032898
1629795692948,0.4163838624954223,1.0597530603408811,0.397653579711914,1.237106204032898
1629795693091,0.4163838624954223,1.0597530603408811,0.397653579711914,1.237106204032898
1629795693122,0.4163838624954223,1.0597530603408811,0.397653579711914,1.237106204032898
1629795693138,0.4163838624954223,1.0597530603408811,0.397653579711914,1.237106204032898
1629795693216,0.4163838624954223,1.0597530603408811,0.397653579711914,1.237106204032898
1629795693247,0.4163838624954223,1.0597530603408811,0.397653579711914,1.237106204032898
1629795693325,0.4163838624954223,1.0597530603408811,0.397653579711914,1.237106204032898
1629795693388,0.4163838624954223,1.0597530603408811,1.0589301586151123,1.237106204032898
1629795693404,0.4163838624954223,1.0597530603408811,1.0589301586151123,1.237106204032898
1629795693419,0.4163838624954223,1.0597530603408811,1.0589301586151123,1.237106204032898
1629795693419,0.4163838624954223,1.0597530603408811,1.0589301586151123,1.237106204032898
1629795693622,0.4163838624954223,1.0597530603408811,1.0589301586151123,1.237106204032898
1629795693763,0.4163838624954223,1.0597530603408811,1.0589301586151123,1.237106204032898
1629795693825,0.4163838624954223,1.0597530603408811,1.0589301586151123,1.237106204032898
1629795693919,0.4163838624954223,1.0597530603408811,1.0589301586151123,1.237106204032898
1629795694234,0.4163838624954223,1.0597530603408811,1.0589301586151123,1.237106204032898
1629795694265,0.4163838624954223,1.0597530603408811,1.0589301586151123,1.237106204032898
1629795694281,0.4163838624954223,1.0597530603408811,1.0589301586151123,1.237106204032898
1629795694312,0.4163838624954223,1.0597530603408811,1.0589301586151123,1.237106204032898
1629795694406,0.4163838624954223,1.0597530603408811,1.0589301586151123,1.237106204032898
1629795694452,0.4163838624954223,1.0597530603408811,1.0589301586151123,1.237106204032898
1629795694515,0.4163838624954223,1.0597530603408811,1.0589301586151123,1.237106204032898
1629795694577,0.4163838624954223,1.0597530603408811,1.0589301586151123,1.237106204032898
1629795694749,0.4163838624954223,0.5636385083198547,1.0589301586151123,1.237106204032898
1629795695360,0.4163838624954223,0.500730574131012,1.0589301586151123,1.237106204032898
1629795695376,0.4163838624954223,0.9445969462394714,0.0520971119403839,1.237106204032898
1629795695438,0.4163838624954223,1.0551111698150637,0.8160362839698792,1.237106204032898
1629795695485,0.4163838624954223,1.0106428861618042,0.7530151009559631,1.237106204032898
1629795695532,0.4163838624954223,1.0918792486190796,0.9382900595664978,1.237106204032898
1629795695563,0.4163838624954223,1.4013835191726685,0.9382900595664978,1.237106204032898
1629795695610,0.4163838624954223,1.4390208721160889,0.9382900595664978,1.237106204032898
1629795695673,0.4163838624954223,1.484931230545044,0.9382900595664978,1.237106204032898
1629795695673,0.4163838624954223,1.438695192337036,0.9382900595664978,1.237106204032898
1629795695751,0.4163838624954223,1.3995991945266724,0.9382900595664978,1.237106204032898
1629795695845,0.4163838624954223,1.366069197654724,0.9382900595664978,1.237106204032898
1629795696175,0.4163838624954223,1.3369306325912476,0.9048901200294496,1.237106204032898
1629795696503,0.4163838624954223,1.3119056224822998,0.8781418204307556,1.237106204032898
1629795696581,0.4163838624954223,1.3156756162643433,0.8909492492675781,1.237106204032898
1629795696628,0.4163838624954223,1.4432698488235474,0.9361431002616882,1.237106204032898
1629795696862,0.4163838624954223,1.4698306322097778,0.9872652292251588,1.237106204032898
1629795696878,0.4163838624954223,1.460561752319336,1.0459508895874023,1.237106204032898
1629795696956,0.4163838624954223,1.499313235282898,0.8861703872680664,1.237106204032898
1629795697065,0.4163838624954223,1.5002946853637695,0.9688403010368348,1.237106204032898
1629795697081,0.4163838624954223,1.5350782871246338,0.9688403010368348,1.237106204032898
1629795697240,0.4163838624954223,1.3579257726669312,0.5594229698181152,1.237106204032898
1629795697412,0.4163838624954223,1.327833652496338,0.5772308707237244,1.237106204032898
1629795697490,0.4163838624954223,1.3006919622421265,0.5766841769218445,1.237106204032898
1629795697521,0.4163838624954223,1.4156171083450315,1.2096617221832275,1.237106204032898
1629795697662,0.4163838624954223,1.414785623550415,1.1598480939865112,1.237106204032898
1629795697912,0.4163838624954223,1.4414629936218262,1.1598480939865112,1.237106204032898
1629795698099,0.4163838624954223,1.4699656963348389,1.2043402194976809,1.237106204032898
1629795698130,0.4163838624954223,1.5330344438552856,1.348239541053772,1.237106204032898
1629795698146,0.4163838624954223,1.5004441738128662,1.2566461563110352,1.237106204032898
1629795698177,0.4163838624954223,1.4385137557983398,1.297342300415039,1.237106204032898
1629795698429,0.4163838624954223,1.4453885555267334,1.2437365055084229,1.237106204032898
1629795698476,0.4163838624954223,1.4033046960830688,1.207561492919922,1.237106204032898
1629795698507,0.4163838624954223,1.3242757320404053,1.207561492919922,1.237106204032898
1629795698507,0.4163838624954223,1.3735072612762451,1.207561492919922,1.237106204032898
1629795698523,0.4163838624954223,1.241140842437744,1.207561492919922,1.237106204032898
1629795698539,0.4163838624954223,1.307742953300476,1.2031322717666626,1.237106204032898
1629795698804,0.4163838624954223,1.39181649684906,1.1996692419052124,1.237106204032898
1629795698867,0.4163838624954223,1.39181649684906,1.2004942893981934,1.237106204032898
1629795698929,0.4163838624954223,1.39181649684906,0.7986356019973755,1.237106204032898
1629795699023,0.4163838624954223,1.39181649684906,0.8165597915649414,1.237106204032898
1629795699210,0.4163838624954223,1.39181649684906,0.7976551651954651,1.237106204032898
1629795699417,0.4163838624954223,1.39181649684906,1.0372262001037598,1.237106204032898
1629795699433,0.4163838624954223,1.39181649684906,1.009299397468567,1.237106204032898
1629795699636,0.4163838624954223,1.39181649684906,0.908290147781372,1.237106204032898
1629795699776,0.4163838624954223,1.39181649684906,1.008155107498169,1.237106204032898
1629795699792,0.4163838624954223,1.39181649684906,1.0172384977340698,1.237106204032898
1629795699792,0.4163838624954223,1.39181649684906,1.014049053192139,1.237106204032898
1629795699917,0.4163838624954223,1.39181649684906,1.0926464796066284,1.237106204032898
1629795699933,0.4163838624954223,1.39181649684906,1.068869709968567,1.237106204032898
1629795699964,0.4163838624954223,1.39181649684906,1.0458965301513672,1.237106204032898
1629795699980,0.4163838624954223,1.051604986190796,1.0457667112350464,1.237106204032898
1629795700042,0.4163838624954223,1.1904724836349487,1.0727055072784424,1.237106204032898
1629795700042,0.4163838624954223,1.211910367012024,1.0770024061203003,1.237106204032898
1629795700104,0.4163838624954223,1.1337851285934448,1.0659104585647583,1.237106204032898
1629795700323,0.4163838624954223,1.0851839780807495,1.0580023527145386,1.237106204032898
1629795700354,0.4163838624954223,1.1784332990646362,1.0510382652282717,1.237106204032898
1629795700542,0.4163838624954223,1.1368625164031982,0.8753207325935364,1.237106204032898
1629795700682,0.4163838624954223,1.1490755081176758,0.9300569891929626,1.237106204032898
1629795700729,0.4163838624954223,1.1163251399993896,0.9217854738235474,1.237106204032898
1629795700839,0.4163838624954223,1.2077127695083618,0.8049235343933105,1.237106204032898
1629795700932,0.4163838624954223,1.1779818534851074,0.7884625792503357,1.237106204032898
1629795701011,0.4163838624954223,1.2195438146591189,0.9145715832710266,1.237106204032898
1629795701091,0.4163838624954223,1.153112530708313,0.7616798281669617,1.237106204032898
1629795701122,0.4163838624954223,1.1484739780426023,0.7482455372810364,1.237106204032898
1629795701279,0.4163838624954223,1.1379766464233398,0.7382344603538513,1.237106204032898
1629795701544,0.4163838624954223,1.1365957260131836,0.7305273413658142,1.237106204032898
1629795701654,0.4163838624954223,1.054134964942932,0.6448867321014404,1.237106204032898
1629795701685,0.4163838624954223,1.0261540412902832,0.6371791362762451,1.237106204032898
1629795702107,0.4163838624954223,1.0216569900512695,0.622887909412384,1.237106204032898
1629795702107,0.4163838624954223,1.0232679843902588,0.629642903804779,1.237106204032898
1629795702156,0.4163838624954223,0.9067198634147644,0.6173508167266846,1.237106204032898
1629795702499,0.4163838624954223,0.907618284225464,0.6118269562721252,1.237106204032898
1629795702796,0.4163838624954223,0.867927610874176,0.8102491497993469,1.237106204032898
1629795702796,0.4163838624954223,0.8455055356025696,0.463807612657547,1.237106204032898
1629795702890,0.4163838624954223,0.588654637336731,0.8375207781791687,1.237106204032898
1629795702984,0.4163838624954223,0.6130585074424744,0.8677476048469543,1.237106204032898
1629795703109,0.4163838624954223,0.0181921422481536,0.7082064151763916,1.237106204032898
1629795703298,0.4163838624954223,0.0412477105855941,0.7560121417045593,1.237106204032898
1629795703439,0.4163838624954223,0.9885131120681764,0.7877978086471558,1.237106204032898
1629795703454,0.4163838624954223,1.0281944274902344,0.8211541771888733,1.237106204032898
1629795703689,0.4163838624954223,1.0712721347808838,0.8561896681785583,1.237106204032898
1629795703892,0.4163838624954223,1.1188347339630127,0.8943924307823181,1.237106204032898
1629795704017,0.4163838624954223,1.1727606058120728,0.9387714862823486,1.237106204032898
1629795704017,0.4163838624954223,1.2348090410232544,0.992154061794281,1.237106204032898
1629795704032,0.4163838624954223,1.307637333869934,1.0565366744995115,1.237106204032898
1629795704126,0.4163838624954223,1.3970776796340942,1.1342017650604248,1.237106204032898
1629795704347,0.4163838624954223,1.4532079696655271,1.155846357345581,1.237106204032898
1629795704363,0.4163838624954223,1.4532079696655271,1.2518483400344849,1.237106204032898
1629795704410,0.4163838624954223,1.4532079696655271,1.2518483400344849,1.237106204032898
1629795704441,0.4163838624954223,1.4532079696655271,0.6671246886253357,1.237106204032898
1629795704441,0.4163838624954223,1.4532079696655271,1.2518483400344849,1.237106204032898
1629795704472,0.4163838624954223,1.4532079696655271,0.5539918541908264,1.237106204032898
1629795704472,0.4163838624954223,1.4532079696655271,0.5539918541908264,1.237106204032898
1629795704691,0.4163838624954223,1.4532079696655271,0.5539918541908264,1.237106204032898
1629795704706,0.4163838624954223,1.4532079696655271,0.5539918541908264,1.237106204032898
1629795704722,0.4163838624954223,1.4532079696655271,0.3300439715385437,1.237106204032898
1629795705003,0.4163838624954223,1.4532079696655271,0.3961870372295379,1.237106204032898
1629795705081,0.4163838624954223,1.4532079696655271,0.3961870372295379,1.237106204032898
1629795705144,0.4163838624954223,1.4532079696655271,0.3961870372295379,1.237106204032898
1629795705505,0.4163838624954223,1.4532079696655271,0.3961870372295379,1.237106204032898
1629795705521,0.4163838624954223,1.4532079696655271,0.8238577246665955,1.237106204032898
1629795705568,0.4163838624954223,1.4532079696655271,0.831719696521759,1.237106204032898
1629795705615,0.4163838624954223,1.4532079696655271,1.4375182390213013,1.237106204032898
1629795705662,0.4163838624954223,1.4532079696655271,1.4652646780014038,1.237106204032898
1629795705755,0.4163838624954223,1.4532079696655271,1.4176133871078491,1.237106204032898
1629795705865,0.4163838624954223,1.4532079696655271,1.4191848039627075,1.237106204032898
1629795705896,0.4163838624954223,1.4532079696655271,1.4679003953933716,1.237106204032898
1629795705927,0.4163838624954223,1.4532079696655271,1.4679003953933716,1.237106204032898
1629795705943,0.4163838624954223,1.4532079696655271,1.4679003953933716,1.237106204032898
1629795706150,0.4163838624954223,1.7272228002548218,1.4325358867645264,1.237106204032898
1629795706150,0.4163838624954223,1.8233486413955688,1.4277260303497314,1.237106204032898
1629795706181,0.4163838624954223,1.6752097606658936,1.4321058988571167,1.237106204032898
1629795706244,0.4163838624954223,1.7619763612747192,1.390661358833313,1.237106204032898
1629795706275,0.4163838624954223,1.7091799974441528,1.3609130382537842,1.237106204032898
1629795706353,0.4163838624954223,1.704473853111267,1.3284239768981934,1.237106204032898
1629795706384,0.4163838624954223,1.704473853111267,1.3166953325271606,1.237106204032898
1629795706494,0.4163838624954223,1.704473853111267,1.349675178527832,1.237106204032898
1629795706603,0.4163838624954223,1.704473853111267,0.9074904918670654,1.237106204032898
1629795706806,0.4163838624954223,1.6619757413864136,0.5940054655075073,1.237106204032898
1629795706994,0.4163838624954223,1.6244845390319824,0.6132294535636902,1.237106204032898
1629795707025,0.4163838624954223,1.5905441045761108,0.6202534437179565,1.237106204032898
1629795707040,0.4163838624954223,1.3881725072860718,0.5967172980308533,1.237106204032898
1629795707119,0.4163838624954223,1.3882051706314087,0.5692198872566223,1.237106204032898
1629795707119,0.4163838624954223,1.389190673828125,0.5404579043388367,1.237106204032898
1629795707165,0.4163838624954223,1.2656338214874268,0.5808683037757874,1.237106204032898
1629795707197,0.4163838624954223,1.2664955854415894,0.5375257134437561,1.237106204032898
1629795707415,0.4163838624954223,1.2324429750442505,0.5060458779335022,1.237106204032898
1629795707509,0.4163838624954223,0.8484536409378052,0.4884151816368103,1.237106204032898
1629795707556,0.4163838624954223,0.8253821730613708,0.4156500399112701,1.237106204032898
1629795707650,1.6462275981903076,0.4680686891078949,0.38428395986557,1.237106204032898
1629795707759,1.6139582395553589,0.4622290134429931,0.3618583977222442,1.237106204032898
1629795707900,1.6264660358428955,0.4694620072841644,0.341359943151474,1.237106204032898
1629795708087,1.6264660358428955,0.4804773926734924,0.325688898563385,1.237106204032898
1629795708321,1.6264660358428955,0.4878747761249542,0.2833676040172577,1.237106204032898
1629795708431,1.6264660358428955,0.4920184016227722,0.2604680359363556,1.237106204032898
1629795708478,1.6264660358428955,0.4994600713253021,0.2518294155597687,1.237106204032898
1629795708681,1.6264660358428955,0.5098601579666138,0.2496476620435714,1.237106204032898
1629795708993,1.6068223714828491,0.5186237692832947,0.2517165243625641,1.237106204032898
1629795709056,1.5870184898376465,0.5254294872283936,0.2577163577079773,1.237106204032898
1629795709087,1.5094178915023804,0.4287742972373962,0.0858061164617538,1.237106204032898
1629795709118,1.5015789270401,0.4499814808368683,0.0964090600609779,1.237106204032898
1629795709341,1.5015789270401,0.6208678483963013,0.3778277337551117,1.237106204032898
1629795709372,1.5015789270401,1.108187556266785,0.6175026893615723,1.237106204032898
1629795709403,1.5015789270401,1.1133004426956177,0.6177927851676941,1.237106204032898
1629795709591,1.5411871671676636,1.115465521812439,0.6172661781311035,1.237106204032898
1629795709700,1.5411871671676636,1.114822268486023,0.616023600101471,1.237106204032898
1629795709950,1.5411871671676636,1.112263560295105,0.614300012588501,1.237106204032898
1629795710153,1.5411871671676636,1.1086831092834473,0.6107993125915527,1.237106204032898
1629795710450,1.5411871671676636,1.1037486791610718,0.6036288142204285,1.237106204032898
1629795710528,1.5411871671676636,1.1699695587158203,0.5919997096061707,1.237106204032898
1629795710840,1.5411871671676636,1.1625628471374512,0.5784340500831604,1.237106204032898
1629795711137,1.5411871671676636,1.1834591627120972,0.5662781000137329,1.237106204032898
1629795711153,1.5411871671676636,1.208649516105652,0.9034824967384338,1.237106204032898
1629795711672,1.5411871671676636,1.2380586862564087,0.8998255729675293,1.237106204032898
1629795711829,1.5411871671676636,1.2706079483032229,0.8973585963249207,1.237106204032898
1629795711907,1.5411871671676636,1.2723747491836548,0.8986263275146484,1.237106204032898
1629795711954,1.5411871671676636,1.2673205137252808,1.0028079748153689,1.237106204032898
1629795711954,1.5411871671676636,0.7857732176780701,0.9291770458221436,1.237106204032898
1629795711985,1.5411871671676636,0.8144727349281311,0.9372559785842896,1.237106204032898
1629795712016,1.5411871671676636,0.8539096713066101,0.9439306259155272,1.237106204032898
1629795712047,1.5411871671676636,1.341112494468689,1.1140578985214231,1.237106204032898
1629795712047,1.5411871671676636,1.2541643381118774,1.08066725730896,1.237106204032898
1629795712047,1.5411871671676636,0.958405375480652,1.0499573945999146,1.237106204032898
1629795712047,1.5411871671676636,0.9018760323524476,1.0215681791305542,1.237106204032898
1629795712331,1.5411871671676636,1.341112494468689,1.150678038597107,1.237106204032898
1629795712378,1.5411871671676636,1.341112494468689,1.0450599193572998,1.237106204032898
1629795712378,1.5411871671676636,1.341112494468689,1.1019631624221802,1.237106204032898
1629795712378,1.5411871671676636,1.341112494468689,1.236122488975525,1.237106204032898
1629795712378,1.5411871671676636,1.341112494468689,1.1911154985427856,1.237106204032898
1629795712409,1.5411871671676636,1.341112494468689,1.1663198471069336,1.237106204032898
1629795712409,1.5411871671676636,1.341112494468689,1.2849788665771484,1.237106204032898
1629795712409,1.5411871671676636,1.341112494468689,1.43571138381958,1.237106204032898
1629795712487,1.5411871671676636,1.341112494468689,1.2801544666290283,1.237106204032898
1629795712487,1.5411871671676636,1.341112494468689,1.2760920524597168,1.237106204032898
1629795712721,1.5411871671676636,1.341112494468689,1.2747373580932615,1.237106204032898
1629795712752,1.5411871671676636,1.341112494468689,1.237972617149353,1.237106204032898
1629795712815,1.5411871671676636,1.341112494468689,1.237972617149353,1.237106204032898
1629795712815,1.5411871671676636,1.341112494468689,1.237972617149353,1.237106204032898
1629795712971,1.5411871671676636,1.341112494468689,1.237972617149353,1.237106204032898
1629795713080,1.5411871671676636,1.341112494468689,1.1618674993515017,1.237106204032898
1629795713377,1.5411871671676636,1.341112494468689,1.0976899862289429,1.237106204032898
1629795713455,1.5411871671676636,1.341112494468689,1.0427736043930054,1.237106204032898
1629795713612,1.5411871671676636,1.341112494468689,0.996745765209198,1.237106204032898
1629795713659,1.5411871671676636,0.4436096549034118,0.9601438045501708,1.237106204032898
1629795713847,1.5411871671676636,1.3780462741851809,0.9313868880271912,1.237106204032898
1629795713972,1.5411871671676636,1.3780462741851809,0.989451825618744,1.237106204032898
1629795714018,1.5411871671676636,1.3780462741851809,0.990678071975708,1.237106204032898
1629795714069,1.5411871671676636,1.3780462741851809,0.9929445385932922,1.237106204032898
1629795714100,1.5411871671676636,1.398199200630188,0.98308664560318,1.237106204032898
1629795714412,1.5411871671676636,1.4604108333587646,0.9872912764549256,1.237106204032898
1629795714459,1.5411871671676636,1.389083743095398,0.9602676630020142,1.237106204032898
1629795714459,1.5411871671676636,1.389083743095398,0.935802400112152,1.237106204032898
1629795714553,1.5411871671676636,1.389083743095398,0.9136637449264526,1.237106204032898
1629795714865,1.5411871671676636,1.389083743095398,0.8937633037567139,1.237106204032898
1629795715084,1.5411871671676636,1.389083743095398,1.3748934268951416,1.237106204032898
1629795715100,1.5411871671676636,1.389083743095398,1.4495224952697754,1.237106204032898
1629795715415,1.5411871671676636,1.389083743095398,1.4500854015350342,1.237106204032898
1629795715556,1.5411871671676636,1.4620654582977295,1.4497401714324951,1.237106204032898
1629795715759,1.5411871671676636,1.5518628358840942,1.4485666751861572,1.237106204032898
1629795715805,1.5411871671676636,1.5518628358840942,1.4508849382400513,1.237106204032898
1629795715821,1.5411871671676636,1.5518628358840942,1.3616180419921875,1.237106204032898
1629795715837,1.5411871671676636,1.5518628358840942,1.3886029720306396,1.237106204032898
1629795715899,1.5411871671676636,1.5518628358840942,1.4183155298233032,1.237106204032898
1629795715915,1.5411871671676636,1.5518628358840942,1.450454592704773,1.237106204032898
1629795715946,1.5411871671676636,1.5518628358840942,1.4496008157730105,1.237106204032898
1629795715977,1.5411871671676636,1.5518628358840942,1.4839297533035278,1.237106204032898
1629795716102,1.5411871671676636,1.5518628358840942,1.5219050645828247,1.237106204032898
1629795716134,1.5411871671676636,1.5518628358840942,1.5642223358154297,1.237106204032898
1629795716149,1.5411871671676636,1.5518628358840942,1.562650442123413,1.237106204032898
1629795716149,1.5411871671676636,1.5518628358840942,1.1750950813293457,1.237106204032898
1629795716201,1.5411871671676636,1.5518628358840942,0.9259520769119264,1.237106204032898
1629795716201,1.5411871671676636,1.5518628358840942,0.9763414859771729,1.237106204032898
1629795716373,1.5411871671676636,1.5518628358840942,1.038598656654358,1.237106204032898
1629795716592,1.5411871671676636,1.5518628358840942,1.0530147552490234,1.237106204032898
1629795716857,1.5411871671676636,1.5518628358840942,1.4798680543899536,1.237106204032898
1629795717138,1.5411871671676636,1.5518628358840942,1.4676340818405151,1.237106204032898
1629795717282,1.5411871671676636,1.5518628358840942,1.404139518737793,1.237106204032898
1629795717423,1.5411871671676636,1.5518628358840942,1.4254446029663086,1.237106204032898
1629795717548,1.5411871671676636,1.5518628358840942,1.400084376335144,1.237106204032898
1629795717548,1.5411871671676636,1.5518628358840942,1.447756052017212,1.237106204032898
1629795717579,1.5411871671676636,1.5518628358840942,1.447756052017212,1.237106204032898
1629795717751,1.5411871671676636,1.5518628358840942,1.447756052017212,1.237106204032898
1629795717782,1.5411871671676636,1.5518628358840942,1.4085991382598877,1.237106204032898
1629795717829,1.5411871671676636,1.8008168935775757,1.4144750833511353,1.237106204032898
1629795717860,1.5411871671676636,1.7059998512268066,1.3292295932769775,1.237106204032898
1629795717876,1.5411871671676636,1.6286137104034424,1.2886948585510254,1.237106204032898
1629795718001,1.5411871671676636,1.6773724555969238,1.3051201105117798,1.237106204032898
1629795718004,1.5411871671676636,1.6773724555969238,1.3051201105117798,1.237106204032898
1629795718066,1.5411871671676636,1.6773724555969238,1.3406531810760498,1.237106204032898
1629795718191,1.5411871671676636,1.367826223373413,1.049238920211792,1.237106204032898
1629795718410,1.5411871671676636,1.2311149835586548,1.0699334144592283,1.237106204032898
1629795718488,1.5411871671676636,1.309740662574768,1.3261514902114868,1.237106204032898
1629795718754,1.5411871671676636,1.309740662574768,1.2295278310775757,1.237106204032898
1629795718879,1.5411871671676636,1.309740662574768,1.1930533647537231,1.237106204032898
1629795719271,1.5411871671676636,1.2343860864639282,1.1496466398239136,1.237106204032898
1629795719318,1.5411871671676636,1.2343860864639282,1.129944920539856,1.237106204032898
1629795719662,1.5411871671676636,1.2343860864639282,1.129944920539856,1.237106204032898
1629795719756,1.5411871671676636,1.2343860864639282,1.1549891233444214,1.237106204032898
1629795720133,1.5411871671676636,1.3322488069534302,1.1932672262191772,1.237106204032898
1629795720133,1.5411871671676636,1.323846697807312,1.1901848316192627,1.237106204032898
1629795720180,1.5411871671676636,1.3389689922332764,1.198156714439392,1.237106204032898
1629795720195,1.5411871671676636,0.461953341960907,1.1047309637069702,1.237106204032898
1629795720195,1.5411871671676636,1.204270839691162,1.2828696966171265,1.237106204032898
1629795720211,1.5411871671676636,1.204270839691162,1.241183161735535,1.237106204032898
1629795720226,1.5411871671676636,1.204270839691162,1.2025175094604492,1.237106204032898
1629795720242,1.5411871671676636,1.204270839691162,1.178894281387329,1.237106204032898
1629795720273,1.5411871671676636,1.204270839691162,1.100643515586853,1.237106204032898
1629795720289,1.5411871671676636,1.204270839691162,1.1686326265335083,1.237106204032898
1629795720289,1.5411871671676636,1.204270839691162,1.1333972215652466,1.237106204032898
1629795720367,1.5411871671676636,1.2780357599258425,1.2077254056930542,1.237106204032898
1629795720383,1.5411871671676636,1.2780357599258425,1.38850998878479,1.237106204032898
1629795720398,1.5411871671676636,1.2780357599258425,1.3444520235061646,1.237106204032898
1629795720430,1.5411871671676636,1.2780357599258425,1.3852531909942627,1.237106204032898
1629795720492,1.5411871671676636,1.2780357599258425,1.4013142585754397,1.237106204032898
1629795720570,1.5411871671676636,1.2780357599258425,1.4304829835891724,1.237106204032898
1629795720664,1.5411871671676636,1.2780357599258425,1.428820252418518,1.237106204032898
1629795720726,1.5411871671676636,1.2780357599258425,1.4622113704681396,1.237106204032898
1629795720804,1.5411871671676636,1.2780357599258425,1.394542217254639,1.237106204032898
1629795720914,1.5411871671676636,1.2780357599258425,1.4374438524246216,1.237106204032898
1629795720992,1.5411871671676636,1.2780357599258425,1.4866576194763184,1.237106204032898
1629795721148,1.5411871671676636,1.2780357599258425,1.5342339277267456,1.237106204032898
1629795721414,1.5411871671676636,1.2780357599258425,1.5061190128326416,1.237106204032898
1629795721523,1.5411871671676636,1.2780357599258425,1.5061190128326416,1.237106204032898
1629795721757,1.5411871671676636,1.2780357599258425,1.5061190128326416,1.237106204032898
1629795734196,0.0,0.0,0.0,0.0
1629795734259,0.0,0.0,0.0,0.0
1629795734400,0.0,0.0,0.0,0.0
1629795734509,0.0,0.0,0.0,0.0
1629795734587,0.0,0.0,0.0,0.0
1629795734665,0.0,0.0,0.0,0.0
1629795734774,0.0,0.0,0.0,0.0
1629795734868,0.0,0.0,0.0,0.0
1629795735009,0.0,0.0,0.0,0.0
1629795735087,0.0,0.0,0.0,0.0
1629795735246,0.0,0.0,0.0,0.0
1629795735293,0.0,0.0,0.0,0.0
1629795735371,0.0,0.4270356893539428,0.3030979037284851,0.0
1629795735465,0.0,0.4479437470436096,0.369163304567337,0.0
1629795735621,0.0,0.4748754501342773,0.4140602052211761,0.0
1629795735715,0.0,0.4976032376289367,0.4456945955753326,0.0
1629795735808,0.0,0.5129709243774414,0.4695311784744262,0.0
1629795735933,0.0,0.5179570317268372,0.4848524928092956,0.0
1629795735980,0.0,0.5113786458969116,0.4911554455757141,0.0
1629795736089,0.0,0.4988753199577331,0.493755578994751,0.0
1629795736234,0.0,0.4899640381336212,0.4973597824573517,0.0
1629795736374,0.0,0.4894254803657532,0.4995597302913666,0.0
1629795736421,0.0,0.4961751997470855,0.4977562725543976,0.0
1629795736499,0.0,0.503748893737793,0.4955678880214691,0.0
1629795736577,0.0,0.5054598450660706,0.51230788230896,0.0
1629795736749,0.0,0.5102717280387878,0.5402697324752808,0.0
1629795736843,0.0,0.5170390009880066,0.5665968060493469,0.0
1629795736952,0.0,0.5223045349121094,0.5811277627944946,0.0
1629795737046,0.0,0.5222978591918945,0.5839383602142334,0.0
1629795737124,0.0,0.5155206322669983,0.5812227725982666,0.0
1629795737221,1.412207007408142,0.5068950653076172,0.5774129629135132,0.0
1629795737314,1.412207007408142,0.5082317590713501,0.5749980211257935,0.0
1629795737455,1.412207007408142,0.5355778932571411,0.57535719871521,0.0
1629795737533,1.412207007408142,0.5903567671775818,0.5778112411499023,0.0
1629795737642,1.412207007408142,0.6511271595954895,0.5770136117935181,0.0
1629795737721,1.412207007408142,0.6939952969551086,0.5695525407791138,0.0
1629795737830,1.412207007408142,0.7120693922042847,0.5576932430267334,0.0
1629795737908,1.412207007408142,0.7115136981010437,0.5442785024642944,0.0
1629795738080,1.412207007408142,0.7022577524185181,0.529620349407196,0.0
1629795738207,1.412207007408142,0.690578281879425,0.5083649754524231,0.0
1629795738285,1.412207007408142,0.6782403588294983,0.4761476814746856,0.0
1629795738364,1.412207007408142,0.6665764451026917,0.4339722096920013,0.0
1629795738442,1.412207007408142,0.6590154767036438,0.387750893831253,0.0
1629795738598,1.412207007408142,0.6608117818832397,0.3427367508411407,0.0
1629795738770,1.412207007408142,0.6712630987167358,0.2983740568161011,0.0
1629795738848,1.412207007408142,0.6825981736183167,0.2505245208740234,0.0
1629795738864,1.412207007408142,0.6868680715560913,0.1953782588243484,0.0
1629795739004,1.412207007408142,0.6761228442192078,0.1322318911552429,0.0
1629795739113,1.412207007408142,0.6437292695045471,0.0645275637507438,0.0
1629795739176,1.550623655319214,0.5917237401008606,0.0044995564967393,0.0
1629795739288,1.5575960874557495,0.5371631383895874,-0.0354204922914505,0.0
1629795739413,1.554978609085083,0.5017119646072388,-0.0490830428898334,0.0
1629795739460,1.5536593198776243,0.4923278987407684,-0.0367433726787567,0.0
1629795739569,1.5733211040496826,0.5028831362724304,-0.0073550776578485,0.0
1629795739631,1.5733211040496826,0.5248239636421204,0.0382640175521373,0.0
1629795739756,1.5733211040496826,0.5476784110069275,0.093713991343975,0.0
1629795739897,1.5733211040496826,0.5590434074401855,0.1439196318387985,0.0
1629795740053,1.5733211040496826,0.5527007579803467,0.17725870013237,0.0
1629795740131,1.5967471599578855,0.5299296975135803,0.1931357234716415,0.0
1629795740225,1.6146726608276367,0.5023473501205444,0.2009993493556976,0.0
1629795740290,1.6146726608276367,0.4824697077274322,0.2101465016603469,0.0
1629795740415,1.6146726608276367,0.4685427844524383,0.2239036411046981,0.0
1629795740540,1.6411798000335691,0.4477280080318451,0.2419017702341079,0.0
1629795740587,1.6532649993896484,0.4162213802337646,0.2630171179771423,0.0
1629795740697,1.6571646928787231,0.384632796049118,0.2872111201286316,0.0
1629795740790,1.6663047075271606,0.3660787343978882,0.3158566355705261,0.0
1629795740868,1.6937497854232788,0.3599092960357666,0.3487598001956939,0.0
1629795740978,1.7371209859848022,0.3555584847927093,0.3802379369735718,0.0
1629795741121,1.7814661264419556,0.3424381017684936,0.3986207544803619,0.0
1629795741215,1.7814661264419556,0.3182803392410278,0.3942116796970367,0.0
1629795741308,1.7814661264419556,0.2991836965084076,0.3672056794166565,0.0
1629795741433,1.7814661264419556,0.3133692145347595,0.3315835893154144,0.0
1629795741465,1.7814661264419556,0.3665566742420196,0.3066577911376953,0.0
1629795741652,1.7814661264419556,0.4334276616573334,0.3031521737575531,0.0
1629795741715,1.7814661264419556,0.4846794903278351,0.3132569193840027,0.0
1629795741808,1.8024568557739256,0.5096666216850281,0.3215378224849701,0.0
1629795741918,1.7889631986618042,0.5182564854621887,0.3193313181400299,0.0
1629795741996,1.763270378112793,0.5284074544906616,0.3082341849803924,0.0
1629795742089,1.7388039827346802,0.5494394898414612,0.2929784953594208,0.0
1629795742201,1.747399926185608,0.578696072101593,0.2720582187175751,0.0
1629795742357,1.7591489553451538,0.6058300733566284,0.2364275753498077,0.0
1629795742435,1.760970115661621,0.6225619316101074,0.1770236790180206,0.0
1629795742529,1.679661512374878,0.6294207572937012,0.0952964574098587,0.0
1629795742607,1.5368341207504272,0.634753406047821,0.0091326171532273,0.0
1629795742701,1.5000823736190796,0.6467459201812744,-0.0539897680282592,0.0
1629795742779,1.5000823736190796,0.6634857654571533,-0.0799433663487434,0.0
1629795742966,1.5000823736190796,0.6756054759025574,-0.0767042264342308,0.0
1629795743029,1.5000823736190796,0.6738777160644531,-0.0581553690135479,0.0
1629795743122,1.5000823736190796,0.6575178503990173,-0.0376142896711826,0.0
1629795743216,1.5000823736190796,0.6379334926605225,-0.024961169809103,0.0
1629795743294,1.3585375547409058,0.6297186017036438,-0.0221733786165714,0.0
1629795743404,1.2601057291030884,0.6326334476470947,-0.0238290354609489,0.0
1629795743529,1.2006375789642334,0.6345647573471069,-0.0280867181718349,0.0
1629795743622,1.2006375789642334,0.6277014017105103,-0.036614391952753,0.0
1629795743716,1.2006375789642334,0.6112609505653381,-0.0459754504263401,0.0
1629795743888,1.2006375789642334,0.5898079872131348,-0.0426885262131691,0.0
1629795743935,1.2006375789642334,0.5692471265792847,-0.0072154216468334,0.0
1629795744028,1.2006375789642334,0.5537490844726562,0.0647562369704246,0.0
1629795744138,1.2006375789642334,0.5408955216407776,0.1503863334655761,0.0
1629795744281,1.2006375789642334,0.5257081985473633,0.2199436277151107,0.0
1629795744375,1.5321006774902344,0.506945788860321,0.2677159905433655,0.0
1629795744453,1.5012377500534058,0.4876428842544555,0.299219399690628,0.0
1629795744547,1.4793827533721924,0.4728556871414184,0.3181464374065399,0.0
1629795744640,1.4802364110946655,0.4639276266098022,0.3239009380340576,0.0
1629795744781,1.507070779800415,0.4588944017887115,0.320583701133728,0.0
1629795744890,1.5461747646331787,0.4604706764221191,0.3174598813056946,0.0
1629795744969,1.5810434818267822,0.4783209562301636,0.3223029375076294,0.0
1629795745109,1.6052963733673096,0.5115727782249451,0.338077187538147,0.0
1629795745156,1.6191461086273191,0.5464745759963989,0.3615758419036865,0.0
1629795745253,1.6222447156906128,0.5730833411216736,0.3851269483566284,0.0
1629795745425,1.6134182214736938,0.5925328135490417,0.399812251329422,0.0
1629795745519,1.597401142120361,0.6084312200546265,0.4003611505031585,0.0
1629795745566,1.6025304794311523,0.6204867362976074,0.3832096755504608,0.0
1629795745675,1.6042847633361816,0.6271001100540161,0.3499846458435058,0.0
1629795745816,1.6076359748840332,0.6274483799934387,0.3136825859546661,0.0
1629795745847,1.6189063787460327,0.6228078603744507,0.2846974432468414,0.0
1629795745972,1.641690731048584,0.6154451966285706,0.2644644677639007,0.0
1629795746069,1.677996039390564,0.607275664806366,0.2531337141990661,0.0
1629795746179,1.7103313207626345,0.5994406342506409,0.2553037106990814,0.0
1629795746257,1.7151297330856323,0.5886473059654236,0.2716179490089416,0.0
1629795746351,1.7080979347229004,0.5659571886062622,0.2940392196178436,0.0
1629795746491,1.6934914588928225,0.5219305753707886,0.3102807402610779,0.0
1629795746601,1.6770836114883425,0.4575463235378265,0.3089362978935241,0.0
1629795746710,1.6640607118606567,0.3869040906429291,0.2898051738739013,0.0
1629795746804,1.665302038192749,0.3264356553554535,0.2701236307621002,0.0
1629795746882,1.7016775608062744,0.2815382778644562,0.2763881087303161,0.0
1629795746991,1.7016775608062744,0.253338485956192,0.3111682832241058,0.0
1629795747069,1.7016775608062744,0.2375110387802124,0.3537414669990539,0.0
1629795747241,1.7016775608062744,0.2253240793943405,0.3871690928936004,0.0
1629795747350,1.7016775608062744,0.2098908573389053,0.4065196514129638,0.0
1629795747413,1.7302151918411257,0.1885995268821716,0.4158545136451721,0.0
1629795747522,1.7098547220230105,0.160209983587265,0.4187276065349579,0.0
1629795747600,1.6551135778427124,0.1252185851335525,0.416206419467926,0.0
1629795747710,1.5656306743621826,0.0885775759816169,0.4110881686210632,0.0
1629795747819,1.5571128129959106,0.062832236289978,0.4054515957832336,0.0
1629795747897,1.5435965061187744,0.0604007132351398,0.3991732001304626,0.0
1629795748038,1.5268313884735107,0.0783373266458511,0.395279049873352,0.0
1629795748100,1.505826115608215,0.1046161949634552,0.4029405415058136,0.0
1629795748241,1.4831993579864502,0.1271667033433914,0.4252570569515228,0.0
1629795748288,1.4831993579864502,0.1444400399923324,0.4536541402339935,0.0
1629795748397,1.4831993579864502,0.1538464426994323,0.4775154590606689,0.0
1629795748506,1.4831993579864502,0.1524306386709213,0.4931925535202026,0.0
1629795748647,1.486219882965088,0.1517783999443054,0.5032551288604736,0.0
1629795748756,1.4856499433517456,0.1770648956298828,0.5092821717262268,0.0
1629795748819,1.4837254285812378,0.2395648807287216,0.5177516341209412,0.0
1629795748944,1.481167554855347,0.3204030096530914,0.5332779288291931,0.0
1629795749037,1.4711811542510986,0.3949569761753082,0.5548953413963318,0.0
1629795749147,1.453670620918274,0.4583886563777923,0.5753246545791626,0.0
1629795749225,1.4361425638198853,0.521616518497467,0.5890670418739319,0.0
1629795749334,1.422496318817139,0.5854300856590271,0.5975164175033569,0.0
1629795749428,1.4142605066299438,0.6376923322677612,0.6065335273742676,0.0
1629795749569,1.415139079093933,0.6734466552734375,0.6162204742431641,0.0
1629795749662,1.4358341693878174,0.7045367956161499,0.6201947331428528,0.0
1629795749740,1.4358341693878174,0.7420430779457092,0.6147565841674805,0.0
1629795749834,1.4358341693878174,0.7817748785018921,0.6021672487258911,0.0
1629795749944,1.4358341693878174,0.8164552450180054,0.5858249664306641,0.0
1629795749990,1.5386909246444702,0.8453803658485413,0.5696165561676025,0.0
1629795750162,1.580087184906006,0.8686107397079468,0.5576285719871521,0.0
1629795750259,1.580087184906006,0.8821845650672913,0.5530770421028137,0.0
1629795750384,1.580087184906006,0.88369220495224,0.5475677251815796,0.0
1629795750493,1.580087184906006,0.876602053642273,0.5326312184333801,0.0
1629795750540,1.580087184906006,0.867621660232544,0.5129461884498596,0.0
1629795750665,1.580087184906006,0.8594275116920471,0.5043945908546448,0.0
1629795750774,1.580087184906006,0.8488048315048218,0.5142698287963867,0.0
1629795750884,1.580087184906006,0.8343273997306824,0.5323497653007507,0.0
1629795750962,1.580087184906006,0.8207992315292358,0.5434420108795166,0.0
1629795751071,1.580087184906006,0.8132304549217224,0.5432064533233643,0.0
1629795751149,1.580087184906006,0.8067589998245239,0.5409061312675476,0.0
1629795751274,1.580087184906006,0.7945030927658081,0.5446279048919678,0.0
1629795751352,1.580087184906006,0.7783188819885254,0.5532968640327454,0.0
1629795751462,1.580087184906006,0.7627454996109009,0.5615926384925842,0.0
1629795751571,1.580087184906006,0.7497168183326721,0.5666764378547668,0.0
1629795751634,1.580087184906006,0.7441474199295044,0.5688246488571167,0.0
1629795751774,1.580087184906006,0.7520819902420044,0.5682970881462097,0.0
1629795751883,1.580087184906006,0.769470751285553,0.5671151280403137,0.0
1629795752008,1.580087184906006,0.7855269312858582,0.5665926933288574,0.0
1629795752120,1.580087184906006,0.7952442765235901,0.5629981756210327,0.0
1629795752198,1.580087184906006,0.8011423945426941,0.5492147207260132,0.0
1629795752323,1.580087184906006,0.8051536679267883,0.5225483179092407,0.0
1629795752417,1.580087184906006,0.8055581450462341,0.4904126822948456,0.0
1629795752495,2.1049718856811523,0.8020586967468262,0.4642946422100067,0.0
1629795752589,2.083099842071533,0.7943642139434814,0.4502008259296417,0.0
1629795752714,2.083099842071533,0.7821382880210876,0.4407195150852203,0.0
1629795752839,2.083099842071533,0.7675813436508179,0.4272264540195465,0.0
1629795752917,2.083099842071533,0.7554475665092468,0.4066488742828369,0.0
1629795753011,2.083099842071533,0.7493245005607605,0.3779470920562744,0.0
1629795753093,2.083099842071533,0.7453877925872803,0.337940901517868,0.0
1629795753171,2.083099842071533,0.7329769134521484,0.2845907807350158,0.0
1629795753296,2.083099842071533,0.7057802081108093,0.2254457175731659,0.0
1629795753468,2.083099842071533,0.670498251914978,0.1775895059108734,0.0
1629795753515,2.083099842071533,0.6452686786651611,0.1564942151308059,0.0
1629795753640,2.083099842071533,0.6430026292800903,0.1596817821264267,0.0
1629795753687,2.0686018466949463,0.6592941880226135,0.1719099432229995,0.0
1629795753843,2.0686018466949463,0.6784287691116333,0.1776873171329498,0.0
1629795753968,2.0686018466949463,0.6897187829017639,0.169993594288826,0.0
1629795754030,2.0686018466949463,0.6900780200958252,0.1621540188789367,0.0
1629795754157,2.0686018466949463,0.6847568154335022,0.1792631447315216,0.0
1629795754220,2.0686018466949463,0.6798516511917114,0.2304109781980514,0.0
1629795754298,2.0686018466949463,0.6764742732048035,0.2943908274173736,0.0
1629795754361,2.0686018466949463,0.6690835356712341,0.3452848196029663,0.0
1629795754548,2.0686018466949463,0.6542215943336487,0.3726131319999695,0.0
1629795754626,2.0686018466949463,0.6351499557495117,0.3811444640159607,0.0
1629795754735,2.0686018466949463,0.6192209124565125,0.3825545012950897,0.0
1629795754814,2.0686018466949463,0.6118393540382385,0.3843533098697662,0.0
1629795754923,2.0686018466949463,0.6128813624382019,0.3887912333011627,0.0
1629795755001,2.0686018466949463,0.6133299469947815,0.3925634920597076,0.0
1629795755142,2.0686018466949463,0.6013380289077759,0.3951459228992462,0.0
1629795755269,2.0686018466949463,0.5706415772438049,0.3970542550086975,0.0
1629795755363,2.0686018466949463,0.5295611023902893,0.3997697234153747,0.0
1629795755425,2.0686018466949463,0.4946833252906799,0.4040330052375793,0.0
1629795755535,2.0686018466949463,0.4758384525775909,0.4050313234329223,0.0
1629795755597,2.0686018466949463,0.4677858054637909,0.3908508718013763,0.0
1629795755738,2.0686018466949463,0.4667627811431885,0.3518862426280975,0.0
1629795755831,2.0686018466949463,0.4703682065010071,0.290818989276886,0.0
1629795755941,2.0686018466949463,0.4760187566280365,0.2251727879047393,0.0
1629795756019,2.0686018466949463,0.4792294800281524,0.1814453452825546,0.0
1629795756191,2.0686018466949463,0.4791958928108215,0.1737731099128723,0.0
1629795756238,1.5545854568481443,0.4775531589984894,0.1930276602506637,0.0
1629795756362,1.5857499837875366,0.4746510684490204,0.2229359149932861,0.0
1629795756472,1.6011838912963867,0.4666108787059784,0.2464845329523086,0.0
1629795756550,1.6050060987472534,0.4504412114620209,0.2562913000583648,0.0
1629795756659,1.6058361530303955,0.4287343025207519,0.2509018778800964,0.0
1629795756800,1.6044628620147705,0.4090897142887115,0.2374099940061569,0.0
1629795756862,1.5974589586257937,0.3950331509113312,0.2223713845014572,0.0
1629795756987,1.5845615863800049,0.3859654068946838,0.2065876871347427,0.0
1629795757112,1.5720542669296265,0.3819923400878906,0.1867955774068832,0.0
1629795757190,1.566317796707153,0.3849950134754181,0.1674157828092575,0.0
1629795757253,1.571938157081604,0.3869995474815368,0.1553162783384323,0.0
1629795757347,1.585014581680298,0.3855347335338592,0.1548720300197601,0.0
1629795757487,1.6046861410140991,0.3893774747848511,0.1630947887897491,0.0
1629795757581,1.6157140731811523,0.4064820408821106,0.1744825541973114,0.0
1629795757706,1.6184972524642944,0.4310991168022156,0.1839250177145004,0.0
1629795757753,1.6165075302124023,0.4536944329738617,0.1857993006706237,0.0
1629795757878,1.6095882654190063,0.4699428677558899,0.1774769425392151,0.0
1629795757971,1.6035429239273071,0.4808162152767181,0.1651642620563507,0.0
1629795758050,1.6010985374450684,0.4899237155914306,0.1547722667455673,0.0
1629795758237,1.599915623664856,0.5023033618927002,0.1485104411840438,0.0
1629795758284,1.6007333993911743,0.5199858546257019,0.1486983746290207,0.0
1629795758456,1.6101073026657104,0.5390442609786987,0.1679841876029968,0.0
1629795758503,1.63413667678833,0.553226113319397,0.2220614403486251,0.0
1629795758612,1.6685073375701904,0.5594375729560852,0.3048552572727203,0.0
1629795758659,1.703513503074646,0.5588283538818359,0.3855145275592804,0.0
1629795758846,1.703513503074646,0.5550892949104309,0.4424954354763031,0.0
1629795758878,1.703513503074646,0.5473353266716003,0.4703293144702911,0.0
1629795759019,1.703513503074646,0.5309593081474304,0.4769743084907532,0.0
1629795759159,1.703513503074646,0.5067749619483948,0.4731296002864837,0.0
1629795759237,1.703513503074646,0.4835304617881775,0.4649088382720947,0.0
1629795759284,1.703513503074646,0.4724054634571075,0.4581765830516815,0.0
1629795759409,1.703513503074646,0.4834460020065307,0.4589559733867645,0.0
1629795759534,1.703513503074646,0.517128050327301,0.4699419438838959,0.0
1629795759627,1.459689021110535,0.5577566623687744,0.4888220727443695,0.0
1629795759721,1.4666739702224731,0.587041974067688,0.5103695392608643,0.0
1629795759815,1.4783565998077393,0.5996231436729431,0.5281997323036194,0.0
1629795759877,1.4829325675964355,0.602868378162384,0.535424530506134,0.0
1629795760033,1.5029898881912231,0.6048465371131897,0.524504542350769,0.0
1629795760112,1.5484594106674194,0.6099287867546082,0.4914650321006775,0.0
1629795760224,1.5484594106674194,0.6211356520652771,0.4438925087451935,0.0
1629795760333,1.5484594106674194,0.6375815868377686,0.399114191532135,0.0
1629795760396,1.5330227613449097,0.6523367762565613,0.3736876249313354,0.0
1629795760536,1.5429996252059937,0.6603119969367981,0.3680708408355713,0.0
1629795760630,1.5429996252059937,0.6611363887786865,0.3694764375686645,0.0
1629795760708,1.523175597190857,0.6560748815536499,0.3684575855731964,0.0
1629795760864,1.5120152235031128,0.6437775492668152,0.3604634404182434,0.0
1629795760974,1.498515486717224,0.6198638081550598,0.345887541770935,0.0
1629795761036,1.4985249042510986,0.5805010795593262,0.3271932899951935,0.0
1629795761130,1.4876285791397097,0.5305103063583374,0.3061256110668182,0.0
1629795761239,1.4675828218460083,0.4825387299060821,0.2831470370292663,0.0
1629795761349,1.4595602750778198,0.4478153884410858,0.2650647461414337,0.0
1629795761458,1.4847416877746582,0.4313403964042663,0.2617049813270569,0.0
1629795761520,1.4663889408111572,0.4338257908821106,0.2730379402637481,0.0
1629795761598,1.3978055715560913,0.4477003514766693,0.2888756990432739,0.0
1629795761770,1.3978055715560913,0.4577148258686065,0.3054039478302002,0.0
1629795761817,1.3978055715560913,0.4585781395435333,0.3312185108661651,0.0
1629795761911,1.3978055715560913,0.4595539271831512,0.3689359724521637,0.0
1629795762052,1.3978055715560913,0.4672655165195465,0.4063515365123749,0.0
1629795762130,1.3978055715560913,0.4768797159194946,0.4331211745738983,0.0
1629795762270,1.404068946838379,0.4858235716819763,0.4526125490665436,0.0
1629795762317,1.4029698371887207,0.5037797093391418,0.4790906310081482,0.0
1629795762473,1.412250280380249,0.5378601551055908,0.5189504027366638,0.0
1629795762583,1.44419264793396,0.5804450511932373,0.5598103404045105,0.0
1629795762676,1.44419264793396,0.6163710951805115,0.5870648622512817,0.0
1629795762723,1.44419264793396,0.6380138993263245,0.5968464612960815,0.0
1629795762864,1.44419264793396,0.647890567779541,0.593032717704773,0.0
1629795762973,1.44419264793396,0.6491348743438721,0.5815609693527222,0.0
1629795763101,1.44419264793396,0.6403505802154541,0.5647653937339783,0.0
1629795763195,1.44419264793396,0.6222127676010132,0.5448164343833923,0.0
1629795763257,1.44419264793396,0.6021697521209717,0.5219630599021912,0.0
1629795763351,1.44419264793396,0.5873321294784546,0.4908484816551208,0.0
1629795763429,1.44419264793396,0.5790330171585083,0.4480862021446228,0.0
1629795763554,1.44419264793396,0.5761197209358215,0.4028414189815521,0.0
1629795763695,1.27043616771698,0.577789306640625,0.3700561225414276,0.0
1629795763804,1.2313684225082395,0.5786460638046265,0.3517476618289947,0.0
1629795763866,1.1925573348999023,0.5676742196083069,0.3274443447589874,0.0
1629795764007,1.179184079170227,0.5364704132080078,0.2740811109542846,0.0
1629795764055,1.1993290185928345,0.4881249964237213,0.190509021282196,0.0
1629795764135,1.2314739227294922,0.4393958151340484,0.0985322296619415,0.0
1629795764322,1.2511591911315918,0.4075379967689514,0.0287182331085205,0.0
1629795764385,1.2516851425170898,0.390324592590332,-0.0099057890474796,0.0
1629795764525,1.2374955415725708,0.3734338581562042,-0.0361395590007305,0.0
1629795764619,1.21893048286438,0.3539283275604248,-0.0553917996585369,0.0
1629795764681,1.2044609785079956,0.337842583656311,-0.0604622326791286,0.0
1629795764791,1.1998902559280396,0.3252908587455749,-0.0501022525131702,0.0
1629795764885,1.204309344291687,0.3107627630233764,-0.0325130186975002,0.0
1629795765041,1.201884150505066,0.2931130528450012,-0.012886038981378,0.0
1629795765103,1.194187045097351,0.2746897637844085,0.0076539050787687,0.0
1629795765213,1.191508173942566,0.2590664625167846,0.0264010727405548,0.0
1629795765259,1.20195734500885,0.2514926791191101,0.0360848642885685,0.0
1629795765400,1.2189491987228394,0.2526297569274902,0.0302333030849695,0.0
1629795765541,1.2290451526641846,0.2543023228645324,0.0106961224228143,0.0
1629795765712,1.2189325094223022,0.2465980350971222,-0.0102962609380483,0.0
1629795765744,1.1881014108657837,0.2288814783096313,-0.0151898581534624,0.0
1629795765791,1.153219223022461,0.2139383852481842,0.0019524444360285,0.0
1629795765947,1.136157512664795,0.2218540161848068,0.0365071929991245,0.0
1629795765978,1.1502957344055176,0.2565461695194244,0.0831836313009262,0.0
1629795766137,1.1871331930160522,0.2955811321735382,0.1329191327095031,0.0
1629795766262,1.2302639484405518,0.3176300823688507,0.172822505235672,0.0
1629795766324,1.2302639484405518,0.3205000162124634,0.1949266344308853,0.0
1629795766449,1.2302639484405518,0.3164592385292053,0.1998944729566574,0.0
1629795766496,1.2302639484405518,0.3194990754127502,0.1921248733997345,0.0
1629795766621,1.2302639484405518,0.3394415974617004,0.173576146364212,0.0
1629795766777,1.2302639484405518,0.3739809691905975,0.1462009996175766,0.0
1629795766855,1.2302639484405518,0.4069006741046905,0.1177637204527854,0.0
1629795766933,1.2302639484405518,0.4264290034770965,0.098437376320362,0.0
1629795767043,1.2302639484405518,0.4366232752799988,0.094028815627098,0.0
1629795767105,1.2302639484405518,0.4483047723770141,0.1001223772764206,0.0
1629795767266,1.2302639484405518,0.4616459012031555,0.1071712002158165,0.0
1629795767359,1.4740968942642212,0.468508243560791,0.1083123609423637,0.0
1629795767438,1.4740968942642212,0.4605639278888702,0.100866213440895,0.0
1629795767547,1.4740968942642212,0.4365070462226867,0.0873911157250404,0.0
1629795767656,1.4740968942642212,0.4064085483551025,0.0752179846167564,0.0
1629795767766,1.4740968942642212,0.3865758776664734,0.0771344974637031,0.0
1629795767844,1.4740968942642212,0.389337956905365,0.1047257408499717,0.0
1629795767969,1.4740968942642212,0.4187855422496795,0.169637843966484,0.0
1629795768062,1.4740968942642212,0.4680925607681274,0.2655855119228363,0.0
1629795768187,1.4740968942642212,0.516485869884491,0.3658313453197479,0.0
1629795768284,1.4740968942642212,0.5468652844429016,0.4518425762653351,0.0
1629795768331,1.4740968942642212,0.5568563342094421,0.5232976078987122,0.0
1629795768456,1.4740968942642212,0.5587865710258484,0.5903400778770447,0.0
1629795768612,1.4740968942642212,0.5704486966133118,0.6569842100143433,0.0
1629795768690,1.4740968942642212,0.5859478712081909,0.7184452414512634,0.0
1629795768799,1.4740968942642212,0.6253315806388855,0.7684233784675598,0.0
1629795768862,1.4740968942642212,0.6657012701034546,0.8043928742408752,0.0
1629795769002,1.4740968942642212,0.6974298357963562,0.8271562457084656,0.0
1629795769049,1.4740968942642212,0.7202015519142151,0.8392148017883301,0.0
1629795769284,1.4740968942642212,0.7393574714660645,0.8445199728012085,0.0
1629795769330,1.4740968942642212,0.7574846148490906,0.846538782119751,0.0
1629795769377,1.4740968942642212,0.7720412611961365,0.8463026285171509,0.0
1629795769471,1.4740968942642212,0.773293137550354,0.8399566411972046,0.0
1629795769627,1.4740968942642212,0.752678394317627,0.8220327496528625,0.0
1629795769674,1.4740968942642212,0.7172095775604248,0.7927612066268921,0.0
1629795769846,1.4740968942642212,0.6865221858024597,0.7577567100524902,0.0
1629795769893,1.4740968942642212,0.6774662733078003,0.7217952013015747,0.0
1629795769971,1.4740968942642212,0.6772114038467407,0.6817222237586975,0.0
1629795770065,1.4740968942642212,0.6758162975311279,0.6300113797187805,0.0
1629795770190,1.4740968942642212,0.6710956692695618,0.5624948740005493,0.0
1629795770252,1.4740968942642212,0.648455023765564,0.482893705368042,0.0
1629795770411,1.4740968942642212,0.6150009036064148,0.4018251001834869,0.0
1629795770505,1.4740968942642212,0.5845934748649597,0.3326699137687683,0.0
1629795770599,1.4740968942642212,0.5663246512413025,0.280936449766159,0.0
1629795770708,1.4740968942642212,0.5586859583854675,0.2391362339258194,0.0
1629795770786,1.4740968942642212,0.555232048034668,0.1940854787826538,0.0
1629795770895,1.4740968942642212,0.5508379936218262,0.1407155394554138,0.0
1629795771005,1.4740968942642212,0.5480585694313049,0.0920896530151367,0.0
1629795771114,1.4740968942642212,0.5521325469017029,0.0780434533953666,0.0
1629795771336,1.4740968942642212,0.5566649436950684,0.1064395159482956,0.0
1629795771367,1.4740968942642212,0.5487138628959656,0.1492201536893844,0.0
1629795771429,1.4740968942642212,0.523238480091095,0.1740465015172958,0.0
1629795771554,1.4740968942642212,0.4858111441135406,0.1722676157951355,0.0
1629795771617,1.4740968942642212,0.4434903860092163,0.1629513353109359,0.0
1629795771726,1.4740968942642212,0.403880625963211,0.1900538802146911,0.0
1629795771820,1.4740968942642212,0.3746067881584167,0.2684497535228729,0.0
1629795771898,1.4740968942642212,0.3568606674671173,0.3643324077129364,0.0
1629795772023,1.4740968942642212,0.3442530930042267,0.4435638785362243,0.0
1629795772119,1.4740968942642212,0.3322271704673767,0.4966879785060882,0.0
1629795772260,1.4740968942642212,0.3187623023986816,0.529410183429718,0.0
1629795772338,1.4740968942642212,0.3004673421382904,0.5509793758392334,0.0
1629795772431,1.4740968942642212,0.2733490169048309,0.565620481967926,0.0
1629795772525,1.4740968942642212,0.2362067997455597,0.575397789478302,0.0
1629795772619,1.4740968942642212,0.1895503401756286,0.5817540287971497,0.0
1629795772744,1.4740968942642212,0.1415558010339737,0.5867849588394165,0.0
1629795772900,1.4740968942642212,0.1132380366325378,0.5928245186805725,0.0
1629795772916,1.8640345335006716,0.1265907883644104,0.6023585796356201,0.0
1629795773103,1.799558162689209,0.1742484271526336,0.6151789426803589,0.0
1629795773134,1.799558162689209,0.228008821606636,0.6250356435775757,0.0
1629795773197,1.799558162689209,0.2671208083629608,0.6184505820274353,0.0
1629795773322,1.799558162689209,0.2984033823013305,0.5884785652160645,0.0
1629795773478,1.799558162689209,0.3417927622795105,0.5466581583023071,0.0
1629795773572,1.799558162689209,0.4042673707008362,0.5161867737770081,0.0
1629795773619,1.799558162689209,0.4696138501167297,0.5091228485107422,0.0
1629795773744,1.799558162689209,0.517802894115448,0.5174890160560608,0.0
1629795773837,1.799558162689209,0.5423535704612732,0.5303220748901367,0.0
1629795773947,1.799558162689209,0.5486710667610168,0.5455251932144165,0.0
1629795774056,1.799558162689209,0.5463348031044006,0.5607324242591858,0.0
1629795774150,1.7867796421051023,0.5429207682609558,0.5680325031280518,0.0
1629795774325,1.7867796421051023,0.5434010028839111,0.5622801780700684,0.0
1629795774356,1.7867796421051023,0.5472068786621094,0.5456719398498535,0.0
1629795774434,1.7867796421051023,0.5484864115715027,0.5219501852989197,0.0
1629795774559,1.7867796421051023,0.5445441603660583,0.4963440597057342,0.0
1629795774700,1.7867796421051023,0.5418232679367065,0.4890525341033935,0.0
1629795774762,1.7867796421051023,0.547519862651825,0.5373035073280334,0.0
1629795774887,1.7867796421051023,0.5538148283958435,0.5504657030105591,0.0
1629795774965,1.7867796421051023,0.5416116118431091,0.559075117111206,0.0
1629795775093,1.7867796421051023,0.4995295703411102,0.5527116656303406,0.0
1629795775156,1.7867796421051023,0.4328907132148742,0.6281883120536804,0.0
1629795775312,1.7867796421051023,0.3662432730197906,0.6380009651184082,0.0
1629795775406,1.7867796421051023,0.3299768567085266,0.6238915920257568,0.0
1629795775499,1.7867796421051023,0.3294689953327179,0.6242996454238892,0.0
1629795775671,1.7867796421051023,0.3437181413173675,0.6283560395240784,0.0
1629795775718,1.7867796421051023,0.3551122844219208,0.6399359107017517,0.0
1629795775796,1.7867796421051023,0.3580394685268402,0.6640506386756897,0.0
1629795775937,1.7867796421051023,0.3582851886749267,0.6807981729507446,0.0
1629795776033,1.7867796421051023,0.3778219521045685,0.7190767526626587,0.0
1629795776064,1.7867796421051023,0.4449925720691681,0.7878172993659973,0.0
1629795776189,1.7867796421051023,0.5475266575813293,0.8597050905227661,0.0
1629795776283,1.7867796421051023,0.6433444619178772,0.8882365226745605,0.0
1629795776377,1.7867796421051023,0.7069411277770996,0.8962604403495789,0.0
1629795776502,1.7867796421051023,0.7229187488555908,0.8795326948165894,0.0
1629795776580,1.7867796421051023,0.7462685704231262,0.8506239056587219,0.0
1629795776689,1.7867796421051023,0.7731114625930786,0.7786200046539307,0.0
1629795776783,1.7867796421051023,0.7696294188499451,0.7491254210472107,0.0
1629795776892,1.7867796421051023,0.7616885900497437,0.7494045495986938,0.0
1629795776970,1.7867796421051023,0.7517926692962646,0.7390252947807312,0.0
1629795777115,1.7867796421051023,0.7447855472564697,0.7378942966461182,0.0
1629795777193,1.7867796421051023,0.7427443265914917,0.7433222532272339,0.0
1629795777334,1.622024655342102,0.7441538572311401,0.7467474937438965,0.0
1629795777381,1.6029332876205444,0.7446292042732239,0.7530256509780884,0.0
1629795777521,1.6029332876205444,0.7330038547515869,0.7402893304824829,0.0
1629795777599,1.6029332876205444,0.6891900897026062,0.7013354301452637,0.0
1629795777756,1.6029332876205444,0.5967071652412415,0.6369644999504089,0.0
1629795777896,1.6029332876205444,0.4629548490047455,0.5620311498641968,0.0
1629795777928,1.6029332876205444,0.3379907310009002,0.5056574940681458,0.0
1629795778021,1.6029332876205444,0.3840551078319549,0.4875376224517822,0.0
1629795778099,1.6029332876205444,0.4136145114898681,0.493360698223114,0.0
1629795778177,1.6029332876205444,0.431359201669693,0.4979715049266815,0.0
1629795778349,1.6029332876205444,0.4586380422115326,0.4896332919597626,0.0
1629795778427,1.6029332876205444,0.4825539886951446,0.46751868724823,0.0
1629795778506,1.5780563354492188,0.5051276087760925,0.4320793747901916,0.0
1629795778599,1.5780563354492188,0.5341586470603943,0.3772705793380737,0.0
1629795778709,1.5780563354492188,0.5737131237983704,0.2987474203109741,0.0
1629795778834,1.5780563354492188,0.6140397191047668,0.2092032432556152,0.0
1629795778927,1.5780563354492188,0.642734169960022,0.1413389146327972,0.0
1629795779083,1.7506667375564575,0.6553712487220764,0.1188931986689567,0.0
1629795779130,1.762571930885315,0.6558012962341309,0.1380929797887802,0.0
1629795779211,1.765774130821228,0.6487340331077576,0.1782902628183365,0.0
1629795779367,1.7783008813858032,0.6344505548477173,0.2200904637575149,0.0
1629795779414,1.814574241638184,0.6129539012908936,0.2519237101078033,0.0
1629795779555,1.814574241638184,0.5883126258850098,0.2755360901355743,0.0
1629795779648,1.814574241638184,0.5646426677703857,0.3031761944293976,0.0
1629795779726,1.814574241638184,0.5428435802459717,0.3448854088783264,0.0
1629795779820,1.814574241638184,0.5228058099746704,0.3981570899486542,0.0
1629795779914,1.814574241638184,0.5059722661972046,0.4510533511638641,0.0
1629795780023,1.814574241638184,0.4925008118152618,0.4923191964626312,0.0
1629795780179,1.814574241638184,0.471341073513031,0.5178935527801514,0.0
1629795780242,1.833604335784912,0.4305086731910705,0.5320614576339722,0.0
1629795780320,1.850416660308838,0.376049667596817,0.5409507155418396,0.0
1629795780461,1.861649751663208,0.3302979171276092,0.5470151901245117,0.0
1629795780554,1.8702726364135744,0.3113861978054046,0.548694372177124,0.0
1629795780632,1.8702726364135744,0.3128131330013275,0.5424488186836243,0.0
1629795780789,1.8702726364135744,0.320632129907608,0.5264772176742554,0.0
1629795780882,1.8702726364135744,0.3289037942886352,0.5019124150276184,0.0
1629795780978,1.8702726364135744,0.3363467156887054,0.4723179042339325,0.0
1629795781056,1.8702726364135744,0.3413803279399872,0.4397775828838348,0.0
1629795781119,1.8702726364135744,0.3450772166252136,0.4012497067451477,0.0
1629795781213,1.247848629951477,0.3451998233795166,0.3489237427711487,0.0
1629795781369,1.259039282798767,0.3373534679412842,0.2769008874893188,0.0
1629795781447,1.2532989978790283,0.3197667300701141,0.1877011805772781,0.0
1629795781588,1.2354333400726318,0.294144332408905,0.0970396548509597,0.0
1629795781697,1.2122318744659424,0.2637251019477844,0.0273541919887065,0.0
1629795781791,1.2122318744659424,0.2307366728782653,-0.0176794044673442,0.0
1629795781869,1.2122318744659424,0.1979384273290634,-0.0519471168518066,0.0
1629795782012,1.2122318744659424,0.1720613241195678,-0.0840341225266456,0.0
1629795782090,1.2122318744659424,0.1583095043897628,-0.1069110259413719,0.0
1629795782168,1.2087033987045288,0.1519270092248916,-0.106722205877304,0.0
1629795782262,1.2402602434158323,0.1396955102682113,-0.0781738609075546,0.0
1629795782481,1.29170024394989,0.1152743846178054,-0.0332012474536895,0.0
1629795782481,1.3565634489059448,0.0877541452646255,0.0078308302909135,0.0
1629795782590,1.3694937229156494,0.0739581659436225,0.0319644249975681,0.0
1629795782668,1.3768718242645264,0.0851346850395202,0.0437661185860633,0.0
1629795782793,1.3812938928604126,0.1270303130149841,0.062984213232994,0.0
1629795782871,1.3916279077529907,0.190725952386856,0.1082876771688461,0.0
1629795782965,1.4142727851867676,0.2526971697807312,0.1740767657756805,0.0
1629795783093,1.4560174942016602,0.2949196696281433,0.2363708168268203,0.0
1629795783218,1.543568730354309,0.3157353401184082,0.2771261930465698,0.0
1629795783280,1.5218350887298584,0.3226761519908905,0.2974299788475036,0.0
1629795783405,1.4881227016448977,0.3200063705444336,0.3107616901397705,0.0
1629795783530,1.4881227016448977,0.3066769540309906,0.326790452003479,0.0
1629795783577,1.4881227016448977,0.2838869094848633,0.3454253673553467,0.0
1629795783702,1.523471474647522,0.2599770128726959,0.3604276478290558,0.0
1629795783796,1.5021306276321411,0.2461437135934829,0.3661692440509796,0.0
1629795783921,1.4706201553344729,0.2465478479862213,0.3630696833133697,0.0
1629795783983,1.4492979049682615,0.2539373636245727,0.3576329946517944,0.0
1629795784110,1.4492979049682615,0.2592495381832123,0.3601845502853393,0.0
1629795784204,1.4492979049682615,0.2567218542098999,0.3786318600177765,0.0
1629795784313,1.4492979049682615,0.2403033226728439,0.4069037139415741,0.0
1629795784454,1.4492979049682615,0.2069714069366455,0.4282480776309967,0.0
1629795784485,1.4492979049682615,0.1659473031759262,0.4333261847496032,0.0
1629795784626,1.4492979049682615,0.1374045610427856,0.4273356795310974,0.0
1629795784751,1.4044113159179688,0.1349102556705474,0.4233706891536712,0.0
1629795784798,1.407201647758484,0.1555622220039367,0.4251086413860321,0.0
1629795784938,1.407201647758484,0.1883637458086013,0.4260694086551666,0.0
1629795785048,1.407201647758484,0.2232886850833892,0.4225755631923675,0.0
1629795785190,1.407201647758484,0.2523950636386871,0.4152846932411194,0.0
1629795785253,1.407201647758484,0.2716781198978424,0.4027937352657318,0.0
1629795785358,1.407201647758484,0.2810408473014831,0.3851944804191589,0.0
1629795785421,1.407201647758484,0.28035369515419,0.3649956583976745,0.0
1629795785499,1.407201647758484,0.2716331779956817,0.3465455770492553,0.0
1629795785655,1.407201647758484,0.2632710039615631,0.3291026055812835,0.0
1629795785749,1.407201647758484,0.267217218875885,0.3036261796951294,0.0
1629795785966,1.5394757986068726,0.2932170033454895,0.2620719373226166,0.0
1629795786002,1.5321911573410034,0.3377436399459839,0.2061139792203903,0.0
1629795786026,1.5337055921554563,0.3842490911483764,0.1442542672157287,0.0
1629795786150,1.5439910888671875,0.4187625348567962,0.0866894572973251,0.0
1629795786259,1.5619454383850098,0.4370496571063995,0.0463686436414718,0.0
1629795786338,1.5619454383850098,0.4416219592094421,0.040460005402565,0.0
1629795786447,1.5619454383850098,0.4359930753707886,0.0635618194937706,0.0
1629795786511,1.5619454383850098,0.4234244525432586,0.0914216339588165,0.0
1629795786606,1.5619454383850098,0.4101412296295166,0.1064808815717697,0.0
1629795786824,1.5619454383850098,0.4041672348976135,0.1129200011491775,0.0
1629795786855,1.5619454383850098,0.4086109101772308,0.1198766604065895,0.0
1629795786963,1.5619454383850098,0.4200820028781891,0.1279903203248977,0.0
1629795787057,1.5600448846817017,0.4323185384273529,0.1318941861391067,0.0
1629795787120,1.561458945274353,0.4389851987361908,0.1300080418586731,0.0
1629795787214,1.5681614875793457,0.4348789751529693,0.1303237527608871,0.0
1629795787355,1.5833096504211426,0.4143381416797638,0.1406367272138595,0.0
1629795787481,1.5833096504211426,0.3751562237739563,0.1597421318292617,0.0
1629795787556,1.5833096504211426,0.3276489078998565,0.179837942123413,0.0
1629795787667,1.5833096504211426,0.2934190928936004,0.2025042474269867,0.0
1629795787746,1.5833096504211426,0.289606511592865,0.2259531468153,0.0
1629795787855,1.6469982862472534,0.3146178424358368,0.2388916909694671,0.0
1629795787963,1.6718652248382568,0.3540173470973968,0.235825702548027,0.0
1629795788089,1.6976255178451538,0.395072728395462,0.2241688221693039,0.0
1629795788186,1.7111167907714844,0.429003357887268,0.2186979353427887,0.0
1629795788248,1.707483172416687,0.4505484402179718,0.2235146313905716,0.0
1629795788372,1.6920623779296875,0.4573687016963959,0.2330554127693176,0.0
1629795788451,1.6731929779052734,0.452347457408905,0.2465929388999939,0.0
1629795788529,1.6528613567352295,0.43967404961586,0.2625824809074402,0.0
1629795788695,1.631464600563049,0.4235464632511139,0.2727560997009277,0.0
1629795788773,1.610457181930542,0.4061692059040069,0.26697838306427,0.0
1629795788883,1.590778350830078,0.3888888359069824,0.2473503351211547,0.0
1629795788961,1.573346495628357,0.3757804632186889,0.2274867743253708,0.0
1629795789057,1.5649014711380005,0.3694944083690643,0.2204941660165786,0.0
1629795789166,1.5596916675567627,0.3722986280918121,0.2185125797986984,0.0
1629795789316,1.555217146873474,0.3865943253040313,0.2072072625160217,0.0
1629795789394,1.5431320667266846,0.4112325310707092,0.1894616782665252,0.0
1629795789536,1.5142018795013428,0.4391913712024688,0.1805371940135955,0.0
1629795789599,1.464954853057861,0.4615316987037658,0.1886965632438659,0.0
1629795789707,1.4015867710113523,0.4754931330680847,0.2058691680431366,0.0
1629795789781,1.34156334400177,0.485969990491867,0.2233443707227707,0.0
1629795789891,1.2963532209396362,0.4994174540042877,0.2375637292861938,0.0
1629795789985,1.2573292255401611,0.5156356692314148,0.2454388588666916,0.0
1629795790130,1.2241047620773315,0.5311076641082764,0.2467020899057388,0.0
1629795790193,1.2241047620773315,0.5437471866607666,0.2475747317075729,0.0
1629795790302,1.2241047620773315,0.5551462769508362,0.2531960308551788,0.0
1629795790365,1.2241047620773315,0.5698673725128174,0.2589934766292572,0.0
1629795790521,1.2241047620773315,0.5922455191612244,0.2561898827552795,0.0
1629795790614,1.2241047620773315,0.6219732761383057,0.2396226674318313,0.0
1629795790755,1.2241047620773315,0.649901807308197,0.2136657088994979,0.0
1629795790818,1.2241047620773315,0.6632890701293945,0.1877763718366623,0.0
1629795790927,1.2241047620773315,0.6556326150894165,0.1642751693725586,0.0
1629795790974,1.3948159217834473,0.6311015486717224,0.1377271711826324,0.0
1629795791195,1.3815016746520996,0.6006931066513062,0.0996648743748664,0.0
1629795791242,1.3686984777450562,0.5737439393997192,0.0476626269519329,0.0
1629795791304,1.3598533868789673,0.5516959428787231,-0.0138081880286335,0.0
1629795791415,1.3596454858779907,0.5315595865249634,-0.0796878859400749,0.0
1629795791525,1.3693419694900513,0.5129328966140747,-0.1469448357820511,0.0
1629795791634,1.391123652458191,0.5006643533706665,-0.2097057402133941,0.0
1629795791759,1.4254366159439087,0.4983776211738586,-0.2568089962005615,0.0
1629795791853,1.471340537071228,0.5033016204833984,-0.27394500374794,0.0
1629795791962,1.5065046548843384,0.5080522298812866,-0.2525682151317596,0.0
1629795791993,1.5186092853546145,0.5045150518417358,-0.1998445838689804,0.0
1629795792134,1.5282316207885742,0.4870058298110962,-0.1319744437932968,0.0
1629795792196,1.5282316207885742,0.4554253816604614,-0.0690846070647239,0.0
1629795792368,1.5282316207885742,0.4185166954994201,-0.0231413841247558,0.0
1629795792462,1.5323115587234497,0.3910405337810516,0.0058608036488294,0.0
1629795792556,1.5421202182769775,0.3871496319770813,0.0259571447968482,0.0
1629795792696,1.5589523315429688,0.4132691621780395,0.0443202853202819,0.0
1629795792759,1.5801993608474731,0.4620066583156585,0.0651068538427352,0.0
1629795792806,1.6051080226898191,0.5155497789382935,0.0848039239645004,0.0
1629795792962,1.6312124729156494,0.5599738955497742,0.1022609621286392,0.0
1629795793056,1.6638498306274414,0.5942359566688538,0.1192143261432647,0.0
1629795793151,1.678611159324646,0.6249839067459106,0.1360198557376861,0.0
1629795793214,1.6801382303237915,0.6579297780990601,0.1452029049396515,0.0
1629795793324,1.684589982032776,0.6898564696311951,0.1418482065200805,0.0
1629795793448,1.7118322849273682,0.712831974029541,0.1279035061597824,0.0
1629795793557,1.7508667707443235,0.7228268980979919,0.1113050207495689,0.0
1629795793682,1.771278977394104,0.7254493236541748,0.0991103574633598,0.0
1629795793761,1.750327467918396,0.7346346378326416,0.0929067209362983,0.0
1629795793886,1.7187466621398926,0.7628940939903259,0.0902335196733474,0.0
1629795793964,1.6901326179504397,0.8060503005981445,0.089366540312767,0.0
1629795794104,1.6724587678909302,0.8460120558738708,0.0889230370521545,0.0
1629795794200,1.666769027709961,0.8665491938591003,0.0886373743414878,0.0
1629795794263,1.674369215965271,0.8648065328598022,0.099225178360939,0.0
1629795794341,1.7012091875076294,0.8512035608291626,0.1515578627586364,0.0
1629795794466,1.7473851442337036,0.8422362208366394,0.2445042133331298,0.0
1629795794560,1.7997558116912842,0.8461924195289612,0.3367881774902344,0.0
1629795794653,1.8368566036224363,0.8576879501342773,0.3970775306224823,0.0
1629795794778,1.847361445426941,0.8646838068962097,0.424003928899765,0.0
1629795794872,1.8529706001281736,0.861771821975708,0.4325087666511535,0.0
1629795794981,1.8527309894561768,0.8533530831336975,0.4370422661304474,0.0
1629795795044,1.8498507738113403,0.8467074632644653,0.4414872527122497,0.0
1629795795169,1.854936122894287,0.8418727517127991,0.4441511034965515,0.0
1629795795266,1.8755449056625368,0.8307304382324219,0.4461095929145813,0.0
1629795795360,1.9091293811798096,0.8035606741905212,0.4486715793609619,0.0
1629795795450,1.948852777481079,0.7580894231796265,0.450206309556961,0.0
1629795795575,1.9434821605682373,0.7035748362541199,0.4477355182170868,0.0
1629795795700,1.9303133487701416,0.6578770279884338,0.4415675103664398,0.0
1629795795763,1.9045780897140503,0.6308273673057556,0.4288592934608459,0.0
1629795795888,1.8527330160140991,0.6141379475593567,0.3946467041969299,0.0
1629795796028,1.751908779144287,0.5899657607078552,0.3228936195373535,0.0
1629795796138,1.5911016464233398,0.5462756156921387,0.220170259475708,0.0
1629795796216,1.405472993850708,0.4800760746002197,0.1384774893522262,0.0
1629795796283,1.28509259223938,0.4000761806964874,0.1412350833415985,0.0
1629795796408,1.2874099016189575,0.3256493806838989,0.2064719200134277,0.0
1629795796471,1.2795835733413696,0.2728978395462036,0.2706453204154968,0.0
1629795796596,1.2795835733413696,0.2402735650539398,0.3125852644443512,0.0
1629795796768,1.2795835733413696,0.2191983610391616,0.3427696526050567,0.0
1629795796783,1.2795835733413696,0.204968973994255,0.3671993315219879,0.0
1629795796893,1.2795835733413696,0.1994524896144867,0.3827719688415527,0.0
1629795797002,1.2795835733413696,0.2048755139112472,0.3884614706039428,0.0
1629795797049,1.2802789211273191,0.2176262140274047,0.3925178945064544,0.0
1629795797221,1.2812825441360474,0.2304045557975769,0.4019460380077362,0.0
1629795797333,1.2852712869644165,0.2394067645072937,0.4189405739307403,0.0
1629795797443,1.293218970298767,0.2467532008886337,0.4425665438175201,0.0
1629795797505,1.3058170080184937,0.2532243728637695,0.4701294302940368,0.0
1629795797599,1.3147600889205933,0.2594083249568939,0.4942949116230011,0.0
1629795797677,1.3147600889205933,0.2656332552433014,0.5038894414901733,0.0
1629795797849,1.3147600889205933,0.2744113802909851,0.492090493440628,0.0
1629795797911,1.3147600889205933,0.2863422930240631,0.4616541862487793,0.0
1629795798051,1.3147600889205933,0.2992469072341919,0.4231657087802887,0.0
1629795798102,1.2143481969833374,0.3106746971607208,0.3846636712551117,0.0
1629795798196,1.2114931344985962,0.3193287253379822,0.3463202714920044,0.0
1629795798305,1.2175981998443604,0.3278009295463562,0.3092953562736511,0.0
1629795798446,1.2329118251800537,0.337705910205841,0.2802078425884247,0.0
1629795798540,1.2608217000961304,0.3471156060695648,0.2635708451271057,0.0
1629795798665,1.2924789190292358,0.3526189029216766,0.2534540891647339,0.0
1629795798711,1.3137928247451782,0.3543570339679718,0.2436160892248153,0.0
1629795798805,1.3238754272460938,0.3543796241283417,0.2312354743480682,0.0
1629795798930,1.3289285898208618,0.3527385592460632,0.2144883871078491,0.0
1629795799040,1.3337347507476809,0.3483480215072632,0.1947066187858581,0.0
1629795799136,1.3438401222229004,0.3417945206165313,0.1723378300666809,0.0
1629795799214,1.367238998413086,0.3413469195365906,0.1510982364416122,0.0
1629795799323,1.410886526107788,0.3597948551177978,0.1315957009792328,0.0
1629795799448,1.4725219011306765,0.4004158973693847,0.115383394062519,0.0
1629795799557,1.5325897932052612,0.4461838603019714,0.1042103171348571,0.0
1629795799667,1.5787736177444458,0.4771649241447449,0.0970434546470642,0.0
1629795799745,1.6070133447647097,0.4859720766544342,0.0866908356547355,0.0
1629795799839,1.6198958158493042,0.4785846471786499,0.0728749930858612,0.0
1629795799932,1.6352707147598269,0.4625583589076996,0.0656269267201423,0.0
1629795800050,1.6482311487197876,0.4414251446723938,0.0723883211612701,0.0
1629795800127,1.659353256225586,0.4179531037807464,0.086720585823059,0.0
1629795800255,1.6731176376342771,0.3956598043441772,0.0932020992040634,0.0
1629795800380,1.6639971733093262,0.3776549994945526,0.0816044583916664,0.0
1629795800458,1.656304121017456,0.363334059715271,0.0522879138588905,0.0
1629795800568,1.648375391960144,0.3546928763389587,0.011551703326404,0.0
1629795800646,1.6371105909347534,0.3551005721092224,-0.0248691905289888,0.0
1629795800740,1.6161633729934692,0.3614492416381836,-0.0474938936531543,0.0
1629795800880,1.5803486108779907,0.356762558221817,-0.04976661875844,0.0
1629795800990,1.5301302671432495,0.3205459415912628,-0.026100892573595,0.0
1629795801083,1.473626971244812,0.2519012987613678,0.021458201110363,0.0
1629795801146,1.4288229942321775,0.1803475767374038,0.0770564079284668,0.0
1629795801224,1.4118645191192627,0.1518006175756454,0.1197587847709655,0.0
1629795801349,1.4204624891281128,0.1747492551803589,0.1373066902160644,0.0
1629795801505,1.4337972402572632,0.2167853266000747,0.1328605264425277,0.0
1629795801599,1.4418096542358398,0.2531189024448395,0.1164860799908638,0.0
1629795801708,1.4418096542358398,0.2767472267150879,0.0993062034249305,0.0
1629795801818,1.4418096542358398,0.2922805249691009,0.0910963267087936,0.0
1629795801864,1.4578773975372314,0.3138622939586639,0.0951120257377624,0.0
1629795801958,1.4761532545089722,0.3580838739871979,0.108469121158123,0.0
1629795802099,1.4967527389526367,0.4218200445175171,0.1254925280809402,0.0
1629795802225,1.5195868015289309,0.4813074767589569,0.1430186778306961,0.0
1629795802335,1.543751239776611,0.5205240845680237,0.1592932045459747,0.0
1629795802429,1.5647354125976562,0.5441544055938721,0.1691626757383346,0.0
1629795802507,1.5797103643417358,0.5653108954429626,0.16547392308712,0.0
1629795802663,1.5880900621414185,0.5865479707717896,0.1487168371677398,0.0
1629795802710,1.5861825942993164,0.6009369492530823,0.1290269345045089,0.0
1629795802820,1.5861825942993164,0.6037320494651794,0.120603047311306,0.0
1629795802867,1.5861825942993164,0.5969290733337402,0.1284776329994201,0.0
1629795802976,1.5861825942993164,0.585310697555542,0.1455984711647033,0.0
1629795803070,1.5861825942993164,0.5725116729736328,0.163859874010086,0.0
1629795803179,1.5861825942993164,0.5623631477355957,0.1782842129468917,0.0
1629795803306,1.5861825942993164,0.5558584332466125,0.1872001439332962,0.0
1629795803447,1.3198683261871338,0.5465818643569946,0.1905278116464615,0.0
1629795803494,1.3060142993927002,0.5226309895515442,0.1874464750289917,0.0
1629795803587,1.303436040878296,0.4760211408138275,0.1800087243318557,0.0
1629795803665,1.3031020164489746,0.4147573709487915,0.1716113686561584,0.0
1629795803822,1.3054344654083252,0.3570898175239563,0.1677838116884231,0.0
1629795803915,1.313521146774292,0.3118113279342651,0.1727827489376068,0.0
1629795804057,1.324589490890503,0.2757227122783661,0.1911220550537109,0.0
1629795804123,1.332380294799805,0.2505241334438324,0.2192062586545944,0.0
1629795804232,1.3418874740600586,0.240346148610115,0.2498102933168411,0.0
1629795804279,1.3538397550582886,0.2433808445930481,0.2728117704391479,0.0
1629795804388,1.3615456819534302,0.2589704096317291,0.2836198508739471,0.0
1629795804576,1.3593887090682983,0.2878484725952148,0.2837665677070617,0.0
1629795804622,1.3410141468048096,0.3248081803321838,0.2783131599426269,0.0
1629795804716,1.3417624235153198,0.3597467541694641,0.2729925215244293,0.0
1629795804826,1.348429560661316,0.3878839313983917,0.2705892026424408,0.0
1629795804951,1.3577558994293213,0.4105571210384369,0.2693539261817932,0.0
1629795805013,1.3666428327560425,0.4324071705341339,0.2689970731735229,0.0
1629795805140,1.373587131500244,0.4552310109138489,0.2699452638626098,0.0
1629795805234,1.380942940711975,0.4751031994819641,0.2716639637947082,0.0
1629795805390,1.387840986251831,0.4856026172637939,0.2723562121391296,0.0
1629795805453,1.389878273010254,0.4852282702922821,0.2717590928077698,0.0
1629795805500,1.3858580589294434,0.478759765625,0.2654086947441101,0.0
1629795805625,1.3822529315948486,0.4715544581413269,0.2503522336483001,0.0
1629795805765,1.368095636367798,0.4648739993572235,0.2314608246088028,0.0
1629795805843,1.368095636367798,0.4571302831172943,0.225391149520874,0.0
1629795805953,1.368095636367798,0.4455162584781647,0.2422749996185302,0.0
1629795806046,1.368095636367798,0.4334985017776489,0.2742543518543243,0.0
1629795806127,1.368095636367798,0.4308164715766907,0.3101620078086853,0.0
1629795806268,1.368095636367798,0.4406146705150604,0.3444598615169525,0.0
1629795806393,1.3009607791900637,0.4524160623550415,0.3733575046062469,0.0
1629795806440,1.3269431591033936,0.4543661177158355,0.3953770101070404,0.0
1629795806564,1.399846076965332,0.4459598958492279,0.4117396175861358,0.0
1629795806674,1.4665491580963137,0.4360900521278381,0.4240805506706238,0.0
1629795806721,1.508731484413147,0.4339420795440674,0.4327039122581482,0.0
1629795806846,1.541765570640564,0.440298318862915,0.4390099048614502,0.0
1629795807018,1.578366756439209,0.4497985541820526,0.4473022818565368,0.0
1629795807064,1.6122915744781494,0.4559882283210754,0.457928866147995,0.0
1629795807193,1.632093071937561,0.4591924548149109,0.4646626114845276,0.0
1629795807255,1.6377003192901611,0.4637169539928436,0.4609332084655761,0.0
1629795807318,1.6343326568603516,0.470909059047699,0.447261244058609,0.0
1629795807442,1.6262987852096558,0.4755997359752655,0.4308919906616211,0.0
1629795807646,1.6260567903518677,0.4697540402412414,0.4163898825645447,0.0
1629795807708,1.62763774394989,0.44881272315979,0.4027104675769806,0.0
1629795807786,1.633334040641785,0.4208747148513794,0.3859454691410064,0.0
1629795807911,1.6362013816833496,0.4045315980911255,0.3678875267505646,0.0
1629795807974,1.6264702081680298,0.411188006401062,0.3525491952896118,0.0
1629795808067,1.6034979820251465,0.431152194738388,0.338277667760849,0.0
1629795808177,1.5924147367477417,0.4474660456180572,0.3209144473075866,0.0
1629795808290,1.5802490711212158,0.4517667591571808,0.2999424636363983,0.0
1629795808368,1.5635950565338137,0.449041485786438,0.2748553156852722,0.0
1629795808509,1.5313481092453003,0.4472270607948303,0.2396276146173477,0.0
1629795808587,1.48023784160614,0.4490958452224731,0.1933482736349105,0.0
1629795808665,1.4228473901748655,0.4498887360095978,0.1512247920036316,0.0
1629795808821,1.371474266052246,0.4491592943668365,0.1335383057594299,0.0
1629795808884,1.3293994665145874,0.4495212733745575,0.1374003887176513,0.0
1629795808962,1.2945044040679932,0.4502498209476471,0.1433786153793335,0.0
1629795809056,1.2617037296295166,0.4476105868816376,0.1434696465730667,0.0
1629795809165,1.2162575721740725,0.4391911923885345,0.1440970748662948,0.0
1629795809247,1.2162575721740725,0.4220401644706726,0.1614470481872558,0.0
1629795809435,1.2162575721740725,0.3961448669433594,0.201965644955635,0.0
1629795809481,1.2162575721740725,0.365975946187973,0.2533349990844726,0.0
1629795809575,1.2162575721740725,0.3358465135097503,0.3000461161136627,0.0
1629795809700,1.2162575721740725,0.3059243559837341,0.3317030072212219,0.0
1629795809841,1.2162575721740725,0.2760736048221588,0.347242534160614,0.0
1629795809872,1.2162575721740725,0.247297391295433,0.3531185984611511,0.0
1629795809999,1.2162575721740725,0.2233004570007324,0.3558470010757446,0.0
1629795810093,1.2162575721740725,0.2101648151874542,0.3571721911430359,0.0
1629795810234,1.2162575721740725,0.2126705795526504,0.3546173870563507,0.0
1629795810281,1.3952934741973877,0.2273097038269043,0.3450436294078827,0.0
1629795810374,1.4021410942077637,0.2474499344825744,0.3297424018383026,0.0
1629795810530,1.4017829895019531,0.2706729769706726,0.312915027141571,0.0
1629795810655,1.4012413024902344,0.2958384454250335,0.2985574007034302,0.0
1629795810780,1.404159665107727,0.3200728595256805,0.2839566767215729,0.0
1629795810843,1.4091925621032717,0.3412893414497375,0.2579934597015381,0.0
1629795810874,1.4091925621032717,0.3570287525653839,0.2086854428052902,0.0
1629795811046,1.4091925621032717,0.3645844459533691,0.1378079503774643,0.0
1629795811108,1.4091925621032717,0.3665583729743957,0.0635746344923973,0.0
1629795811233,1.4460844993591309,0.3698624074459076,0.0129105392843484,0.0
1629795811358,1.4460844993591309,0.3816454410552978,-0.0047969263978302,0.0
1629795811390,1.4460844993591309,0.4065286517143249,-0.0050293831154704,0.0
1629795811530,1.4528371095657349,0.4395132064819336,-0.0014490120811387,0.0
1629795811640,1.4606596231460571,0.4667990803718567,0.0082589592784643,0.0
1629795811702,1.469085693359375,0.4792586266994476,0.0266016442328691,0.0
1629795811843,1.4769190549850464,0.4793114960193634,0.0481522493064403,0.0
1629795811921,1.4859871864318848,0.4741629362106323,0.0646037608385086,0.0
1629795812022,1.5050668716430664,0.4675562381744385,0.0720499455928802,0.0
1629795812116,1.5050668716430664,0.4607185423374176,0.0716835260391235,0.0
1629795812210,1.5050668716430664,0.456189751625061,0.0676214396953582,0.0
1629795812346,1.5050668716430664,0.4540191888809204,0.0629822090268135,0.0
1629795812471,1.5050668716430664,0.4533722102642059,0.0602748692035675,0.0
1629795812549,1.5050668716430664,0.4564560651779175,0.0666475966572761,0.0
1629795812627,1.5050668716430664,0.4650947153568268,0.0866351127624511,0.0
1629795812783,1.5050668716430664,0.4789300560951233,0.1231251806020736,0.0
1629795812878,1.643537998199463,0.4932711720466614,0.1698285043239593,0.0
1629795812938,1.6326004266738892,0.5009269118309021,0.2141256034374237,0.0
1629795813019,1.6114062070846558,0.4978247284889221,0.2434189617633819,0.0
1629795813159,1.5925966501235962,0.486732929944992,0.2528901994228363,0.0
1629795813288,1.5817489624023438,0.4745052754878998,0.2475804984569549,0.0
1629795813398,1.5770272016525269,0.4644982516765594,0.2361133992671966,0.0
1629795813498,1.5747085809707642,0.4602795541286468,0.2246780544519424,0.0
1629795813578,1.5722873210906982,0.4664314985275268,0.216917023062706,0.0
1629795813698,1.5702154636383057,0.4798108637332916,0.2254064679145813,0.0
1629795813898,1.5689347982406616,0.4906446933746338,0.2366106510162353,0.0
1629795813958,1.578659176826477,0.4975703060626983,0.2678941190242767,0.0
1629795813963,1.5714339017868042,0.4957777559757232,0.2508968114852905,0.0
1629795814018,1.591033101081848,0.4957236349582672,0.2799393236637115,0.0
1629795814158,1.5909807682037354,0.4862861931324005,0.2781923115253448,0.0
1629795814278,1.5810166597366333,0.4674414098262787,0.2507379055023193,0.0
1629795814398,1.5720162391662598,0.4417460858821869,0.188291922211647,0.0
1629795814498,1.570841670036316,0.4120352864265442,0.0883626788854599,0.0
1629795814578,1.5777602195739746,0.3833383619785309,-0.0296075772494077,0.0
1629795814658,1.5880622863769531,0.3676219582557678,-0.1160547211766243,0.0
1629795814798,1.597084403038025,0.3801118731498718,0.1478803902864456,0.0
1629795814878,1.6040122509002686,0.4169440269470215,0.2860552668571472,0.0
1629795814958,1.610801100730896,0.4504460394382477,0.330645889043808,0.0
1629795815098,1.6205369234085083,0.4593774378299713,0.3212104439735412,0.0
1629795815159,1.6339012384414673,0.4456747770309448,0.2464032918214798,0.0
1629795815258,1.6519206762313845,0.4260263741016388,0.1875806599855423,0.0
1629795815338,1.6519206762313845,0.4124069511890411,0.141714408993721,0.0
1629795815498,1.6519206762313845,0.4038781225681305,0.1163504719734191,0.0
1629795815573,1.6519206762313845,0.3968364596366882,0.1196466088294982,0.0
1629795815679,1.6519206762313845,0.3919254243373871,0.147066056728363,0.0
1629795815790,1.6519206762313845,0.3881286382675171,0.186537817120552,0.0
1629795815915,1.6519206762313845,0.3819077014923095,0.2289007306098938,0.0
1629795815994,1.6519206762313845,0.3761614263057709,0.2653165459632873,0.0
1629795816073,1.6519206762313845,0.3796227574348449,0.2854583859443664,0.0
1629795816247,1.6519206762313845,0.3937257826328277,0.2846369743347168,0.0
1629795816293,1.6519206762313845,0.4012313783168793,0.2456819415092468,0.0
1629795816387,1.6519206762313845,0.3863540887832641,0.2102294266223907,0.0
1629795816464,1.6519206762313845,0.3544372022151947,0.1949460059404373,0.0
1629795816571,1.57072651386261,0.3286183774471283,0.1935811787843704,0.0
1629795816729,1.5525890588760376,0.3310757279396057,0.1972946226596832,0.0
1629795816822,1.5395938158035278,0.3639766871929168,0.21463143825531,0.0
1629795816885,1.536080002784729,0.4100590944290161,0.2548751831054687,0.0
1629795816994,1.5427430868148804,0.4492281973361969,0.3041492402553558,0.0
1629795817104,1.553933024406433,0.4717005789279938,0.3386117815971374,0.0
1629795817169,1.5640789270401,0.4803021252155304,0.3466527760028839,0.0
1629795817309,1.5640789270401,0.4841889441013336,0.3344402909278869,0.0
1629795817419,1.5640789270401,0.4872840940952301,0.3125655651092529,0.0
1629795817526,1.5640789270401,0.486380398273468,0.2889972925186157,0.0
1629795817628,1.5640789270401,0.4759156703948974,0.2734134495258331,0.0
1629795817706,1.5640789270401,0.453945130109787,0.2751820981502533,0.0
1629795817818,1.5600181818008425,0.4266928434371948,0.2887808382511139,0.0
1629795817918,1.5559793710708618,0.4045844674110412,0.3032625615596771,0.0
1629795818038,1.5540722608566284,0.3918307423591614,0.3170395195484161,0.0
1629795818117,1.5595901012420654,0.3843641281127929,0.3395037353038788,0.0
1629795818257,1.5752726793289185,0.3737366199493408,0.371882289648056,0.0
1629795818318,1.598398208618164,0.348854660987854,0.4015896618366241,0.0
1629795818418,1.598398208618164,0.3053823709487915,0.4155557453632355,0.0
1629795818583,1.598398208618164,0.2538721561431885,0.4129170775413513,0.0
1629795818635,1.598398208618164,0.2152235209941864,0.4048416316509247,0.0
1629795818726,1.598398208618164,0.2039371281862259,0.4017346203327179,0.0
1629795818820,1.598398208618164,0.2177517414093017,0.4000142812728882,0.0
1629795818957,1.598398208618164,0.2472113966941833,0.3907775282859802,0.0
1629795818993,1.598398208618164,0.2800036072731018,0.3737485408782959,0.0
1629795819116,1.598398208618164,0.3024689257144928,0.3534759879112243,0.0
1629795819256,1.513589859008789,0.3079358637332916,0.3325490355491638,0.0
1629795819358,1.4986518621444702,0.2974002659320831,0.314481258392334,0.0
1629795819438,1.4986518621444702,0.2758812010288238,0.3051120340824127,0.0
1629795819527,1.4986518621444702,0.256547600030899,0.3073455095291137,0.0
1629795819606,1.4986518621444702,0.2502430081367492,0.3123885095119476,0.0
1629795819778,1.4986518621444702,0.2552880942821502,0.3085956573486328,0.0
1629795819857,1.4986518621444702,0.2619169950485229,0.2917014360427856,0.0
1629795819938,1.4986518621444702,0.2630083560943603,0.2642861306667328,0.0
1629795820073,1.492684245109558,0.2561911940574646,0.2331171184778213,0.0
1629795820138,1.492684245109558,0.2458566129207611,0.2051346898078918,0.0
1629795820242,1.492684245109558,0.2341674566268921,0.1840353161096573,0.0
1629795820408,1.492684245109558,0.2177943140268325,0.1736176013946533,0.0
1629795820447,1.492684245109558,0.1966678649187088,0.1760469526052475,0.0
1629795820567,1.492684245109558,0.1782910674810409,0.1862048208713531,0.0
1629795820725,1.492684245109558,0.1698266118764877,0.1972314566373825,0.0
1629795820787,1.492684245109558,0.1698776483535766,0.2064550071954727,0.0
1629795820832,1.492684245109558,0.1772549897432327,0.2120414525270462,0.0
1629795821034,1.492684245109558,0.1924850195646286,0.2077935338020324,0.0
1629795821098,1.492684245109558,0.2055704146623611,0.1860860884189605,0.0
1629795821162,1.492684245109558,0.2019279301166534,0.145243152976036,0.0
1629795821277,1.492684245109558,0.1782239228487014,0.0960150510072708,0.0
1629795821323,1.492684245109558,0.1473812609910965,0.0540582761168479,0.0
1629795821458,1.492684245109558,0.1328159719705581,0.0300212353467941,0.0
1629795821671,1.492684245109558,0.1489362120628357,0.0214748214930295,0.0
1629795821709,1.492684245109558,0.1825391948223114,0.0274539645761251,0.0
1629795821787,1.492684245109558,0.2130262404680252,0.0503854416310787,0.0
1629795821878,1.492684245109558,0.2341510355472564,0.0838921144604682,0.0
1629795821958,1.492684245109558,0.2524204552173614,0.1141480505466461,0.0
1629795822018,1.492684245109558,0.2764917314052582,0.1304025948047638,0.0
1629795822196,1.492684245109558,0.3116187155246734,0.1357893049716949,0.0
1629795822273,1.492684245109558,0.3514733612537384,0.1451375186443328,0.0
1629795822380,1.492684245109558,0.3814164698123932,0.1655909419059753,0.0
1629795822468,1.492684245109558,0.3921311497688293,0.1912656128406524,0.0
1629795822577,1.492684245109558,0.3886075913906097,0.2127076983451843,0.0
1629795822684,1.492684245109558,0.3842892646789551,0.2306994050741195,0.0
1629795822816,1.492684245109558,0.3889349102973938,0.2490923255681991,0.0
1629795822910,1.492684245109558,0.4044288992881775,0.2670248746871948,0.0
1629795822999,1.492684245109558,0.4230822622776031,0.2808863818645477,0.0
1629795823092,1.492684245109558,0.4337401688098907,0.2916269600391388,0.0
1629795823202,1.492684245109558,0.4305068850517273,0.2976401150226593,0.0
1629795823280,1.492684245109558,0.416469544172287,0.2978884875774383,0.0
1629795823405,1.492684245109558,0.3965609669685364,0.2919594645500183,0.0
1629795823514,1.492684245109558,0.3709709942340851,0.2839566767215729,0.0
1629795823608,1.492684245109558,0.3359581530094147,0.2828687131404876,0.0
1629795823671,1.492684245109558,0.2881037294864654,0.2927156388759613,0.0
1629795823798,1.492684245109558,0.2303257882595062,0.3032753765583038,0.0
1629795823948,1.492684245109558,0.1769964843988418,0.3047280311584472,0.0
1629795824043,1.492684245109558,0.1490439474582672,0.2995038032531738,0.0
1629795824107,1.492684245109558,0.1512434333562851,0.2988022863864898,0.0
1629795824207,1.492684245109558,0.1665184646844864,0.3034874498844147,0.0
1629795824308,1.492684245109558,0.174146756529808,0.3009416162967682,0.0
1629795824428,1.492684245109558,0.1641842275857925,0.2848140001296997,0.0
1629795824504,1.492684245109558,0.146953597664833,0.2608380019664764,0.0
1629795824637,1.492684245109558,0.1410214155912399,0.2420955151319503,0.0
1629795824708,1.492684245109558,0.1531256288290023,0.2399762123823166,0.0
1629795824819,1.492684245109558,0.1728186160326004,0.2534819543361664,0.0
1629795824978,1.492684245109558,0.1936974227428436,0.2752874195575714,0.0
1629795825090,1.492684245109558,0.2151019871234893,0.2992984652519226,0.0
1629795825138,1.492684245109558,0.2316659837961197,0.3208746612071991,0.0
1629795825258,1.5072731971740725,0.2368939816951751,0.3383282124996185,0.0
1629795825325,1.529713749885559,0.2320461869239807,0.3581578731536865,0.0
1629795825452,1.5604878664016724,0.2246517091989517,0.3852251470088959,0.0
1629795825588,1.5858240127563477,0.2190206944942474,0.4126274883747101,0.0
1629795825628,1.5849826335906982,0.2143300920724868,0.4275601506233215,0.0
1629795825712,1.584911823272705,0.2086330652236938,0.4273601770401001,0.0
1629795825876,1.584911823272705,0.2021809816360473,0.4235671758651733,0.0
1629795826018,1.584911823272705,0.196436807513237,0.4259076118469238,0.0
1629795826058,1.584911823272705,0.1854327321052551,0.4334412515163421,0.0
1629795826133,1.584911823272705,0.1643947213888168,0.4377685785293579,0.0
1629795826258,1.584911823272705,0.1411613523960113,0.4319917857646942,0.0
1629795826316,1.584911823272705,0.1281845569610595,0.4139033854007721,0.0
1629795826488,1.6123387813568115,0.1222227439284324,0.3867010176181793,0.0
1629795826619,1.6123387813568115,0.1080596894025802,0.3586601912975311,0.0
1629795826678,1.626636028289795,0.0885575488209724,0.3495865762233734,0.0
1629795826817,1.635932445526123,0.0911816358566284,0.3864355385303497,0.0
1629795826883,1.641047120094299,0.1388627141714096,0.4684918522834778,0.0
1629795826918,1.6442662477493286,0.2121821939945221,0.4555442631244659,0.0
1629795827069,1.6442662477493286,0.2757050991058349,0.4404605627059936,0.0
1629795827193,1.6442662477493286,0.3154893219470978,0.4355167746543884,0.0
1629795827272,1.6442662477493286,0.3426588475704193,0.4476259648799896,0.0
1629795827386,1.6442662477493286,0.3726532757282257,0.4711801707744598,0.0
1629795827467,1.6442662477493286,0.4064663052558899,0.4983235895633697,0.0
1629795827598,1.6442662477493286,0.4378139674663543,0.5236231684684753,0.0
1629795827698,1.6442662477493286,0.4646536111831665,0.5517331957817078,0.0
1629795827776,1.6442662477493286,0.4862686097621918,0.5839473009109497,0.0
1629795827871,1.6442662477493286,0.5051799416542053,0.6156296730041504,0.0
1629795827952,1.6442662477493286,0.5292963981628418,0.6401487588882446,0.0
1629795828062,1.6442662477493286,0.571446418762207,0.6548077464103699,0.0
1629795828160,1.6442662477493286,0.6364887356758118,0.6531431674957275,0.0
1629795828256,1.6442662477493286,0.7117791771888733,0.61813884973526,0.0
1629795828388,1.6442662477493286,0.7763275504112244,0.5305600166320801,0.0
1629795828458,1.6442662477493286,0.8180474638938904,0.5583293437957764,0.0
1629795828608,1.6442662477493286,0.8393406867980957,0.5810868144035339,0.0
1629795828653,1.6442662477493286,0.850062906742096,0.5874932408332825,0.0
1629795828749,1.6442662477493286,0.8559634685516357,0.577555239200592,0.0
1629795828907,1.6442662477493286,0.8558704853057861,0.5595362782478333,0.0
1629795829055,1.6442662477493286,0.8501601815223694,0.548352062702179,0.0
1629795829128,1.6442662477493286,0.841450572013855,0.558575451374054,0.0
1629795829158,1.6442662477493286,0.8329285383224487,0.5807892084121704,0.0
1629795829271,1.8416879177093504,0.8284541964530945,0.6013175249099731,0.0
1629795829413,1.8096946477890012,0.8293402194976807,0.6169124245643616,0.0
1629795829522,1.7642592191696167,0.8297338485717773,0.6354461908340454,0.0
1629795829600,1.7233119010925293,0.819658100605011,0.6584532260894775,0.0
1629795829680,1.6888214349746704,0.7904112339019775,0.6749080419540405,0.0
1629795829787,1.6573444604873655,0.7381271719932556,0.6756603717803955,0.0
1629795829882,1.6301995515823364,0.6659603118896484,0.6596261262893677,0.0
1629795830006,1.611339092254639,0.587428092956543,0.632510781288147,0.0
1629795830175,1.602596640586853,0.520054817199707,0.6033129692077637,0.0
1629795830221,1.5989429950714111,0.4702264964580536,0.5816331505775452,0.0
1629795830315,1.5976072549819946,0.4338676929473877,0.5742396712303162,0.0
1629795830393,1.596212387084961,0.4136860370635986,0.5837543606758118,0.0
1629795830517,1.5717341899871826,0.4089430570602417,0.6008073687553406,0.0
1629795830635,1.543137550354004,0.4110138416290283,0.611204981803894,0.0
1629795830829,1.505663275718689,0.4073449373245239,0.6171187162399292,0.0
1629795830844,1.4660661220550537,0.3883012235164642,0.6410624384880066,0.0
1629795830930,1.444558024406433,0.3550878763198852,0.6879652738571167,0.0
1629795831009,1.44730544090271,0.3251389265060425,0.733555018901825,0.0
1629795831125,1.458359718322754,0.3141133785247803,0.7569982409477234,0.0
1629795831207,1.4734879732131958,0.3184454441070556,0.7617138028144836,0.0
1629795831352,1.4971076250076294,0.3299187123775482,0.7624832987785339,0.0
1629795831449,1.5271703004837036,0.3504938781261444,0.7653635144233704,0.0
1629795831537,1.5545125007629397,0.3794834911823272,0.7671833634376526,0.0
1629795831637,1.5686949491500854,0.4060609340667724,0.767157793045044,0.0
1629795831714,1.5686949491500854,0.4227688610553741,0.7693376541137695,0.0
1629795831813,1.5686949491500854,0.4346783757209778,0.7748081684112549,0.0
1629795831979,1.5686949491500854,0.4457084238529205,0.777807354927063,0.0
1629795832017,1.5686949491500854,0.4562804400920868,0.7725458741188049,0.0
1629795832122,1.5686949491500854,0.4696376323699951,0.7607535123825073,0.0
1629795832275,1.5686949491500854,0.494527131319046,0.7429255247116089,0.0
1629795832339,1.5686949491500854,0.5325769186019897,0.7073516249656677,0.0
1629795832431,1.5686949491500854,0.5704135894775391,0.6448267698287964,0.0
1629795832567,1.5686949491500854,0.5918003916740417,0.5695900917053223,0.0
1629795832645,1.5686949491500854,0.592960000038147,0.5193355679512024,0.0
1629795832740,1.5686949491500854,0.5818808078765869,0.5177125334739685,0.0
1629795832825,1.5686949491500854,0.5659940838813782,0.5515846610069275,0.0
1629795832941,1.5686949491500854,0.5477815866470337,0.5979748368263245,0.0
1629795833008,1.5686949491500854,0.5301616787910461,0.6400625705718994,0.0
1629795833165,1.5686949491500854,0.5192606449127197,0.6656500697135925,0.0
1629795833296,1.5686949491500854,0.5174220204353333,0.6714657545089722,0.0
1629795833359,1.5686949491500854,0.5165860652923584,0.6646743416786194,0.0
1629795833433,1.5686949491500854,0.5102032423019409,0.654549777507782,0.0
1629795833530,1.5686949491500854,0.5008376240730286,0.6459704041481018,0.0
1629795833722,1.5686949491500854,0.4927160441875458,0.6369040608406067,0.0
1629795833799,1.5686949491500854,0.4827590584754944,0.6248032450675964,0.0
1629795833876,1.5686949491500854,0.4637550711631775,0.6154307126998901,0.0
1629795833984,1.5686949491500854,0.4405275881290436,0.6209195852279663,0.0
1629795834052,1.5686949491500854,0.4313595592975616,0.6407780051231384,0.0
1629795834160,1.5686949491500854,0.4424149096012115,0.660393238067627,0.0
1629795834275,1.5686949491500854,0.4631541967391968,0.6630715727806091,0.0
1629795834398,1.5686949491500854,0.4846012890338897,0.6391816139221191,0.0
1629795834482,1.5686949491500854,0.5067277550697327,0.5902736186981201,0.0
1629795834617,1.5686949491500854,0.5259069204330444,0.5312654972076416,0.0
1629795834632,1.5686949491500854,0.535592794418335,0.4838314652442932,0.0
1629795834761,1.5686949491500854,0.5343220233917236,0.4581962525844574,0.0
1629795834861,1.5686949491500854,0.5274954438209534,0.4443836510181427,0.0
1629795835015,1.5686949491500854,0.5184045433998108,0.4315029680728912,0.0
1629795835148,1.5686949491500854,0.5046823620796204,0.4232235550880432,0.0
1629795835198,1.5686949491500854,0.4862775802612304,0.4281964600086212,0.0
1629795835292,1.5686949491500854,0.4727023243904114,0.4444398581981659,0.0
1629795835371,1.5686949491500854,0.477012038230896,0.4551739990711212,0.0
1629795835495,1.5686949491500854,0.493370771408081,0.4399893581867218,0.0
1629795835613,1.5686949491500854,0.5014016628265381,0.3903412222862243,0.0
1629795835787,1.5686949491500854,0.490455687046051,0.3164082169532776,0.0
1629795835806,1.5686949491500854,0.4674720168113708,0.2489380836486816,0.0
1629795835881,1.5686949491500854,0.4568758010864258,0.2207003831863403,0.0
1629795835990,1.5686949491500854,0.4816294610500335,0.2372723370790481,0.0
1629795836048,1.5686949491500854,0.5393008589744568,0.2783894538879394,0.0
1629795836207,1.5686949491500854,0.6022390127182007,0.3315178751945495,0.0
1629795836334,1.5686949491500854,0.6480603814125061,0.3879959881305694,0.0
1629795836412,1.5686949491500854,0.6745356321334839,0.4378641545772552,0.0
1629795836481,1.5686949491500854,0.6913127899169922,0.4718657433986664,0.0
1629795836613,1.5686949491500854,0.7052072882652283,0.4873906970024109,0.0
1629795836713,1.5686949491500854,0.7140072584152222,0.4871465861797333,0.0
1629795836869,1.5686949491500854,0.7119544148445129,0.4816753566265106,0.0
1629795836900,1.5686949491500854,0.6956351399421692,0.4844127297401428,0.0
1629795836994,1.5686949491500854,0.669454038143158,0.4976441562175751,0.0
1629795837133,1.5686949491500854,0.6455091238021851,0.5117849707603455,0.0
1629795837196,1.5686949491500854,0.6350901126861572,0.5183153748512268,0.0
1629795837289,1.5686949491500854,0.6354178190231323,0.5177047848701477,0.0
1629795837446,1.5665339231491089,0.6259548664093018,0.5136165022850037,0.0
1629795837540,1.5834019184112549,0.5842195153236389,0.5065178871154785,0.0
1629795837632,1.6051359176635742,0.4994086921215057,0.4942787885665893,0.0
1629795837725,1.6233621835708618,0.3830122947692871,0.4717524647712707,0.0
1629795837835,1.63241446018219,0.2721284925937652,0.4359298944473266,0.0
1629795837897,1.6368036270141602,0.2031893879175186,0.3913515210151672,0.0
1629795838053,1.640182614326477,0.1714760214090347,0.3514836132526397,0.0
1629795838117,1.6398532390594482,0.1521292477846145,0.3237614631652832,0.0
1629795838217,1.6398532390594482,0.13772913813591,0.3031952977180481,0.0
1629795838326,1.6398532390594482,0.1343910545110702,0.2752981781959533,0.0
1629795838436,1.6398532390594482,0.1498034447431564,0.2310769706964492,0.0
1629795838576,1.6398532390594482,0.1861555874347686,0.1996168792247772,0.0
1629795838655,1.6436744928359983,0.2573211193084717,0.2418021261692047,0.0
1629795838733,1.653183102607727,0.3678408563137054,0.3555928766727447,0.0
1629795838842,1.6657211780548096,0.4867503345012665,0.4700968563556671,0.0
1629795839015,1.676788091659546,0.5801762938499451,0.5444594025611877,0.0
1629795839064,1.6818673610687256,0.6368834972381592,0.5765816569328308,0.0
1629795839099,1.6781526803970337,0.6648709774017334,0.5829917788505554,0.0
1629795839275,1.6672865152359009,0.678015947341919,0.5848216414451599,0.0
1629795839353,1.6672865152359009,0.6839197278022766,0.5946969389915466,0.0
1629795839481,1.6672865152359009,0.6847482323646545,0.6147286891937256,0.0
1629795839574,1.6672865152359009,0.684140145778656,0.6399567127227783,0.0
1629795839654,1.6672865152359009,0.6856571435928345,0.6650765538215637,0.0
1629795839724,1.6672865152359009,0.6911647915840149,0.6873084306716919,0.0
1629795839891,1.6672865152359009,0.6983489394187927,0.7067549824714661,0.0
1629795840002,1.6672865152359009,0.7019074559211731,0.7248304486274719,0.0
1629795840033,1.6672865152359009,0.6970205903053284,0.7352592349052429,0.0
1629795840142,1.6672865152359009,0.6748403906822205,0.725620687007904,0.0
1629795840218,1.6672865152359009,0.6239249110221863,0.6914664506912231,0.0
1629795840316,1.6672865152359009,0.5427477359771729,0.6488478779792786,0.0
1629795840516,1.6672865152359009,0.4524691700935364,0.6235973834991455,0.0
1629795840610,1.6672865152359009,0.3890824019908905,0.6237261891365051,0.0
1629795840716,1.6672865152359009,0.367334246635437,0.6328078508377075,0.0
1629795840745,1.6672865152359009,0.3668051958084106,0.6329232454299927,0.0
1629795840840,1.6672865152359009,0.3676296770572662,0.6213149428367615,0.0
1629795841017,1.6672865152359009,0.363590806722641,0.6021423935890198,0.0
1629795841079,1.6672865152359009,0.3526749312877655,0.5795291066169739,0.0
1629795841160,1.6672865152359009,0.339356929063797,0.5561443567276001,0.0
1629795841254,1.6672865152359009,0.3322360217571258,0.532258152961731,0.0
1629795841378,1.6672865152359009,0.340873122215271,0.5067688226699829,0.0
1629795841473,1.6672865152359009,0.3677262365818023,0.4772489964962005,0.0
1629795841568,1.6672865152359009,0.4022952914237976,0.4434468448162079,0.0
1629795841664,1.6672865152359009,0.4298993051052093,0.4080113470554352,0.0
1629795841796,1.6672865152359009,0.4428605735301971,0.3708136975765228,0.0
1629795841874,1.6672865152359009,0.442957729101181,0.3218398690223694,0.0
1629795841999,1.6672865152359009,0.4364107251167297,0.2531238198280334,0.0
1629795842031,1.89193594455719,0.4309671521186828,0.1837379038333892,0.0
1629795842187,1.876334547996521,0.4323066473007202,0.1543503105640411,0.0
1629795842294,1.870297074317932,0.4405784010887146,0.1751915961503982,0.0
1629795842406,1.869395852088928,0.4502929151058197,0.2077292501926422,0.0
1629795842484,1.869395852088928,0.4574705958366394,0.2217545509338379,0.0
1629795842576,1.869395852088928,0.4608859717845917,0.2123032063245773,0.0
1629795842670,1.869395852088928,0.4593073725700378,0.1876846402883529,0.0
1629795842780,1.869395852088928,0.4515110850334167,0.1623666733503341,0.0
1629795842904,1.869395852088928,0.438798576593399,0.1497568041086197,0.0
1629795842997,1.869395852088928,0.4259197115898132,0.1564624607563018,0.0
1629795843107,1.869395852088928,0.4219317734241485,0.1831224113702774,0.0
1629795843185,1.869395852088928,0.432221382856369,0.2267328202724456,0.0
1629795843311,1.8605942726135252,0.4538698196411133,0.2759764790534973,0.0
1629795843390,1.8433765172958372,0.4815907776355743,0.319029301404953,0.0
1629795843549,1.8331398963928225,0.5120701789855957,0.3507143855094909,0.0
1629795843642,1.8331398963928225,0.5380027890205383,0.370412528514862,0.0
1629795843720,1.8331398963928225,0.5504977703094482,0.3744550347328186,0.0
1629795843860,1.8331398963928225,0.5475447177886963,0.3629933595657348,0.0
1629795843895,1.8331398963928225,0.5369910001754761,0.3492725491523742,0.0
1629795843999,1.8331398963928225,0.5328364968299866,0.3557665050029754,0.0
1629795844171,1.8331398963928225,0.5431091785430908,0.398320198059082,0.0
1629795844202,1.8331398963928225,0.5639262199401855,0.4629552066326141,0.0
1629795844317,1.8331398963928225,0.583445131778717,0.5217152833938599,0.0
1629795844411,1.8331398963928225,0.5904459357261658,0.5575447082519531,0.0
1629795844505,1.8331398963928225,0.5810291767120361,0.5691826343536377,0.0
1629795844583,1.8331398963928225,0.5582184791564941,0.5632299184799194,0.0
1629795844762,1.8331398963928225,0.5287970900535583,0.5457153916358948,0.0
1629795844825,1.8331398963928225,0.4988686740398407,0.5205158591270447,0.0
1629795844934,1.8331398963928225,0.4675560295581817,0.4944048523902893,0.0
1629795845029,1.8331398963928225,0.4270384013652801,0.4737332463264465,0.0
1629795845139,1.8331398963928225,0.376881331205368,0.4581308960914612,0.0
1629795845234,1.8331398963928225,0.3327192366123199,0.4471119344234466,0.0
1629795845346,1.8331398963928225,0.3129323720932007,0.4460518360137939,0.0
1629795845425,1.8331398963928225,0.3177076876163482,0.4565246999263763,0.0
1629795845551,1.8331398963928225,0.3242441117763519,0.4636027216911316,0.0
1629795845629,1.8331398963928225,0.3145342171192169,0.4451929330825805,0.0
1629795845707,1.8331398963928225,0.2913053929805755,0.3913255333900451,0.0
1629795845848,1.8331398963928225,0.2799974977970123,0.3147484958171844,0.0
1629795845957,1.8331398963928225,0.2939924895763397,0.2463175058364868,0.0
1629795846100,1.8331398963928225,0.318403035402298,0.2081460803747177,0.0
1629795846147,1.8331398963928225,0.3353637754917145,0.1923457682132721,0.0
1629795846272,1.8331398963928225,0.344721645116806,0.1818897426128387,0.0
1629795846335,1.8331398963928225,0.362031877040863,0.170636236667633,0.0
1629795846475,1.8331398963928225,0.3942965865135193,0.1538621634244918,0.0
1629795846585,1.6444764137268066,0.4317784309387207,0.1272276043891906,0.0
1629795846678,1.6651489734649658,0.4623688161373138,0.0931451693177223,0.0
1629795846788,1.6762667894363403,0.4844506680965423,0.0580260828137397,0.0
1629795846868,1.6762667894363403,0.5039438605308533,0.0248834211379289,0.0
1629795846947,1.6762667894363403,0.5248950719833374,0.0109077654778957,0.0
1629795847025,1.6762667894363403,0.5447035431861877,0.1048752516508102,0.0
1629795847205,1.6762667894363403,0.5565428733825684,0.0715049505233764,0.0
1629795847267,1.6762667894363403,0.5579812526702881,0.058834608644247,0.0
1629795847345,1.6762667894363403,0.5453701019287109,0.0684724375605583,0.0
1629795847526,1.6762667894363403,0.5196775197982788,0.0871524289250373,0.0
1629795847557,1.6762667894363403,0.4928113520145416,0.1066781282424926,0.0
1629795847651,1.6762667894363403,0.4786673486232757,0.1274739354848861,0.0
1629795847792,1.6949973106384275,0.4874903261661529,0.1510455459356308,0.0
1629795847885,1.7131794691085815,0.489472895860672,0.1812657415866851,0.0
1629795847979,1.7131794691085815,0.4747502207756042,0.2259489893913269,0.0
1629795848089,1.7131794691085815,0.4486911296844482,0.2917626500129699,0.0
1629795848218,1.7131794691085815,0.4259182512760162,0.3812224864959717,0.0
1629795848264,1.7131794691085815,0.4106757342815399,0.3812224864959717,0.0
1629795848421,1.7131794691085815,0.3898959159851074,0.3812224864959717,0.0
1629795848499,1.7131794691085815,0.3455321192741394,0.3812224864959717,0.0
1629795848593,1.7131794691085815,0.3170120120048523,0.3812224864959717,0.0
1629795848686,1.7131794691085815,0.3224397897720337,0.3812224864959717,0.0
1629795848764,1.7131794691085815,0.3063416182994842,0.3812224864959717,0.0
1629795848851,1.7131794691085815,0.3173941671848297,0.3812224864959717,0.0
1629795849023,1.7131794691085815,0.5026903748512268,0.3812224864959717,0.0
1629795849101,1.7131794691085815,0.6397703289985657,0.3812224864959717,0.0
1629795849226,1.7131794691085815,0.7220124006271362,0.3812224864959717,0.0
1629795849289,1.7131794691085815,0.702326774597168,0.3812224864959717,0.0
1629795849429,1.7131794691085815,0.6709456443786621,0.5534282922744751,0.0
1629795849508,1.7131794691085815,0.6495885252952576,0.6259145736694336,0.0
1629795849601,1.7131794691085815,0.6408720016479492,0.6807517409324646,0.0
1629795849695,1.7131794691085815,0.6314380764961243,0.7034886479377747,0.0
1629795849804,1.7131794691085815,0.6153060793876648,0.6980142593383789,0.0
1629795849882,1.7131794691085815,0.5970590114593506,0.6740996837615967,0.0
1629795849994,1.7131794691085815,0.5791381001472473,0.6425166726112366,0.0
1629795850103,1.7131794691085815,0.5646312832832336,0.6128404140472412,0.0
1629795850244,1.7131794691085815,0.5472784042358398,0.6022240519523621,0.0
1629795850369,1.7131794691085815,0.5403102040290833,0.5918819904327393,0.0
1629795850400,1.7131794691085815,0.5466035604476929,0.5843517780303955,0.0
1629795850525,1.7131794691085815,0.5376838445663452,0.5718086361885071,0.0
1629795850619,1.7131794691085815,0.5289877653121948,0.5531506538391113,0.0
1629795850726,1.7131794691085815,0.5196493864059448,0.5331681370735168,0.0
1629795850856,1.7131794691085815,0.5159904360771179,0.5095248222351074,0.0
1629795850950,1.7131794691085815,0.5168500542640686,0.4717142879962921,0.0
1629795851063,1.7131794691085815,0.5156611800193787,0.4148155152797699,0.0
1629795851172,1.7131794691085815,0.512412965297699,0.3467849195003509,0.0
1629795851219,1.7131794691085815,0.5149344205856323,0.285857617855072,0.0
1629795851329,1.7131794691085815,0.5223809480667114,0.2471680343151092,0.0
1629795851469,1.7131794691085815,0.5258190035820007,0.2372167408466339,0.0
1629795851594,1.7131794691085815,0.5225178003311157,0.2530509531497955,0.0
1629795851625,1.7131794691085815,0.5372255444526672,0.2876236140727997,0.0
1629795851750,1.7131794691085815,0.5522657036781311,0.3416191637516022,0.0
1629795851860,1.7131794691085815,0.5605716705322266,0.4213681817054748,0.0
1629795851907,1.7131794691085815,0.5540725588798523,0.5126983523368835,0.0
1629795852067,1.7131794691085815,0.5294342041015625,0.5914941430091858,0.0
1629795852161,1.7131794691085815,0.4585707187652588,0.6440702676773071,0.0
1629795852255,1.7131794691085815,0.392964243888855,0.67344731092453,0.0
1629795852317,1.7131794691085815,0.3438579440116882,0.6921874284744263,0.0
1629795852442,1.7131794691085815,0.3039923906326294,0.7176486253738403,0.0
1629795852516,1.7131794691085815,0.2584403455257416,0.7416330575942993,0.0
1629795852719,1.7131794691085815,0.2017403095960617,0.7642002105712891,0.0
1629795852829,1.7131794691085815,0.1415324509143829,0.7878368496894836,0.0
1629795852875,1.7131794691085815,0.0995299220085144,0.8156552314758301,0.0
1629795852922,1.7131794691085815,0.0882186219096183,0.8111399412155151,0.0
1629795853062,1.7131794691085815,0.0992408618330955,0.8026686906814575,0.0
1629795853128,1.7131794691085815,0.1074071079492569,0.7867838144302368,0.0
1629795853284,1.7131794691085815,0.1199370995163917,0.7520790696144104,0.0
1629795853362,1.7131794691085815,0.1463328450918197,0.6810206770896912,0.0
1629795853487,1.7131794691085815,0.1817553490400314,0.560023844242096,0.0
1629795853612,1.7340927124023438,0.2172324210405349,0.3922589123249054,0.0
1629795853675,1.7297159433364868,0.2703635096549988,0.2120537608861923,0.0
1629795853737,1.7224971055984497,0.3301552832126617,0.0750192925333976,0.0
1629795853925,1.7224971055984497,0.3950729072093963,-0.0194999855011701,0.0
1629795854003,1.7224971055984497,0.4524901807308197,0.0144557980820536,0.0
1629795854113,1.744453191757202,0.4911189377307892,0.0604031309485435,0.0
1629795854178,1.744453191757202,0.5096762180328369,0.1131615564227104,0.0
1629795854256,1.744453191757202,0.5159322023391724,0.1538189202547073,0.0
1629795854349,1.747814655303955,0.5218607187271118,0.1735734045505523,0.0
1629795854537,1.7510946989059448,0.5351338386535645,0.1802614629268646,0.0
1629795854584,1.7454711198806765,0.5546647906303406,0.1860445886850357,0.0
1629795854693,1.7342097759246826,0.5714864134788513,0.1916292160749435,0.0
1629795854756,1.7225772142410278,0.5771839022636414,0.1963711231946945,0.0
1629795854865,1.7138981819152832,0.5700095891952515,0.2006061822175979,0.0
1629795854974,1.7014172077178955,0.5538488030433655,0.2115262895822525,0.0
1629795855130,1.6914794445037842,0.5349794626235962,0.2305261790752411,0.0
1629795855224,1.688504338264465,0.5179886817932129,0.2497574388980865,0.0
1629795855302,1.6891705989837646,0.5005494952201843,0.2607259452342987,0.0
1629795855396,1.6891705989837646,0.476977527141571,0.2622621059417724,0.0
1629795855550,1.6891705989837646,0.4483644068241119,0.254501074552536,0.0
1629795855597,1.6891705989837646,0.4247997105121612,0.2342868596315384,0.0
1629795855722,1.6891705989837646,0.417050302028656,0.1996424347162246,0.0
1629795855785,1.6891705989837646,0.4261727631092071,0.1619626581668853,0.0
1629795855910,1.677106857299805,0.4408873915672302,0.1333923041820526,0.0
1629795856019,1.6513484716415403,0.4487234354019165,0.1143210157752037,0.0
1629795856113,1.6513484716415403,0.4449674487113952,0.0924293175339698,0.0
1629795856160,1.6513484716415403,0.4370790421962738,0.0662667602300643,0.0
1629795856318,1.6513484716415403,0.4359933733940124,0.0499432645738124,0.0
1629795856412,1.6513484716415403,0.4431163668632507,0.0550352558493614,0.0
1629795856521,1.6513484716415403,0.453341394662857,0.0735723227262497,0.0
1629795856600,1.8521170616149905,0.4626806676387787,0.0911595746874809,0.0
1629795856709,1.8533116579055784,0.4700698554515838,0.1043339669704437,0.0
1629795856803,1.8667526245117188,0.4792180061340332,0.1161838248372078,0.0
1629795856943,1.8772567510604856,0.4957334995269775,0.1267416328191757,0.0
1629795857021,1.869075894355774,0.5176585912704468,0.1392033696174621,0.0
1629795857131,1.8412374258041384,0.535292387008667,0.157357633113861,0.0
1629795857240,1.80733859539032,0.5410939455032349,0.178606778383255,0.0
1629795857305,1.7800754308700562,0.533432126045227,0.1958957463502884,0.0
1629795857383,1.7616616487503052,0.5143380761146545,0.2123247385025024,0.0
1629795857571,1.7472792863845823,0.4889378249645233,0.2344301789999008,0.0
1629795857649,1.732814908027649,0.4649731516838074,0.2614488303661346,0.0
1629795857758,1.7191212177276611,0.4472986161708832,0.2827817499637604,0.0
1629795857836,1.7013620138168335,0.4366782009601593,0.2886889278888702,0.0
1629795857946,1.675824522972107,0.4341188371181488,0.2783679664134979,0.0
1629795858024,1.6457287073135376,0.4407768845558166,0.2573817372322082,0.0
1629795858152,1.6273316144943235,0.4516869485378265,0.2336944937705993,0.0
1629795858246,1.603255033493042,0.4565030932426452,0.2176252156496048,0.0
1629795858370,1.5609447956085205,0.4459924101829529,0.2201278805732727,0.0
1629795858480,1.5043319463729858,0.4186303615570068,0.2418158799409866,0.0
1629795858542,1.4718024730682373,0.3842135071754455,0.2645507752895355,0.0
1629795858636,1.4733601808547974,0.3568067550659179,0.2723738253116607,0.0
1629795858745,1.4859189987182615,0.3403879106044769,0.2630280554294586,0.0
1629795858886,1.4867619276046753,0.3295244574546814,0.2450949251651764,0.0
1629795858948,1.472830057144165,0.325820118188858,0.2227117717266082,0.0
1629795859042,1.4559433460235596,0.333146721124649,0.1958688348531723,0.0
1629795859124,1.4456303119659424,0.3512817919254303,0.1678919494152069,0.0
1629795859234,1.4401333332061768,0.3788308203220367,0.1496766060590744,0.0
1629795859390,1.4355324506759644,0.414087563753128,0.146356001496315,0.0
1629795859468,1.438061237335205,0.4524286687374115,0.1520418971776962,0.0
1629795859562,1.450683355331421,0.4851236939430237,0.1555076688528061,0.0
1629795859671,1.4666175842285156,0.5086744427680969,0.1497926414012909,0.0
1629795859718,1.4666175842285156,0.5219099521636963,0.1289207935333252,0.0
1629795859874,1.4666175842285156,0.5237305760383606,0.0881154090166091,0.0
1629795859984,1.462220549583435,0.5147947072982788,0.0262365005910396,0.0
1629795860096,1.451912522315979,0.5014966130256653,-0.0457002185285091,0.0
1629795860190,1.4432252645492554,0.4921324551105499,-0.1097456887364387,0.0
1629795860299,1.4432096481323242,0.4881200790405273,-0.1563739478588104,0.0
1629795860346,1.4544343948364258,0.4849303066730499,-0.1727745532989502,0.0
1629795860409,1.4753822088241575,0.4786014556884765,-0.1354516297578811,0.0
1629795860565,1.499347448348999,0.4788830280303955,-0.0430716872215271,0.0
1629795860690,1.524376392364502,0.4955226182937622,0.0563227832317352,0.0
1629795860799,1.5519598722457886,0.5201281905174255,0.0646125376224517,0.0
1629795860909,1.5519598722457886,0.531925618648529,0.0697494372725486,0.0
1629795860987,1.5519598722457886,0.520839273929596,0.0749561712145805,0.0
1629795861049,1.5519598722457886,0.4927305579185486,0.1068501323461532,0.0
1629795861177,1.5519598722457886,0.4577084183692932,0.1691456288099289,0.0
1629795861271,1.5519598722457886,0.4264094531536102,0.2307770997285843,0.0
1629795861380,1.5519598722457886,0.4076499342918396,0.2649423480033874,0.0
1629795861505,1.5519598722457886,0.4033524096012115,0.2756599485874176,0.0
1629795861552,1.5519598722457886,0.4046316146850586,0.283524602651596,0.0
1629795861677,1.5519598722457886,0.4038534760475158,0.3031062483787536,0.0
1629795861817,1.5519598722457886,0.4037834405899048,0.3310680985450744,0.0
1629795861880,1.5519598722457886,0.4146563410758972,0.3495583236217499,0.0
1629795862005,1.5519598722457886,0.4424484968185425,0.3414149582386017,0.0
1629795862099,1.5519598722457886,0.4820416271686554,0.299960196018219,0.0
1629795862165,1.5519598722457886,0.5256296992301941,0.2400842905044555,0.0
1629795862274,1.5519598722457886,0.5697582960128784,0.2371450513601303,0.0
1629795862415,1.5519598722457886,0.6140786409378052,0.2404281944036483,0.0
1629795862524,1.5519598722457886,0.6531569957733154,0.2479777038097381,0.0
1629795862602,1.5519598722457886,0.6820367574691772,0.2623120844364166,0.0
1629795862680,1.5519598722457886,0.7039518356323242,0.2743193507194519,0.0
1629795862789,1.5519598722457886,0.7238916754722595,0.2889971137046814,0.0
1629795862899,1.5519598722457886,0.7428438663482666,0.3077692687511444,0.0
1629795863008,1.5519598722457886,0.7602478265762329,0.3211575448513031,0.0
1629795863149,1.5519598722457886,0.7783409953117371,0.3223271071910858,0.0
1629795863245,1.5519598722457886,0.8005228638648987,0.3131572604179382,0.0
1629795863308,1.5519598722457886,0.8290283679962158,0.3020073771476745,0.0
1629795863417,1.5519598722457886,0.8600237965583801,0.2976521253585815,0.0
1629795863542,1.5519598722457886,0.8836174607276917,0.3058489859104156,0.0
1629795863620,1.5519598722457886,0.8903369307518005,0.3233364522457123,0.0
1629795863745,1.5519598722457886,0.8788814544677734,0.340364396572113,0.0
1629795863854,1.6582119464874268,0.856480598449707,0.3502333164215088,0.0
1629795863917,1.654376983642578,0.8305241465568542,0.3524779975414276,0.0
1629795864026,1.6487383842468262,0.8058179616928101,0.3473347425460815,0.0
1629795864135,1.638925313949585,0.7862447500228882,0.3312220573425293,0.0
1629795864214,1.6279621124267578,0.7725809216499329,0.2987976968288421,0.0
1629795864341,1.621104121208191,0.7630057334899902,0.2537888288497925,0.0
1629795864482,1.614902377128601,0.755260169506073,0.2106358110904693,0.0
1629795864513,1.6056554317474363,0.7476458549499512,0.1867459118366241,0.0
1629795864591,1.5976355075836182,0.7366393208503723,0.1848186701536178,0.0
1629795864716,1.5976355075836182,0.71764075756073,0.1921184509992599,0.0
1629795864857,1.5976355075836182,0.6861048936843872,0.19607974588871,0.0
1629795864982,1.5976355075836182,0.6412173509597778,0.1922160685062408,0.0
1629795865044,1.588053584098816,0.5932865142822266,0.1819793730974197,0.0
1629795865107,1.5823267698287964,0.5604125261306763,0.1676525175571441,0.0
1629795865232,1.5746781826019287,0.5488681793212891,0.1532514989376068,0.0
1629795865346,1.5638526678085327,0.5432260632514954,0.1403307616710662,0.0
1629795865456,1.5520257949829102,0.5333656668663025,0.1287167072296142,0.0
1629795865565,1.5397074222564695,0.5265920162200928,0.1146300584077835,0.0
1629795865706,1.5323179960250854,0.5326403379440308,0.0980612263083458,0.0
1629795865753,1.5297787189483645,0.5483596920967102,0.0853723511099815,0.0
1629795865878,1.5297787189483645,0.5664822459220886,0.0852915272116661,0.0
1629795865940,1.5297787189483645,0.5825780034065247,0.1059455797076225,0.0
1629795866065,1.5297787189483645,0.5937800407409668,0.152155265212059,0.0
1629795866174,1.5297787189483645,0.5982499122619629,0.2152740657329559,0.0
1629795866318,1.5813302993774414,0.5974367260932922,0.2776446044445038,0.0
1629795866349,1.5999150276184082,0.5943535566329956,0.3244649171829223,0.0
1629795866474,1.5926469564437866,0.5905963778495789,0.3553136587142944,0.0
1629795866583,1.5762053728103638,0.5845149755477905,0.3776839673519134,0.0
1629795866693,1.5594416856765747,0.5718080401420593,0.3966440856456756,0.0
1629795866802,1.5432837009429932,0.5489204525947571,0.4093291461467743,0.0
1629795866849,1.5310133695602417,0.5179829597473145,0.4140225946903229,0.0
1629795866958,1.5264376401901243,0.4862456321716308,0.4135729372501373,0.0
1629795867068,1.5264376401901243,0.4572004377841949,0.41396564245224,0.0
1629795867211,1.5264376401901243,0.4261349141597748,0.4211835861206054,0.0
1629795867273,1.5264376401901243,0.3903479874134063,0.4399081766605377,0.0
1629795867398,1.5264376401901243,0.3541266918182373,0.4679915308952331,0.0
1629795867492,1.5338603258132937,0.3256612420082092,0.4921001195907593,0.0
1629795867633,1.5359514951705933,0.3097140789031982,0.4956533908843994,0.0
1629795867711,1.5229500532150269,0.3023063242435455,0.4717757105827331,0.0
1629795867773,1.4916446208953855,0.2945465445518493,0.4284625649452209,0.0
1629795867929,1.4540035724639893,0.2810521125793457,0.3858450651168823,0.0
1629795868023,1.43081533908844,0.2644970715045929,0.362000435590744,0.0
1629795868101,1.4226980209350586,0.2507559061050415,0.3566808402538299,0.0
1629795868182,1.4061079025268557,0.2424012720584869,0.356496125459671,0.0
1629795868276,1.3961101770401,0.2419854700565338,0.3529830574989319,0.0
1629795868354,1.3800551891326904,0.2569643259048462,0.3474447131156921,0.0
1629795868542,1.359817624092102,0.2853631675243377,0.34665647149086,0.0
1629795868588,1.3847229480743408,0.3140821754932403,0.3540180921554565,0.0
1629795868667,1.3938026428222656,0.3306968510150909,0.3613839149475097,0.0
1629795868823,1.3938026428222656,0.3299239873886108,0.353085458278656,0.0
1629795868885,1.3938026428222656,0.3128456771373749,0.320124864578247,0.0
1629795868948,1.3938026428222656,0.2881889641284942,0.2708959281444549,0.0
1629795869104,1.3938026428222656,0.2703732550144195,0.2298304587602615,0.0
1629795869216,1.3938026428222656,0.2675038874149322,0.2160409837961197,0.0
1629795869294,1.3938026428222656,0.2737588882446289,0.2244255244731903,0.0
1629795869372,1.3938026428222656,0.2787430882453918,0.2359580099582672,0.0
1629795869497,1.3938026428222656,0.2778080701828003,0.2350969463586807,0.0
1629795869591,1.3938026428222656,0.2701235711574554,0.2169913649559021,0.0
1629795869747,1.4023430347442627,0.2571763694286346,0.1908653527498245,0.0
1629795869810,1.4160174131393433,0.2403079271316528,0.1756786555051803,0.0
1629795869950,1.4160174131393433,0.219200998544693,0.1875375658273697,0.0
1629795869984,1.4160174131393433,0.1934404075145721,0.2231871932744979,0.0
1629795870109,1.4160174131393433,0.1685341894626617,0.2663968801498413,0.0
1629795870219,1.4160174131393433,0.1593827456235885,0.3054983615875244,0.0
1629795870328,1.4160174131393433,0.1743291169404983,0.3412889540195465,0.0
1629795870422,1.4160174131393433,0.1990443617105484,0.3766822218894958,0.0
1629795870500,1.4160174131393433,0.2089816480875015,0.4098451435565948,0.0
1629795870609,1.4160174131393433,0.1935708969831466,0.4334174394607544,0.0
1629795870719,1.4160174131393433,0.1650315374135971,0.4426583051681518,0.0
1629795870828,1.4160174131393433,0.1456918120384216,0.4387382268905639,0.0
1629795870984,1.4160174131393433,0.1423998922109604,0.4291953146457672,0.0
1629795871049,1.4160174131393433,0.1476556956768036,0.4216246604919433,0.0
1629795871190,1.4160174131393433,0.1509730070829391,0.4193165898323059,0.0
1629795871236,1.4160174131393433,0.150107055902481,0.4195464849472046,0.0
1629795871330,1.4160174131393433,0.146113246679306,0.4162613153457641,0.0
1629795871424,1.4160174131393433,0.1440495997667312,0.4020624756813049,0.0
1629795871518,1.4310014247894287,0.1491485834121704,0.3730829060077667,0.0
1629795871658,1.524927854537964,0.1573454439640045,0.3312702775001526,0.0
1629795871752,1.524927854537964,0.1538539379835128,0.2837065458297729,0.0
1629795871846,1.524927854537964,0.1287012994289398,0.2355371564626693,0.0
1629795871955,1.524927854537964,0.0921635553240776,0.1879917830228805,0.0
1629795872018,1.524927854537964,0.0686550214886665,0.1432679295539856,0.0
1629795872161,1.524927854537964,0.0646521002054214,0.1078484132885932,0.0
1629795872270,1.524927854537964,0.06755892932415,0.0893314778804779,0.0
1629795872317,1.524927854537964,0.0624515637755394,0.0903694033622741,0.0
1629795872442,1.524927854537964,0.0547732822597026,0.10181924700737,0.0
1629795872565,1.524927854537964,0.0558317378163337,0.109001375734806,0.0
1629795872643,1.524927854537964,0.0689556151628494,0.101381815969944,0.0
1629795872831,1.5743743181228638,0.0862685292959213,0.0807678923010826,0.0
1629795872909,1.5743743181228638,0.0994558334350586,0.0583470314741134,0.0
1629795872971,1.5743743181228638,0.1003290712833404,0.0425032116472721,0.0
1629795873049,1.5743743181228638,0.0852956771850586,0.0286161880940198,0.0
1629795873159,1.5743743181228638,0.0649356395006179,0.0098002254962921,0.0
1629795873253,1.3090507984161377,0.0604336708784103,-0.0141461854800581,0.0
1629795873362,1.3157225847244265,0.0814013704657554,-0.0357454940676689,0.0
1629795873503,1.3226795196533203,0.1069471538066864,-0.0491108335554599,0.0
1629795873549,1.3335821628570557,0.1176539435982704,-0.0575410276651382,0.0
1629795873659,1.344127893447876,0.1134418174624443,-0.0652760043740272,0.0
1629795873784,1.3483039140701294,0.1036199629306793,-0.0720021650195121,0.0
1629795873877,1.3409969806671145,0.0939439982175827,-0.0721254348754882,0.0
1629795874018,1.3409969806671145,0.0824765935540199,-0.0643340200185775,0.0
1629795874065,1.3409969806671145,0.06478251516819,-0.0515067726373672,0.0
1629795874159,1.3409969806671145,0.0442767664790153,-0.0282358136028051,0.0
1629795874319,1.3409969806671145,0.0271482579410076,0.010784538462758,0.0
1629795874350,1.3409969806671145,0.0188727583736181,0.05913807451725,0.0
1629795874522,1.3449581861495972,0.0209336150437593,0.1130061000585556,0.0
1629795874678,1.3504804372787476,0.0380750782787799,0.1906751245260238,0.0
1629795874740,1.3560959100723269,0.0652014464139938,0.3013780415058136,0.0
1629795874803,1.361059308052063,0.0832299962639808,0.4171704351902008,0.0
1629795874928,1.3648810386657717,0.0783385708928108,0.5071620941162109,0.0
1629795874990,1.3671011924743652,0.058638360351324,0.5617414712905884,0.0
1629795875068,1.3671011924743652,0.0482027120888233,0.58881676197052,0.0
1629795875225,1.3671011924743652,0.0646012127399444,0.6021320223808289,0.0
1629795875381,1.3671011924743652,0.1079240664839744,0.6101701855659485,0.0
1629795875443,1.3671011924743652,0.166640892624855,0.6162294149398804,0.0
1629795875475,1.3671011924743652,0.2252903133630752,0.6215980648994446,0.0
1629795875615,1.3671011924743652,0.2708347141742706,0.6260247230529785,0.0
1629795875678,1.3671011924743652,0.2983959019184112,0.6277729272842407,0.0
1629795875818,1.3671011924743652,0.3105242550373077,0.6249617338180542,0.0
1629795875959,1.3671011924743652,0.3120715320110321,0.6182453632354736,0.0
1629795875990,1.3671011924743652,0.3107037544250488,0.6076224446296692,0.0
1629795876115,1.3671011924743652,0.3119730353355407,0.5871039032936096,0.0
1629795876209,1.3671011924743652,0.3194834887981415,0.5497519373893738,0.0
1629795876303,1.3671011924743652,0.3362621963024139,0.5030157566070557,0.0
1629795876428,1.3671011924743652,0.3634572625160217,0.476434588432312,0.0
1629795876552,1.3671011924743652,0.3947315812110901,0.4890076220035553,0.0
1629795876631,1.3671011924743652,0.4185763597488403,0.5223432779312134,0.0
1629795876756,1.3671011924743652,0.4271509945392608,0.5511446595191956,0.0
1629795876818,1.3671011924743652,0.4204559624195099,0.5744953751564026,0.0
1629795876912,1.3671011924743652,0.4110518395900726,0.6011863350868225,0.0
1629795877037,1.3671011924743652,0.4186880886554718,0.6306620240211487,0.0
1629795877164,1.3671011924743652,0.4522087872028351,0.6543556451797485,0.0
1629795877336,1.3671011924743652,0.4971753060817718,0.6687266230583191,0.0
1629795877383,1.3671011924743652,0.5325407981872559,0.6771670579910278,0.0
1629795877445,1.3671011924743652,0.5500438213348389,0.6841497421264648,0.0
1629795877523,1.3671011924743652,0.5542476773262024,0.6914560794830322,0.0
1629795877711,1.4505151510238647,0.5541706085205078,0.6991479992866516,0.0
1629795877758,1.4119255542755127,0.554002583026886,0.7035807371139526,0.0
1629795877836,1.3836352825164795,0.5519347786903381,0.6981970071792603,0.0
1629795877914,1.363541841506958,0.5432233810424805,0.673608660697937,0.0
1629795878039,1.3577033281326294,0.5277004241943359,0.6289653778076172,0.0
1629795878195,1.3586543798446655,0.5131869316101074,0.575361967086792,0.0
1629795878305,1.3551993370056152,0.5113515257835388,0.5270187258720398,0.0
1629795878351,1.3439589738845823,0.5219536423683167,0.4827107787132263,0.0
1629795878461,1.3439589738845823,0.5295727849006653,0.4285846054553985,0.0
1629795878554,1.3439589738845823,0.5176999568939209,0.3597808480262756,0.0
1629795878648,1.3439589738845823,0.4832925796508789,0.2917687892913818,0.0
1629795878742,1.3439589738845823,0.4457641243934631,0.2433600276708603,0.0
1629795878836,1.3077012300491333,0.439443439245224,0.216129645705223,0.0
1629795878976,1.278002381324768,0.4775069653987884,0.2015550881624221,0.0
1629795879039,1.265411376953125,0.5340918302536011,0.1942227333784103,0.0
1629795879148,1.2688066959381104,0.5759654641151428,0.1842991858720779,0.0
1629795879257,1.27786386013031,0.590190052986145,0.1635979115962982,0.0
1629795879398,1.2910034656524658,0.5832885503768921,0.1457093209028244,0.0
1629795879476,1.3074088096618652,0.5709422826766968,0.1653881222009658,0.0
1629795879554,1.3074088096618652,0.5670188069343567,0.2315548658370971,0.0
1629795879664,1.3074088096618652,0.5696059465408325,0.3098191916942596,0.0
1629795879773,1.3074088096618652,0.5671578049659729,0.3700609505176544,0.0
1629795879851,1.3074088096618652,0.5561751127243042,0.4094614386558532,0.0
1629795880007,1.2225784063339231,0.5440515279769897,0.4387372136116028,0.0
1629795880101,1.2545809745788574,0.5369687080383301,0.4656624794006347,0.0
1629795880213,1.2934168577194214,0.5312297344207764,0.4881878197193146,0.0
1629795880260,1.3552541732788086,0.5159658789634705,0.5019640326499939,0.0
1629795880400,1.4189066886901855,0.4846752285957336,0.5070402026176453,0.0
1629795880478,1.461644172668457,0.4365156292915344,0.5072363615036011,0.0
1629795880541,1.461644172668457,0.3752725422382355,0.5106539726257324,0.0
1629795880744,1.461644172668457,0.3153360784053802,0.5239993333816528,0.0
1629795880791,1.461644172668457,0.2761653363704681,0.544395923614502,0.0
1629795880885,1.461644172668457,0.2640262842178345,0.5585750937461853,0.0
1629795880998,1.461644172668457,0.26243856549263,0.5518612265586853,0.0
1629795881076,1.461644172668457,0.2512381374835968,0.5188919901847839,0.0
1629795881139,1.4859827756881714,0.2283340990543365,0.4693947434425354,0.0
1629795881264,1.518244981765747,0.2042366862297058,0.4215212762355804,0.0
1629795881389,1.5273964405059814,0.1834055036306381,0.3860246837139129,0.0
1629795881483,1.537340760231018,0.1637857854366302,0.357363611459732,0.0
1629795881561,1.5438286066055298,0.1503414511680603,0.3251626789569855,0.0
1629795881717,1.539215326309204,0.1490155458450317,0.2908744812011719,0.0
1629795881779,1.5098050832748413,0.1570420563220977,0.2638904750347137,0.0
1629795881920,1.452219843864441,0.1565673798322677,0.2500222027301788,0.0
1629795882014,1.3882646560668943,0.1397563368082046,0.2432663738727569,0.0
1629795882110,1.3882646560668943,0.1145428493618965,0.2288393676280975,0.0
1629795882219,1.3882646560668943,0.0936564281582832,0.195405438542366,0.0
1629795882297,1.3882646560668943,0.0824450477957725,0.145418107509613,0.0
1629795882406,1.3882646560668943,0.0723470672965049,0.0966872200369834,0.0
1629795882516,1.3882646560668943,0.0611501410603523,0.0721154138445854,0.0
1629795882594,1.3882646560668943,0.0557023733854293,0.0786107629537582,0.0
1629795882719,1.3882646560668943,0.0645530670881271,0.1025547683238983,0.0
1629795882797,1.3882646560668943,0.0816489458084106,0.1257759630680084,0.0
1629795882953,1.3970706462860107,0.1006017476320266,0.136945828795433,0.0
1629795882984,1.3933254480361938,0.116801306605339,0.1373568475246429,0.0
1629795883128,1.3845772743225098,0.1257597208023071,0.1325651258230209,0.0
1629795883222,1.3845772743225098,0.1238546669483184,0.1287385076284408,0.0
1629795883315,1.3845772743225098,0.1184239536523819,0.1311865150928497,0.0
1629795883409,1.3845772743225098,0.1218773201107978,0.1460210680961609,0.0
1629795883519,1.3845772743225098,0.1339428871870041,0.1769920438528061,0.0
1629795883612,1.3845772743225098,0.1481934189796447,0.2158909887075424,0.0
1629795883768,1.3845772743225098,0.1589908003807068,0.2473600804805755,0.0
1629795883862,1.3845772743225098,0.168594628572464,0.2610206604003906,0.0
1629795883893,1.3845772743225098,0.1791272759437561,0.2560177445411682,0.0
1629795884067,1.3996803760528564,0.1969437003135681,0.2389318943023681,0.0
1629795884099,1.3938249349594116,0.2198111563920974,0.2169931083917617,0.0
1629795884208,1.3852459192276,0.2373316586017608,0.1942057013511657,0.0
1629795884349,1.3884347677230835,0.2443760186433792,0.1741364449262619,0.0
1629795884458,1.410622477531433,0.2495752125978469,0.1625475883483886,0.0
1629795884630,1.4351354837417605,0.2604725360870361,0.1593968719244003,0.0
1629795884645,1.4425534009933472,0.2683209180831909,0.1603129208087921,0.0
1629795884755,1.4318276643753052,0.2706322073936462,0.1592804789543151,0.0
1629795884817,1.411042332649231,0.2726861238479614,0.1543989032506942,0.0
1629795884989,1.3891432285308838,0.2789889276027679,0.1447906047105789,0.0
1629795885052,1.3687337636947632,0.2834661304950714,0.1245161816477775,0.0
1629795885117,1.350326418876648,0.2822770774364471,0.0856518521904945,0.0
1629795885242,1.3262194395065308,0.2833453714847564,0.0296441745012998,0.0
1629795885335,1.302612066268921,0.2910931408405304,-0.0282200500369071,0.0
1629795885476,1.2826849222183228,0.299473762512207,-0.0670328140258789,0.0
1629795885570,1.2634787559509275,0.2977848649024963,-0.0815900638699531,0.0
1629795885663,1.2491575479507446,0.2883077263832092,-0.0789844468235969,0.0
1629795885757,1.2419147491455078,0.2870014905929565,-0.0595127120614051,0.0
1629795885851,1.2261728048324585,0.2888334393501282,-0.0263116024434566,0.0
1629795885960,1.1859186887741089,0.2894160151481628,0.0065616751089692,0.0
1629795886007,1.1197553873062134,0.281443327665329,0.0265710521489381,0.0
1629795886210,1.0530753135681152,0.2729223668575287,0.0319544486701488,0.0
1629795886273,1.0129717588424685,0.2733031213283539,0.0283200778067111,0.0
1629795886335,1.0046303272247314,0.2768218219280243,0.0168431419879198,0.0
1629795886460,1.0095900297164917,0.2693823873996734,-0.010340622626245,0.0
1629795886538,1.290852427482605,0.2569273114204407,-0.0543576329946517,0.0
1629795886679,1.4528728723526,0.2545024752616882,-0.095034122467041,0.0
1629795886788,1.5348477363586426,0.2003167122602462,-0.101167544722557,0.0
1629795886882,1.5669764280319214,0.0988027304410934,-0.0661887824535369,0.0
1629795886960,1.6161866188049316,-0.0224956609308719,-0.0193202476948499,0.0
1629795887085,1.6736208200454712,-0.0823456794023513,0.0134379742667078,0.0
1629795887179,1.7429827451705933,-0.0565286055207252,0.0222921296954154,0.0
1629795887241,1.7429827451705933,0.0216826535761356,0.0060565625317394,0.0
1629795887429,1.7429827451705933,0.0826321765780448,-0.0276766624301671,0.0
1629795887522,1.7429827451705933,0.1440249234437942,-0.0562848336994648,0.0
1629795887616,1.7429827451705933,0.2071618735790252,-0.0537915043532848,0.0
1629795887679,1.7429827451705933,0.2554377615451813,-0.0174474939703941,0.0
1629795887741,1.7429827451705933,0.2784301340579986,0.0295175816863775,0.0
1629795887897,1.6884434223175049,0.2828150689601898,0.0671722218394279,0.0
1629795888022,1.6489787101745603,0.2829294502735138,0.0926662012934684,0.0
1629795888132,1.5632432699203491,0.290242999792099,0.1099072620272636,0.0
1629795888210,1.4659112691879272,0.3010787963867187,0.1168175116181373,0.0
1629795888259,1.40574312210083,0.3274165391921997,0.1097077131271362,0.0
1629795888384,1.4124213457107544,0.3519150018692016,0.0948522686958313,0.0
1629795888493,1.4248464107513428,0.3760264813899994,0.0872049033641815,0.0
1629795888650,1.425360918045044,0.4006382822990417,0.097231388092041,0.0
1629795888712,1.425360918045044,0.4156267642974853,0.1226102262735366,0.0
1629795888790,1.4137688875198364,0.4201304912567138,0.1540315747261047,0.0
1629795888899,1.4062024354934692,0.4199863076210022,0.1830254644155502,0.0
1629795888978,1.403261423110962,0.4211063683032989,0.2006257772445678,0.0
1629795889087,1.4084107875823977,0.4188969433307647,0.2018145769834518,0.0
1629795889212,1.4191608428955078,0.4083377122879028,0.1911118626594543,0.0
1629795889308,1.4284340143203735,0.3919466435909271,0.1828695684671402,0.0
1629795889418,1.4399486780166626,0.3768289983272552,0.194948062300682,0.0
1629795889511,1.4549354314804075,0.3664385080337524,0.2342214584350586,0.0
1629795889605,1.472437024116516,0.3563612401485443,0.2867924571037292,0.0
1629795889668,1.491223692893982,0.3485649228096008,0.336119145154953,0.0
1629795889855,1.5097873210906982,0.3408875167369842,0.3740435540676117,0.0
1629795889933,1.5263150930404663,0.332274854183197,0.3989250659942627,0.0
1629795890060,1.5287930965423584,0.3171559572219848,0.4116089940071106,0.0
1629795890201,1.536163568496704,0.2927035689353943,0.4143416881561279,0.0
1629795890217,1.536163568496704,0.272568941116333,0.4124720990657806,0.0
1629795890279,1.552012920379639,0.2717152535915375,0.4130473434925079,0.0
1629795890420,1.568973422050476,0.2930240333080292,0.4168229401111603,0.0
1629795890513,1.5861740112304688,0.3131968677043915,0.4189270734786987,0.0
1629795890638,1.5995270013809204,0.3177831768989563,0.4171002805233001,0.0
1629795890732,1.6085032224655151,0.3094419538974762,0.4141888320446014,0.0
1629795890826,1.619791030883789,0.3020764887332916,0.4109347462654114,0.0
1629795890904,1.637952446937561,0.3022256791591644,0.4006532728672027,0.0
1629795891029,1.6540013551712036,0.3082441687583923,0.3756735622882843,0.0
1629795891125,1.6198807954788208,0.3132632970809936,0.3390649259090423,0.0
1629795891219,1.5609934329986572,0.3095299303531647,0.3023675382137298,0.0
1629795891328,1.4580228328704834,0.3052300214767456,0.2747805416584015,0.0
1629795891406,1.2853881120681765,0.3133237957954407,0.2558525800704956,0.0
1629795891500,1.239573955535889,0.3346491456031799,0.2432543784379959,0.0
1629795891687,1.2330307960510254,0.3505676090717315,0.2455747723579406,0.0
1629795891750,1.2577861547470093,0.3503599166870117,0.2658431828022003,0.0
1629795891859,1.2886176109313965,0.3355533182621002,0.2896643280982971,0.0
1629795891937,1.3186910152435305,0.3141341209411621,0.3033479452133178,0.0
1629795892016,1.3503307104110718,0.2954274415969848,0.3057227432727813,0.0
1629795892172,1.3794879913330078,0.2856156826019287,0.3046638369560241,0.0
1629795892281,1.394156813621521,0.2868370711803436,0.3098262548446655,0.0
1629795892359,1.3897104263305664,0.2920084595680237,0.3320557177066803,0.0
1629795892469,1.3770660161972046,0.2971643209457397,0.3757090866565704,0.0
1629795892566,1.36789870262146,0.2999248504638672,0.4255396127700805,0.0
1629795892676,1.3592925071716309,0.3046423494815826,0.4615556001663208,0.0
1629795892738,1.3645548820495603,0.3116400837898254,0.4764747023582458,0.0
1629795892863,1.3857916593551636,0.3117786049842834,0.478933721780777,0.0
1629795892957,1.411515235900879,0.2935512959957123,0.4816695749759674,0.0
1629795893066,1.4277580976486206,0.2573060691356659,0.4898665845394134,0.0
1629795893144,1.431768774986267,0.225487932562828,0.498550146818161,0.0
1629795893288,1.4342916011810305,0.2143286913633346,0.5070362687110901,0.0
1629795893366,1.4476784467697144,0.2177708446979522,0.5211628079414368,0.0
1629795893491,1.4659929275512695,0.2107829749584198,0.5438570380210876,0.0
1629795893616,1.4745023250579834,0.1844953894615173,0.5699800252914429,0.0
1629795893663,1.466407299041748,0.148117110133171,0.5900530815124512,0.0
1629795893772,1.4504659175872805,0.1184781193733215,0.5976486206054688,0.0
1629795893881,1.4404959678649902,0.1023539304733276,0.5895428657531738,0.0
1629795893959,1.4366990327835083,0.0882833078503608,0.5644426345825195,0.0
1629795894084,1.4343396425247192,0.0661524683237075,0.5287393927574158,0.0
1629795894196,1.4307411909103394,0.0344872809946537,0.4951616823673248,0.0
1629795894290,1.4250249862670898,0.0057592205703258,0.4732175469398498,0.0
1629795894352,1.415928840637207,-0.0089717479422688,0.4589356780052185,0.0
1629795894493,1.4078192710876465,-0.0007651604828424,0.4426025450229645,0.0
1629795894524,1.408869981765747,0.0284751262515783,0.4192769229412079,0.0
1629795894711,1.4182699918746948,0.0639821663498878,0.3893935084342956,0.0
1629795894852,1.417930245399475,0.0863614529371261,0.3510764539241791,0.0
1629795894914,1.3978897333145142,0.085088811814785,0.3029444217681885,0.0
1629795895008,1.3599480390548706,0.0781375467777252,0.2587715089321136,0.0
1629795895086,1.3196181058883667,0.0951180905103683,0.2449411004781723,0.0
1629795895164,1.297459840774536,0.1408348381519317,0.2687632441520691,0.0
1629795895307,1.3018699884414673,0.1890194118022918,0.3027344346046448,0.0
1629795895432,1.3233859539031982,0.2215173840522766,0.3211545944213867,0.0
1629795895495,1.3518412113189695,0.2390376925468444,0.320621907711029,0.0
1629795895604,1.3779007196426392,0.2517952919006347,0.310901790857315,0.0
1629795895713,1.3966680765151978,0.2633231580257416,0.3008394539356231,0.0
1629795895823,1.406174659729004,0.2714521884918213,0.2960621416568756,0.0
1629795895932,1.406174659729004,0.2777151763439178,0.2987224161624908,0.0
1629795895995,1.406174659729004,0.28280770778656,0.306874006986618,0.0
1629795896151,1.406174659729004,0.2840518951416015,0.3153731524944305,0.0
1629795896198,1.406174659729004,0.279059886932373,0.3200260996818542,0.0
1629795896323,1.406174659729004,0.273782342672348,0.3204015791416168,0.0
1629795896416,1.406174659729004,0.2732928097248077,0.3168667256832123,0.0
1629795896526,1.3093316555023191,0.2697941064834595,0.3005571961402893,0.0
1629795896635,1.3489001989364624,0.2495938837528228,0.2580074369907379,0.0
1629795896729,1.3531233072280884,0.2113399356603622,0.1859936714172363,0.0
1629795896807,1.3317632675170898,0.1679577231407165,0.1037662774324417,0.0
1629795896901,1.3021129369735718,0.1342058181762695,0.0431022606790065,0.0
1629795897010,1.2829800844192505,0.113161876797676,0.0173798985779285,0.0
1629795897186,1.2906930446624756,0.0944879800081253,0.0124890422448515,0.0
1629795897233,1.2906930446624756,0.0762694627046585,0.0175357442349195,0.0
1629795897311,1.2906930446624756,0.0682734027504921,0.0311859305948019,0.0
1629795897454,1.2906930446624756,0.0765893906354904,0.0581849478185176,0.0
1629795897532,1.2906930446624756,0.0932260528206825,0.099546268582344,0.0
1629795897595,1.2906930446624756,0.1130227819085121,0.1502005755901336,0.0
1629795897751,1.3037254810333252,0.1345183998346328,0.1999128460884094,0.0
1629795897829,1.3130075931549072,0.153800755739212,0.2366652488708496,0.0
1629795897954,1.3088579177856443,0.1636761128902435,0.2529638111591339,0.0
1629795898094,1.277807593345642,0.1659705936908722,0.2541978359222412,0.0
1629795898144,1.2234591245651243,0.1719136238098144,0.2562858164310455,0.0
1629795898237,1.204293131828308,0.1833941340446472,0.2749607264995575,0.0
1629795898362,1.258500099182129,0.1999696493148803,0.3094688057899475,0.0
1629795898440,1.3346229791641235,0.2241865396499633,0.3458693921566009,0.0
1629795898581,1.3986109495162964,0.2591640949249267,0.3734859228134155,0.0
1629795898644,1.4334837198257446,0.2969820499420166,0.3917957544326782,0.0
1629795898753,1.4565764665603638,0.3268440365791321,0.4028233587741852,0.0
1629795898847,1.4685864448547363,0.3416008353233337,0.4052571952342987,0.0
1629795899003,1.4704556465148926,0.3400861918926239,0.394197404384613,0.0
1629795899097,1.4704556465148926,0.3271040320396423,0.3682582378387451,0.0
1629795899190,1.4704556465148926,0.3061722218990326,0.3330094218254089,0.0
1629795899253,1.4704556465148926,0.2824913263320923,0.2970830798149109,0.0
1629795899456,1.4704556465148926,0.259870320558548,0.2669325172901153,0.0
1629795899487,1.4704556465148926,0.2448693215847015,0.2454231977462768,0.0
1629795899581,1.4704556465148926,0.2409490495920181,0.2294714003801345,0.0
1629795899659,1.4704556465148926,0.2394556254148483,0.2118071168661117,0.0
1629795899800,1.489990234375,0.2331407070159912,0.1831634938716888,0.0
1629795899846,1.5022060871124268,0.2191384583711624,0.1393793076276779,0.0
1629795899956,1.513747215270996,0.2000934779644012,0.0883697643876075,0.0
1629795900049,1.5243147611618042,0.1744870692491531,0.04531205072999,0.0
1629795900174,1.5243147611618042,0.1459240764379501,0.0200109593570232,0.0
1629795900273,1.5243147611618042,0.1160710901021957,0.0105763971805572,0.0
1629795900367,1.5243147611618042,0.0878019630908966,0.014260409399867,0.0
1629795900501,1.5243147611618042,0.0670537054538726,0.0290489345788955,0.0
1629795900563,1.3449925184249878,0.0579541474580764,0.0466211847960948,0.0
1629795900641,1.3686312437057495,0.0590046942234039,0.0596757046878337,0.0
1629795900829,1.3858356475830078,0.0624375604093074,0.0742210894823074,0.0
1629795900891,1.3858356475830078,0.070056565105915,0.1033062264323234,0.0
1629795900954,1.3858356475830078,0.0822082161903381,0.147489845752716,0.0
1629795901144,1.3858356475830078,0.0958905592560768,0.1942164748907089,0.0
1629795901191,1.3858356475830078,0.0993725433945655,0.2310077548027038,0.0
1629795901316,1.3858356475830078,0.1055151894688606,0.2524706423282623,0.0
1629795901456,1.3858356475830078,0.1174809411168098,0.2603353261947632,0.0
1629795901488,1.3858356475830078,0.3235088586807251,0.2613933980464935,0.0
1629795901581,1.3858356475830078,0.4211155772209167,0.2646557092666626,0.0
1629795901691,1.3858356475830078,0.4568292498588562,0.2729801535606384,0.0
1629795901816,1.4153213500976562,0.4710239171981811,0.2849586904048919,0.0
1629795901878,1.4435434341430664,0.4830127358436584,0.3000629246234894,0.0
1629795902053,1.4435434341430664,0.4938682019710541,0.3183143138885498,0.0
1629795902131,1.4435434341430664,0.501800537109375,0.3400925695896148,0.0
1629795902209,1.4435434341430664,0.5064537525177002,0.3701775372028351,0.0
1629795902303,1.4435434341430664,0.5079169273376465,0.409783273935318,0.0
1629795902490,1.4692132472991943,0.5073866844177246,0.45191290974617,0.0
1629795902537,1.4979887008666992,0.5061034560203552,0.4944623112678528,0.0
1629795902662,1.5075509548187256,0.5004478693008423,0.547998309135437,0.0
1629795902756,1.5122946500778198,0.4761597812175751,0.6138604283332825,0.0
1629795902787,1.5146803855895996,0.4590811133384704,0.6748097538948059,0.0
1629795902881,1.5186418294906616,0.4578350782394409,0.7143234610557556,0.0
1629795903006,1.5286073684692385,0.3917728662490845,0.7303641438484192,0.0
1629795903099,1.5411258935928345,0.3654185533523559,0.7329832911491394,0.0
1629795903224,1.5449787378311155,0.3782014846801758,0.7346504330635071,0.0
1629795903349,1.536136031150818,0.3967809379100799,0.7439740300178528,0.0
1629795903412,1.536136031150818,0.4087987244129181,0.7633411288261414,0.0
1629795903490,1.536136031150818,0.420640766620636,0.7899221181869507,0.0
1629795903599,1.5500000715255735,0.4333067834377289,0.8205395340919495,0.0
1629795903724,1.562899470329285,0.4400570392608642,0.8498088717460632,0.0
1629795903833,1.5672491788864136,0.4400142133235931,0.8715941905975342,0.0
1629795903943,1.562861680984497,0.4372909963130951,0.8858479261398315,0.0
1629795904068,1.5583813190460205,0.4359634220600128,0.9014347791671752,0.0
1629795904115,1.5592238903045654,0.4409708678722381,0.9221683144569396,0.0
1629795904224,1.5623912811279297,0.4522022306919098,0.9103628396987916,0.0
1629795904286,1.5684020519256592,0.4608090221881866,0.8969210982322693,0.0
1629795904427,1.5730973482131958,0.4533426463603973,0.8959260582923889,0.0
1629795904568,1.5730973482131958,0.4281314611434936,0.91532564163208,0.0
1629795904677,1.5730973482131958,0.3977478444576263,0.948733389377594,0.0
1629795904724,1.5730973482131958,0.3770847022533417,0.9848952889442444,0.0
1629795904802,1.5730973482131958,0.3727265894412994,0.9799606800079346,0.0
1629795904911,1.5730973482131958,0.3838474154472351,0.9612335562705994,0.0
1629795905068,1.5730973482131958,0.4092794060707092,0.9286059141159058,0.0
1629795905146,1.5730973482131958,0.4435881972312927,0.8863168358802795,0.0
1629795905273,1.5730973482131958,0.478592187166214,0.8379388451576233,0.0
1629795905352,1.3912960290908811,0.5065856575965881,0.783259928226471,0.0
1629795905461,1.3912960290908811,0.5236866474151611,0.7149245738983154,0.0
1629795905555,1.3912960290908811,0.5301524996757507,0.6030570864677429,0.0
1629795905680,1.3912960290908811,0.5280041694641113,0.3803147375583648,0.0
1629795905789,1.3912960290908811,0.5218326449394226,0.3533920049667358,0.0
1629795905883,1.3912960290908811,0.5166706442832947,0.3351477384567261,0.0
1629795905992,1.3912960290908811,0.5140583515167236,0.3237977623939514,0.0
1629795906054,1.3912960290908811,0.5088913440704346,0.317539781332016,0.0
1629795906164,1.3912960290908811,0.4965676367282867,0.3143893778324127,0.0
1629795906260,1.3912960290908811,0.4807415306568146,0.3115695118904114,0.0
1629795906369,1.462637424468994,0.4692253470420837,0.2941788136959076,0.0
1629795906479,1.5152695178985596,0.4597923755645752,0.2759543061256408,0.0
1629795906573,1.5584149360656738,0.4402272999286651,0.2614240646362304,0.0
1629795906651,1.5642436742782593,0.4053455591201782,0.2419348359107971,0.0
1629795906760,1.5394753217697144,0.365960955619812,0.212671473622322,0.0
1629795906885,1.5047245025634766,0.3346221446990967,0.1832757294178009,0.0
1629795906979,1.4547111988067627,0.3145991265773773,0.1677595525979995,0.0
1629795907075,1.4183907508850098,0.303456574678421,0.1656644493341446,0.0
1629795907184,1.4099268913269043,0.300276517868042,0.1647753268480301,0.0
1629795907294,1.4406784772872925,0.3021252453327179,0.1581087261438369,0.0
1629795907372,1.4915080070495603,0.3042420148849487,0.1451887637376785,0.0
1629795907497,1.4915080070495603,0.3030881285667419,0.1240700110793113,0.0
1629795907606,1.4915080070495603,0.297148734331131,0.0930845215916633,0.0
1629795907700,1.4915080070495603,0.282646119594574,0.0521194264292717,0.0
1629795907747,1.4915080070495603,0.2552939057350158,0.0059639210812747,0.0
1629795907872,1.4691100120544434,0.212482139468193,-0.0398433171212673,0.0
1629795907950,1.4314895868301392,0.1563055515289306,-0.0851508975028991,0.0
1629795908109,1.39838707447052,0.0953290984034538,-0.1328637897968292,0.0
1629795908218,1.3755085468292236,0.0453925244510173,-0.1802483052015304,0.0
1629795908312,1.4032936096191406,0.0176518037915229,-0.2168777883052826,0.0
1629795908405,1.44133722782135,0.0166138745844364,-0.2221935540437698,0.0
1629795908499,1.4908101558685305,0.0380512066185474,-0.1797036528587341,0.0
1629795908608,1.545454025268555,0.0671715810894966,-0.0921092703938484,0.0
1629795908733,1.5851950645446775,0.0848640799522399,0.015063208527863,0.0
1629795908827,1.5851950645446775,0.0786633640527725,0.1119699329137802,0.0
1629795908921,1.5851950645446775,0.0505735464394092,0.1864529997110366,0.0
1629795909030,1.5851950645446775,0.0159750133752822,0.2376536726951599,0.0
1629795909111,1.5851950645446775,-0.0067790243774652,0.2618635594844818,0.0
1629795909205,1.5851950645446775,-0.0057592112571001,0.2907372117042541,0.0
1629795909345,1.5851950645446775,0.0248541608452796,0.3507970869541168,0.0
1629795909455,1.5851950645446775,0.0825644060969352,0.4287277460098266,0.0
1629795909564,1.5851950645446775,0.1485267877578735,0.5048050284385681,0.0
1629795909611,1.5851950645446775,0.2012895494699478,0.5618967413902283,0.0
1629795909736,1.5851950645446775,0.2283677458763122,0.5957499146461487,0.0
1629795909767,1.5851950645446775,0.2279747128486633,0.6117016673088074,0.0
1629795910001,1.5851950645446775,0.2075726836919784,0.6195388436317444,0.0
1629795910048,1.5851950645446775,0.1788181215524673,0.626043975353241,0.0
1629795910161,1.5851950645446775,0.1568113416433334,0.637861430644989,0.0
1629795910255,1.5851950645446775,0.1583981215953827,0.6596443057060242,0.0
1629795910364,1.5851950645446775,0.1823783665895462,0.688903272151947,0.0
1629795910411,1.5851950645446775,0.2123871147632599,0.7181407809257507,0.0
1629795910536,1.5851950645446775,0.236430138349533,0.7406379580497742,0.0
1629795910614,1.5851950645446775,0.2505563199520111,0.7365151047706604,0.0
1629795910723,1.5851950645446775,0.2527035176753998,0.7230062484741211,0.0
1629795910879,1.5851950645446775,0.2404194921255111,0.7108848690986633,0.0
1629795910911,1.5851950645446775,0.2137980014085769,0.6824926137924194,0.0
1629795911036,1.5851950645446775,0.1991727352142334,0.6468355655670166,0.0
1629795911179,1.5851950645446775,0.1656183302402496,0.6272110342979431,0.0
1629795911273,1.5851950645446775,0.1447253227233886,0.6449474096298218,0.0
1629795911366,1.5851950645446775,0.1466798335313797,0.6917204260826111,0.0
1629795911429,1.5851950645446775,0.1665886342525482,0.7389286160469055,0.0
1629795911554,1.5851950645446775,0.190556064248085,0.7675197720527649,0.0
1629795911663,1.5851950645446775,0.2054656744003296,0.7734383344650269,0.0
1629795911788,1.5851950645446775,0.1969382017850875,0.7672086954116821,0.0
1629795911851,1.5851950645446775,0.2363504022359848,0.7495787739753723,0.0
1629795911944,1.5851950645446775,0.2894739210605621,0.7276780009269714,0.0
1629795912085,1.5851950645446775,0.3579909801483154,0.714029848575592,0.0
1629795912179,1.5851950645446775,0.4310083985328674,0.7177512645721436,0.0
1629795912275,1.5851950645446775,0.4994874894618988,0.7407735586166382,0.0
1629795912353,1.5851950645446775,0.5455055832862854,0.7812486290931702,0.0
1629795912494,1.5851950645446775,0.5937171578407288,0.8371793031692505,0.0
1629795912587,1.5851950645446775,0.6233956813812256,0.9027901887893676,0.0
1629795912681,1.5851950645446775,0.5789240002632141,0.9627912640571594,0.0
1629795912759,1.5851950645446775,0.5314413905143738,0.9247189164161682,0.0
1629795912853,1.5851950645446775,0.4997202157974243,0.9247189164161682,0.0
1629795912996,1.5851950645446775,0.5018770098686218,0.9247189164161682,0.0
1629795913090,1.5851950645446775,0.534555196762085,0.9247189164161682,0.0
1629795913183,1.5851950645446775,0.5739006400108337,0.9247189164161682,0.0
1629795913277,1.5851950645446775,0.5974859595298767,0.9247189164161682,0.0
1629795913371,1.5851950645446775,0.6024683713912964,0.9247189164161682,0.0
1629795913480,1.5851950645446775,0.5854851603507996,0.9247189164161682,0.0
1629795913574,1.5851950645446775,0.5584142804145813,0.9247189164161682,0.0
1629795913730,1.5851950645446775,0.5335184931755066,0.9247189164161682,0.0
1629795913761,1.5851950645446775,0.5144370794296265,0.9247189164161682,0.0
1629795913902,1.5851950645446775,0.5093778967857361,0.9247189164161682,0.0
1629795913980,1.5851950645446775,0.5004556179046631,0.9247189164161682,0.0
1629795914045,1.5851950645446775,0.4856486618518829,0.5732622742652893,0.0
1629795914185,1.5851950645446775,0.4790411591529846,0.5427045822143555,0.0
1629795914310,1.5851950645446775,0.4770177006721496,0.4962151646614074,0.0
1629795914373,1.5851950645446775,0.4696208238601684,0.4630137681961059,0.0
1629795914513,1.5851950645446775,0.4432352185249328,0.4303407669067383,0.0
1629795914607,1.5851950645446775,0.3889320194721222,0.3975334167480469,0.0
1629795914701,1.5851950645446775,0.3113492429256439,0.3640371561050415,0.0
1629795914810,1.5851950645446775,0.2367801964282989,0.3316313922405243,0.0
1629795914904,1.5851950645446775,0.1981073021888733,0.3000799715518951,0.0
1629795914998,1.5851950645446775,0.200050339102745,0.2699983119964599,0.0
1629795915125,1.5851950645446775,0.2144410461187362,0.2426449358463287,0.0
1629795915218,1.5851950645446775,0.2151776701211929,0.2201642543077469,0.0
1629795915312,1.5851950645446775,0.2000485509634018,0.2065716236829757,0.0
1629795915421,1.5851950645446775,0.18467877805233,0.1595712006092071,0.0
1629795915500,1.5851950645446775,0.1889265775680542,0.1285002082586288,0.0
1629795915593,1.5851950645446775,0.2179535031318664,0.1286733299493789,0.0
1629795915718,1.5851950645446775,0.2549136877059936,0.1490023136138916,0.0
1629795915781,1.5851950645446775,0.2828051447868347,0.1653390973806381,0.0
1629795915921,1.5851950645446775,0.2964988946914673,0.1592081487178802,0.0
1629795916031,1.5851950645446775,0.2999789714813232,0.1594850271940231,0.0
1629795916160,1.5851950645446775,0.2988187074661255,0.1673837304115295,0.0
1629795916269,1.5851950645446775,0.2949641048908233,0.1724420338869094,0.0
1629795916300,1.5851950645446775,0.285286009311676,0.1876915544271469,0.0
1629795916378,1.5851950645446775,0.2672705054283142,0.2137694358825683,0.0
1629795916472,1.5851950645446775,0.2429939359426498,0.2254666835069656,0.0
1629795916691,1.5851950645446775,0.2213815599679947,0.2270699292421341,0.0
1629795916722,1.5851950645446775,0.2104309797286987,0.2200474590063095,0.0
1629795916909,1.5851950645446775,0.2072248607873916,0.2020875513553619,0.0
1629795916956,1.0085443258285522,0.1987731754779815,0.1660278588533401,0.0
1629795917050,1.0342422723770142,0.1728925108909607,0.1009069606661796,0.0
1629795917097,1.0730156898498535,0.1271727681159973,-0.0023645674809813,0.0
1629795917237,1.0730156898498535,0.076779693365097,-0.1418737024068832,0.0
1629795917378,1.0730156898498535,0.0567164048552513,-0.2809891104698181,0.0
1629795917425,1.0730156898498535,0.0955833569169044,-0.2326529771089553,0.0
1629795917503,1.0730156898498535,0.1727499365806579,-0.1680703461170196,0.0
1629795917675,1.0730156898498535,0.2427383959293365,-0.1048356220126152,0.0
1629795917722,1.0730156898498535,0.2826021611690521,-0.0628868043422699,0.0
1629795917893,1.0730156898498535,0.2960465252399444,-0.0452861338853836,0.0
1629795918003,1.0730156898498535,0.2994705736637115,-0.0319892726838588,0.0
1629795918065,1.0730156898498535,0.3048196136951446,-0.0302387587726116,0.0
1629795918159,1.0995268821716309,0.3110219538211822,-0.0224314946681261,0.0
1629795918271,1.1246839761734009,0.3139011859893799,-0.0102333249524235,0.0
1629795918349,1.1246839761734009,0.3124286830425262,0.0040075695142149,0.0
1629795918474,1.1246839761734009,0.3081850111484527,0.0199636742472648,0.0
1629795918599,1.1246839761734009,0.3030861616134643,0.0368466116487979,0.0
1629795918661,1.1246839761734009,0.2972415685653686,0.0511723458766937,0.0
1629795918786,1.1246839761734009,0.2880313992500305,0.0592464506626129,1.304927110671997
1629795918818,0.2403859943151474,0.2665197551250458,0.0560914240777492,1.334910273551941
1629795918958,0.2945177555084228,0.220551386475563,0.0372018665075302,1.365131139755249
1629795919055,0.3528559803962707,0.1460092067718505,0.0050284909084439,1.3977235555648804
1629795919211,0.3528559803962707,0.0632772520184516,-0.0286503043025732,1.3977235555648804
1629795919258,0.3528559803962707,0.0228225234895944,-0.0424983315169811,1.3977235555648804
1629795919398,0.3528559803962707,0.0909237265586853,-0.0131507804617285,1.3977235555648804
1629795919461,0.3528559803962707,0.260610818862915,0.061804462224245,1.3977235555648804
1629795919539,0.3528559803962707,0.4427742063999176,0.1523347496986389,1.3977235555648804
1629795919679,0.3528559803962707,0.5797739624977112,0.2257593721151352,1.3977235555648804
1629795919789,0.3528559803962707,0.659342885017395,0.2680264115333557,1.3977235555648804
1629795919867,0.3528559803962707,0.6931208968162537,0.2833897173404693,1.3977235555648804
1629795919976,0.3528559803962707,0.7021450400352478,0.2854304313659668,1.43205726146698
1629795920057,0.3764389455318451,0.7038030624389648,0.2837370634078979,1.4595518112182615
1629795920182,0.4138938784599304,0.704807698726654,0.2808811068534851,1.4785586595535278
1629795920292,0.4138938784599304,0.7068689465522766,0.2768657803535461,1.4785586595535278
1629795920401,0.4138938784599304,0.7097632884979248,0.2731025516986847,1.4785586595535278
1629795920463,0.4138938784599304,0.7125909328460693,0.2705476582050323,1.4785586595535278
1629795920620,0.4138938784599304,0.7140283584594727,0.2671429216861725,1.4785586595535278
1629795920698,0.4138938784599304,0.7128713726997375,0.2594434320926666,1.645024299621582
1629795920807,0.4138938784599304,0.7064194083213806,0.2433429956436157,1.6669031381607056
1629795920963,0.4138938784599304,0.6832026839256287,0.2104883641004562,1.6608624458312988
1629795921026,0.4138938784599304,0.6212960481643677,0.1481870263814926,1.638104796409607
1629795921138,0.4138938784599304,0.4999147355556488,0.0504051782190799,1.638104796409607
1629795921185,0.4138938784599304,0.3101317882537842,-0.068623699247837,1.638104796409607
1629795921278,0.4138938784599304,0.0740586519241333,-0.169126346707344,1.5959964990615845
1629795921372,0.4138938784599304,-0.1297453045845031,-0.2176835685968399,1.5959964990615845
1629795921528,0.4138938784599304,-0.2307114750146865,-0.2229250222444534,1.5959964990615845
1629795921591,0.4138938784599304,-0.2655344903469085,-0.1946828216314315,1.5959964990615845
1629795921716,0.4138938784599304,-0.2788756489753723,-0.1298424899578094,1.5959964990615845
1629795921794,0.4138938784599304,-0.2835327386856079,-0.0298203025013208,1.5959964990615845
1629795921903,0.4138938784599304,-0.2775404453277588,0.0872607231140136,1.6098153591156006
1629795921981,0.4138938784599304,-0.2651550471782684,0.1957794725894928,1.615010142326355
1629795922106,0.4138938784599304,-0.2561550140380859,0.2772812843322754,1.5967485904693604
1629795922218,0.4138938784599304,-0.2583072185516357,0.3246801793575287,1.54072105884552
1629795922312,0.4138938784599304,-0.268993616104126,0.3427454531192779,1.54072105884552
1629795922436,0.4138938784599304,-0.2793871760368347,0.3453680276870727,1.54072105884552
1629795922546,0.4138938784599304,-0.2838360965251922,0.3444817662239074,1.54072105884552
1629795922593,0.4138938784599304,-0.2810083329677582,0.3446478843688965,1.54072105884552
1629795922718,0.4138938784599304,-0.2723058462142944,0.346107929944992,1.54072105884552
1629795922811,0.4138938784599304,-0.2597523629665375,0.3474592268466949,1.54072105884552
1629795922921,0.4138938784599304,-0.2398988008499145,0.3497329354286194,1.54072105884552
1629795923030,0.4138938784599304,-0.2046891003847122,0.3554297089576721,1.54072105884552
1629795923124,0.4138938784599304,-0.1528664827346801,0.3607676327228546,1.54072105884552
1629795923252,0.4138938784599304,-0.0931319370865821,0.3559827804565429,1.54072105884552
1629795923361,0.4138938784599304,-0.0420868918299675,0.3294589221477508,1.54072105884552
1629795923439,0.4138938784599304,-0.0113798966631293,0.2722241878509521,1.54072105884552
1629795923517,0.4138938784599304,-4.9024500185623765e-05,0.1859559714794159,1.54072105884552
1629795923611,0.4138938784599304,0.0023037891369313,0.0908239856362342,1.54072105884552
1629795923720,0.4138938784599304,0.0070629906840622,0.0286469440907239,1.54072105884552
1629795923814,0.4138938784599304,0.0173780899494886,0.0290843676775693,1.54072105884552
1629795923954,0.4138938784599304,0.03052076138556,0.0677400156855583,1.54072105884552
1629795924064,0.4138938784599304,0.0457791723310947,0.1068466380238533,1.54072105884552
1629795924189,0.4138938784599304,0.0617262385785579,0.1305431127548217,1.54072105884552
1629795924220,0.4138938784599304,0.0724333524703979,0.1375226825475692,1.54072105884552
1629795924317,0.4138938784599304,0.0750071033835411,0.1351387798786163,1.54072105884552
1629795924410,0.4138938784599304,0.0724415853619575,0.1299429088830948,1.54072105884552
1629795924582,0.4138938784599304,0.0709973722696304,0.1340382844209671,1.54072105884552
1629795924707,0.4138938784599304,0.059571873396635,0.1259522885084152,1.54072105884552
1629795924770,0.4138938784599304,0.0331828743219375,0.1137757524847984,1.54072105884552
1629795924863,0.4138938784599304,-0.0067235068418085,0.112253338098526,1.54072105884552
1629795924941,0.4138938784599304,-0.0505296923220157,0.1297315061092376,1.54072105884552
1629795925071,1.007769227027893,-0.0855888724327087,0.1584205627441406,1.54072105884552
1629795925195,1.007769227027893,-0.1050947681069374,0.1836128383874893,1.54072105884552
1629795925307,1.007769227027893,-0.1108152866363525,0.1903770416975021,1.54072105884552
1629795925370,1.007769227027893,-0.1068505123257637,0.1649100482463836,1.54072105884552
1629795925448,1.007769227027893,-0.0962319746613502,0.0970904529094696,1.54072105884552
1629795925557,1.007769227027893,-0.087458349764347,-0.0154129322618246,1.54072105884552
1629795925635,1.007769227027893,-0.0901168435811996,-0.0154129322618246,1.54072105884552
1629795925807,1.007769227027893,-0.0901168435811996,-0.0154129322618246,1.54072105884552
1629795925854,1.007769227027893,-0.0901168435811996,-0.0154129322618246,1.54072105884552
1629795925995,1.007769227027893,-0.0901168435811996,-0.0154129322618246,1.54072105884552
1629795926090,1.007769227027893,-0.0901168435811996,-0.0154129322618246,1.54072105884552
1629795926121,1.007769227027893,-0.0901168435811996,-0.0154129322618246,1.54072105884552
1629795926231,1.007769227027893,0.7307238578796387,-0.0154129322618246,1.54072105884552
1629795926371,1.007769227027893,0.6536641716957092,-0.0154129322618246,1.54072105884552
1629795926465,1.007769227027893,0.5851655602455139,-0.0154129322618246,1.54072105884552
1629795926606,1.007769227027893,0.5244411826133728,-0.0154129322618246,1.54072105884552
1629795926715,1.007769227027893,0.4719951748847961,-0.0154129322618246,1.54072105884552
1629795926793,1.007769227027893,0.4290288984775543,-0.0154129322618246,1.54072105884552
1629795926871,1.007769227027893,0.3940862119197845,-0.0154129322618246,1.54072105884552
1629795926996,0.4794076979160309,0.3648340106010437,-0.0154129322618246,1.54072105884552
1629795927137,0.4354580342769623,0.3397777676582336,-0.0154129322618246,1.54072105884552
1629795927168,0.3905259966850281,0.3185858428478241,-0.0154129322618246,1.54072105884552
1629795927277,0.3645094037055969,0.3010075390338897,-0.0154129322618246,1.54072105884552
1629795927355,0.3592810928821563,0.2856684029102325,-0.0154129322618246,1.54072105884552
1629795927480,0.3648707866668701,0.1127312704920768,-0.0154129322618246,1.54072105884552
1629795927590,0.3750680387020111,-0.0330986157059669,-0.0154129322618246,1.54072105884552
1629795927683,0.3750680387020111,-0.1156762093305587,-0.0654879808425903,1.54072105884552
1629795927807,0.3750680387020111,-0.1488702595233917,-0.026585929095745,1.54072105884552
1629795927886,0.3750680387020111,-0.153207242488861,-0.0088215144351124,1.54072105884552
1629795928012,0.3750680387020111,-0.1393533498048782,-0.0129345133900642,1.54072105884552
1629795928090,0.3750680387020111,-0.1205215826630592,-0.0297680590301752,1.54072105884552
1629795928247,0.3695746660232544,-0.1035119816660881,-0.0505924746394157,1.54072105884552
1629795928309,0.3456345200538635,-0.0892584472894668,-0.0716404393315315,1.54072105884552
1629795928415,0.3098008334636688,-0.0720936805009841,-0.088791899383068,1.54072105884552
1629795928495,0.2883278131484985,-0.0461525507271289,-0.0865884870290756,1.54072105884552
1629795928622,0.3049030900001526,-0.0100696831941604,-0.0522496439516544,1.54072105884552
1629795928684,0.3507977724075317,0.0286836121231317,0.001334233325906,1.54072105884552
1629795928840,0.3507977724075317,0.0585360266268253,0.0464118272066116,1.54072105884552
1629795928936,0.3507977724075317,0.0730467662215232,0.07802015542984,1.54072105884552
1629795929030,0.3507977724075317,0.0738493129611015,0.087978720664978,1.54072105884552
1629795929083,0.3507977724075317,0.0692165568470954,0.0816277116537094,1.54072105884552
1629795929226,0.3507977724075317,0.0661176145076751,0.0644346252083778,1.54072105884552
1629795929304,0.3507977724075317,0.0662130117416381,0.0404718816280365,1.54072105884552
1629795929480,0.3507977724075317,0.0688512548804283,0.0165878888219594,1.54072105884552
1629795929510,0.3507977724075317,0.0720426887273788,-0.0016718100523576,1.54072105884552
1629795929629,0.3507977724075317,0.073229506611824,-0.0134124793112277,1.54072105884552
1629795929739,0.3507977724075317,0.0692656114697456,-0.0203338116407394,1.54072105884552
1629795929848,0.6747508645057678,0.0573742054402828,-0.0193097740411758,1.323978066444397
1629795929879,0.6307610273361206,0.0357274338603019,-0.0095755271613597,1.3026849031448364
1629795930053,0.6000455021858215,0.0019653376657515,-0.0042198239825665,1.2942920923233032
1629795930147,0.5871776938438416,-0.0481846295297145,-0.0232665576040744,1.3005750179290771
1629795930225,0.5852862596511841,-0.1132016032934188,-0.0766766741871833,1.3162596225738523
1629795930319,0.5852862596511841,-0.1773571223020553,-0.1516169309616089,1.3312770128250122
1629795930413,0.5852862596511841,-0.2159669250249862,-0.2143318057060241,1.3412328958511353
1629795930491,0.5852862596511841,-0.215979054570198,-0.2359907925128936,1.3487908840179443
1629795930631,0.5852862596511841,-0.1952049285173416,-0.2207861989736557,1.3487908840179443
1629795930725,0.5852862596511841,-0.1815846711397171,-0.1919093877077102,1.3487908840179443
1629795930881,0.5852862596511841,-0.1826267093420028,-0.1630108803510666,1.3487908840179443
1629795930928,0.5852862596511841,-0.1824239194393158,-0.1390532404184341,1.3487908840179443
1629795931040,0.5440828204154968,-0.1541704535484314,-0.11499734967947,1.3518720865249634
1629795931180,0.5073645710945129,-0.0934234485030174,-0.0833039805293083,1.349294662475586
1629795931259,0.4787233471870422,-0.0234347488731145,-0.0412349328398704,1.3503437042236328
1629795931337,0.4724797308444977,0.0355473533272743,0.0180114656686782,1.3865379095077517
1629795931430,0.4724797308444977,0.0804090574383735,0.0942267328500747,1.431559920310974
1629795931571,0.4724797308444977,0.1177365854382515,0.1762031614780426,1.4698303937911987
1629795931633,0.4724797308444977,0.1517364233732223,0.2480989098548889,1.4931671619415283
1629795931743,0.4724797308444977,0.180337369441986,0.3048970699310303,1.5001249313354492
1629795931883,0.8497233390808105,0.2001975178718567,0.3515723943710327,1.4960511922836304
1629795932073,0.8618026375770569,0.2130586355924606,0.4043844938278198,1.4891897439956665
1629795932120,0.92837655544281,0.222842127084732,0.4699516594409942,1.4984804391860962
1629795932167,1.0083415508270264,0.2315574586391449,0.5365157723426819,1.4984804391860962
1629795932261,1.0642151832580566,0.2401794642210006,0.5885658264160156,1.4984804391860962
1629795932346,1.0642151832580566,0.2462446242570877,0.618083119392395,1.4984804391860962
1629795932471,1.0642151832580566,0.2448478192090988,0.6282393336296082,1.4984804391860962
1629795932568,1.0642151832580566,0.2298771888017654,0.6274945735931396,1.4657307863235474
1629795932677,1.0642151832580566,0.1985019892454147,0.6219274997711182,1.4657307863235474
1629795932771,1.0642151832580566,0.1563215553760528,0.6126120686531067,1.4657307863235474
1629795932864,1.0642151832580566,0.1152287051081657,0.596932053565979,1.4563738107681274
1629795932974,1.0642151832580566,0.0826867073774337,0.5752736330032349,1.4337233304977417
1629795933102,1.0858120918273926,0.055920023471117,0.5576931834220886,1.3986506462097168
1629795933195,1.1087584495544434,0.0288283806294202,0.5570074915885925,1.3544704914093018
1629795933258,1.14704430103302,0.0016573609318584,0.5706084370613098,1.3544704914093018
1629795933383,1.2071516513824463,-0.0203912984579801,0.5814636945724487,1.3544704914093018
1629795933508,1.2071516513824463,-0.0380485877394676,0.5690474510192871,1.3544704914093018
1629795933585,1.2071516513824463,-0.0571280494332313,0.5239338278770447,1.3544704914093018
1629795933726,1.2071516513824463,-0.077112503349781,0.4519857764244079,1.3544704914093018
1629795933789,1.2071516513824463,-0.094525508582592,0.3726612329483032,1.3544704914093018
1629795933913,1.2071516513824463,-0.1076527461409568,0.3145160377025604,1.3544704914093018
1629795933991,1.2071516513824463,-0.1221657246351242,0.2924696505069732,1.3544704914093018
1629795934085,1.2071516513824463,-0.1429362446069717,0.2937551736831665,1.3544704914093018
1629795934168,1.2071516513824463,-0.165571853518486,0.300388753414154,1.3544704914093018
1629795934371,1.2071516513824463,-0.1846451014280319,0.3062995076179504,0.9356937408447266
1629795934449,0.5674638748168945,-0.2027969658374786,0.3090057969093323,0.9368433952331544
1629795934511,0.5674638748168945,-0.2257760018110275,0.3019615411758423,0.9368433952331544
1629795934621,0.5674638748168945,-0.2494967579841613,0.2698310613632202,0.9368433952331544
1629795934699,0.5674638748168945,-0.2368645220994949,0.2002114057540893,0.9368433952331544
1629795934777,0.5674638748168945,-0.1354197561740875,0.1050850450992584,0.9368433952331544
1629795934933,0.5674638748168945,0.0301682334393262,0.0320302546024322,0.9368433952331544
1629795935027,0.5674638748168945,0.1842618733644485,0.0230064988136291,0.9368433952331544
1629795935105,0.5674638748168945,0.2882883250713348,0.0549324601888656,0.9368433952331544
1629795935170,0.5674638748168945,0.3394953608512878,0.0818179622292518,0.9368433952331544
1629795935311,0.5674638748168945,0.3545934855937958,0.0911599174141883,0.9368433952331544
1629795935389,0.5674638748168945,0.3544207215309143,0.0913908556103706,0.9368433952331544
1629795935530,0.5674638748168945,0.3526633977890014,0.0866077914834022,0.9242337942123412
1629795935623,0.5674638748168945,0.3540314435958862,0.0785881876945495,0.9242337942123412
1629795935748,0.5674638748168945,0.358359545469284,0.0698492974042892,0.9242337942123412
1629795935842,0.5674638748168945,0.3648326396942138,0.063583992421627,0.9242337942123412
1629795935936,0.5674638748168945,0.3732045292854309,0.0621151849627494,0.9242337942123412
1629795936014,0.5674638748168945,0.383250892162323,0.0659625753760337,0.9242337942123412
1629795936139,0.358463317155838,0.3927986919879913,0.0724588707089424,1.139790654182434
1629795936267,0.4815172851085663,0.3940004110336303,0.0749626904726028,1.2344180345535278
1629795936344,0.5743484497070312,0.3707033991813659,0.0602949038147926,1.3140639066696167
1629795936446,0.6336033940315247,0.3063921332359314,0.0184084828943014,1.3639822006225586
1629795936539,0.6336033940315247,0.1976511478424072,-0.0438177511096,1.3835179805755615
1629795936617,0.6336033940315247,0.0683611705899238,-0.0977914705872535,1.3857245445251465
1629795936742,0.6336033940315247,-0.0234034527093172,-0.1131720766425132,1.3857245445251465
1629795936852,0.6336033940315247,-0.0414695106446743,-0.0920763909816742,1.3857245445251465
1629795936945,0.6336033940315247,-0.016545845195651,-0.0601716637611389,1.3857245445251465
1629795937071,0.6336033940315247,0.0124701494351029,-0.0318929255008697,1.3857245445251465
1629795937102,0.6336033940315247,0.0319486074149608,-0.0091573158279061,1.3857245445251465
1629795937227,0.6336033940315247,0.0410248897969722,0.0117584317922592,1.3857245445251465
1629795937371,0.6889039278030396,0.0403271168470382,0.0324485003948211,1.412825345993042
1629795937480,0.7464892864227295,0.0312851294875144,0.0513254925608634,1.4495476484298706
1629795937574,0.8002182841300964,0.0187156219035387,0.0639112964272499,1.4872088432312012
1629795937621,0.8002182841300964,0.0086826365441083,0.0668510347604751,1.5147358179092407
1629795937792,0.8002182841300964,0.00350694777444,0.0615352280437946,1.508084058761597
1629795937808,0.8002182841300964,0.0032420642673969,0.0551825575530529,1.4687985181808472
1629795937996,0.8002182841300964,0.0090632000938057,0.0503645800054073,1.4245325326919556
1629795938092,0.8002182841300964,0.0237514562904834,0.0433434136211872,1.3899147510528564
1629795938155,0.8002182841300964,0.0436753258109092,0.0287629347294569,1.3573230504989624
1629795938264,0.8002182841300964,0.057149451225996,0.0080318516120314,1.3208163976669312
1629795938358,0.8002182841300964,0.0585259869694709,-0.0033936311956495,1.2907984256744385
1629795938467,0.8002182841300964,0.0521957650780677,0.0185809582471847,1.2907984256744385
1629795938623,0.8002182841300964,0.0455224998295307,0.0840938612818718,1.2907984256744385
1629795938670,0.8002182841300964,0.0405768565833568,0.1714286357164383,1.2907984256744385
1629795938764,0.8002182841300964,0.0359537936747074,0.2490971088409423,1.3023940324783323
1629795938826,0.8002182841300964,0.032555665820837,0.3011419475078583,1.3067774772644043
1629795938967,0.8002182841300964,0.0314313136041164,0.3274153769016266,1.3036565780639648
1629795939013,0.8002182841300964,0.029748186469078,0.3355255126953125,1.3008661270141602
1629795939188,0.8002182841300964,0.0234830938279628,0.334313303232193,1.3038166761398315
1629795939329,0.8002182841300964,0.0131463892757892,0.3298889100551605,1.296514868736267
1629795939360,0.8002182841300964,0.0025571451988071,0.3248240947723388,1.30328631401062
1629795939454,0.8002182841300964,-0.006999930832535,0.3217513263225555,1.3226535320281982
1629795939579,0.8002182841300964,-0.0217989217489957,0.3214715123176574,1.357331156730652
1629795939641,0.8002182841300964,-0.049314234405756,0.3229587078094482,1.3986016511917114
1629795939829,0.8002182841300964,-0.0896011218428611,0.3243740200996399,1.4370626211166382
1629795939876,1.397851824760437,-0.1375125795602798,0.3207383453845978,1.4819093942642212
1629795940001,1.4410767555236816,-0.1836909502744674,0.3041658401489258,1.5354715585708618
1629795940145,1.52294659614563,-0.2183987200260162,0.2644467055797577,1.6113303899765017
1629795940207,1.52294659614563,-0.2304517179727554,0.1954450011253357,1.6761276721954346
1629795940270,1.52294659614563,-0.2187379002571106,0.1019438803195953,1.6913398504257202
1629795940379,1.52294659614563,-0.1960775703191757,0.0018818042008206,1.709475040435791
1629795940504,1.52294659614563,-0.179548978805542,-0.0789950489997863,1.7317895889282229
1629795940629,1.52294659614563,-0.1771115362644195,-0.1209372654557228,1.7568402290344238
1629795940676,1.52294659614563,-0.1881987899541854,-0.1271212548017501,1.7830222845077517
1629795940817,1.52294659614563,-0.207420527935028,-0.113587200641632,1.81119441986084
1629795940910,1.4593305587768557,-0.228792667388916,-0.0938459187746048,1.8071755170822144
1629795941035,1.4117193222045898,-0.2458515912294387,-0.074229896068573,1.7961469888687134
1629795941132,1.3589320182800293,-0.249501034617424,-0.049605805426836,1.7760226726531982
1629795941210,1.2904633283615112,-0.2343344539403915,-0.012944171205163,1.752307415008545
1629795941304,1.2467200756072998,-0.2041242122650146,0.0329418070614337,1.7312034368515017
1629795941429,1.229690670967102,-0.1664180904626846,0.0738238394260406,1.7023717164993286
1629795941460,1.1288236379623413,-0.128330796957016,0.0963679701089859,1.6317102909088137
1629795941663,0.5738199353218079,-0.0945140719413757,0.0991571396589279,1.478953838348389
1629795941710,0.5738199353218079,-0.0729613900184631,0.0919317603111267,1.1968330144882202
1629795941819,0.5738199353218079,-0.0684501901268959,0.0861307606101036,1.1762615442276
1629795941944,0.5738199353218079,-0.0770518407225608,0.0888853967189788,1.1543670892715454
1629795941976,0.5738199353218079,-0.0859879255294799,0.0980762019753456,1.1342107057571411
1629795942135,0.5738199353218079,-0.0865893140435218,0.1075393334031105,1.120533108711243
1629795942244,0.5738199353218079,-0.0799555033445358,0.1126467809081077,1.1152706146240234
1629795942338,0.5307841897010803,-0.0739229321479797,0.1125024184584617,1.1153379678726196
1629795942416,0.5344230532646179,-0.073344737291336,0.1091551333665847,1.0937893390655518
1629795942541,0.5477026104927063,-0.0798621177673339,0.1049844250082969,1.0694488286972046
1629795942603,0.5673757791519165,-0.0946515873074531,0.0962636247277259,1.0451735258102417
1629795942697,0.5512230396270752,-0.1168870031833648,0.0738372206687927,1.0338300466537476
1629795942869,0.3362437188625335,-0.1435002833604812,0.0300023145973682,1.0192720890045166
1629795942931,0.3362437188625335,-0.1714723855257034,-0.0295657236129045,1.0006217956542969
1629795943072,0.3362437188625335,-0.1998612731695175,-0.0818082317709922,0.9846612811088562
1629795943087,0.3362437188625335,-0.2290581613779068,-0.1016784682869911,0.9753286838531494
1629795943200,0.3362437188625335,-0.2539455890655517,-0.0902296602725982,0.9727447032928468
1629795943310,0.3362437188625335,-0.2690415680408478,-0.0696661919355392,0.9781266450881958
1629795943419,0.3362437188625335,-0.2729631960391998,-0.0588899292051792,0.9948820471763612
1629795943559,0.3362437188625335,-0.2719021439552307,-0.0608852803707122,1.0189549922943115
1629795943622,0.3362437188625335,-0.2686347067356109,-0.0699459239840507,1.037789225578308
1629795943794,0.3362437188625335,-0.2620263397693634,-0.0794041454792022,1.037150740623474
1629795943825,0.3362437188625335,-0.2475908547639846,-0.0869817212224006,1.037150740623474
1629795943903,0.3362437188625335,-0.2232309728860855,-0.0949410870671272,1.037150740623474
1629795944091,0.3362437188625335,-0.1945095956325531,-0.1053569242358207,1.037150740623474
1629795944184,0.3362437188625335,-0.1660693883895874,-0.1148364320397377,1.037150740623474
1629795944247,0.3362437188625335,-0.1380662769079208,-0.1158124879002571,0.9919678568840028
1629795944340,0.3362437188625335,-0.1105077564716339,-0.1075194999575614,0.9589225053787231
1629795944434,0.3362437188625335,-0.0879224464297294,-0.0986816212534904,0.9589225053787231
1629795944512,0.3362437188625335,-0.0758828148245811,-0.0988500341773033,0.9589225053787231
1629795944653,0.3362437188625335,-0.0762397721409797,-0.108329489827156,0.9589225053787231
1629795944778,0.3362437188625335,-0.0852214619517326,-0.1169588714838028,0.9589225053787231
1629795944856,0.3362437188625335,-0.0965196266770362,-0.1159298792481422,0.9589225053787231
1629795945012,0.3362437188625335,-0.107924111187458,-0.1052775233983993,0.9589225053787231
1629795945043,0.3362437188625335,-0.1196219623088836,-0.0901404321193695,0.9589225053787231
1629795945137,0.3362437188625335,-0.1337999701499939,-0.072322629392147,0.9589225053787231
1629795945296,0.3362437188625335,-0.1505993008613586,-0.0505980066955089,0.9589225053787231
1629795945359,0.3362437188625335,-0.1700046062469482,-0.0302748885005712,0.9589225053787231
1629795945468,0.3362437188625335,-0.1957752555608749,-0.0190753061324358,0.9013366103172302
1629795945562,0.3362437188625335,-0.230800524353981,-0.021094799041748,0.8399950265884399
1629795945640,0.3362437188625335,-0.2768161296844482,-0.0347493775188922,0.8621905446052551
1629795945749,0.3362437188625335,-0.3324045538902282,-0.0550486296415329,0.9802542328834534
1629795945890,0.3362437188625335,-0.3852364420890808,-0.0736313313245773,0.9802542328834534
1629795945999,0.3362437188625335,-0.414363831281662,-0.0810295194387435,0.9802542328834534
1629795946127,0.3362437188625335,-0.4059573709964752,-0.0717947259545326,0.9802542328834534
1629795946158,0.3362437188625335,-0.3659660220146179,-0.0529327243566513,0.9802542328834534
1629795946299,0.3362437188625335,-0.3184902667999267,-0.0405677743256092,0.9802542328834534
1629795946346,0.3362437188625335,-0.2807876765727997,-0.0455470383167266,0.9802542328834534
1629795946502,0.3362437188625335,-0.2557365298271179,-0.0669059678912162,0.9802542328834534
1629795946580,0.3362437188625335,-0.2367313504219055,-0.096920371055603,0.9802542328834534
1629795946689,0.3362437188625335,-0.2131053805351257,-0.131813958287239,0.9802542328834534
1629795946799,0.3362437188625335,-0.1808500587940216,-0.1740089803934097,0.9802542328834534
1629795946877,0.3362437188625335,-0.146420732140541,-0.2198971956968307,0.9802542328834534
1629795947002,0.3362437188625335,-0.1171991676092147,-0.2574236392974853,0.9802542328834534
1629795947098,0.3362437188625335,-0.0975159034132957,-0.2765786647796631,0.9802542328834534
1629795947191,0.3362437188625335,-0.0872566998004913,-0.2752068638801574,0.9802542328834534
1629795947316,0.3362437188625335,-0.0851387605071067,-0.2522377967834472,0.9802542328834534
1629795947379,0.3362437188625335,-0.0927367135882377,-0.211100623011589,1.3521078824996948
1629795947488,0.3362437188625335,-0.1122034788131713,-0.1651532351970672,1.3521078824996948
1629795947551,0.3362437188625335,-0.1418889313936233,-0.1266551613807678,1.3521078824996948
1629795947691,0.3362437188625335,-0.1731436401605606,-0.0921306163072586,1.3521078824996948
1629795947816,0.3362437188625335,-0.1946083158254623,-0.0492728129029274,1.3521078824996948
1629795947910,0.3362437188625335,-0.2035041898488998,0.005438829306513,1.3521078824996948
1629795948004,0.3362437188625335,-0.2080642133951187,0.0641760379076004,1.3521078824996948
1629795948147,0.3362437188625335,-0.2179269194602966,0.1172004118561744,1.3521078824996948
1629795948209,0.3362437188625335,-0.2381581962108612,0.1593743413686752,1.3521078824996948
1629795948318,0.3362437188625335,-0.2673321366310119,0.1902481615543365,1.3521078824996948
1629795948397,0.3362437188625335,-0.2994434833526611,0.2106248885393142,1.3521078824996948
1629795948553,0.3362437188625335,-0.3301069736480713,0.2226403802633285,1.3521078824996948
1629795948600,0.3362437188625335,-0.3543670773506164,0.2288694679737091,1.3521078824996948
1629795948678,0.3362437188625335,-0.3681361079216003,0.2297677248716354,1.3521078824996948
1629795948787,0.3362437188625335,-0.3698526620864868,0.2240329384803772,1.3521078824996948
1629795948943,0.3362437188625335,-0.3583419024944305,0.210642009973526,1.3521078824996948
1629795949037,0.1431240737438202,-0.3314172327518463,0.1894071549177169,1.1820032596588137
1629795949131,0.2642840147018432,-0.2967061102390289,0.1593532711267471,1.2055819034576416
1629795949227,0.3605929315090179,-0.2709606885910034,0.1162580996751785,1.2321840524673462
1629795949290,0.3605929315090179,-0.2664136886596679,0.0570105761289596,1.2575340270996094
1629795949430,0.3605929315090179,-0.2796769142150879,-0.0130210425704717,1.2959321737289429
1629795949586,0.3605929315090179,-0.2939178347587585,-0.0772513076663017,1.3809548616409302
1629795949633,0.3605929315090179,-0.295411467552185,-0.1160926595330238,1.3809548616409302
1629795949743,0.3605929315090179,-0.285148948431015,-0.1268236935138702,1.3809548616409302
1629795949899,0.3605929315090179,-0.2690427899360657,-0.1257264167070388,1.3809548616409302
1629795949961,0.3605929315090179,-0.2506566345691681,-0.1277948319911956,1.3809548616409302
1629795950055,0.3605929315090179,-0.2305889278650283,-0.1347975134849548,1.3809548616409302
1629795950149,0.3605929315090179,-0.2118051648139953,-0.1369769275188446,1.3809548616409302
1629795950321,0.3993699252605438,-0.198944941163063,-0.1236725747585296,1.3937054872512815
1629795950368,0.4662871956825256,-0.195723295211792,-0.0957950875163078,1.4208139181137085
1629795950446,0.4662871956825256,-0.2023112326860427,-0.0645942315459251,1.4179342985153198
1629795950539,0.4662871956825256,-0.2185799181461334,-0.0406487844884395,1.417654514312744
1629795950633,0.4662871956825256,-0.2389316856861114,-0.0249542891979217,1.414738655090332
1629795950789,0.4662871956825256,-0.252923846244812,-0.0096580730751156,1.4093137979507446
1629795950836,0.4415474534034729,-0.2523590326309204,0.0100705437362194,1.4021612405776978
1629795950945,0.5009393692016602,-0.2399507462978363,0.0294231716543436,1.378224492073059
1629795951024,0.5009393692016602,-0.2257897108793258,0.0361219644546508,1.2693206071853638
1629795951133,0.5009393692016602,-0.2151279151439666,0.020791508257389,1.2693206071853638
1629795951227,0.5009393692016602,-0.2057765126228332,-0.014652949757874,1.2693206071853638
1629795951401,0.5009393692016602,-0.1960526406764984,-0.0551039688289165,1.2693206071853638
1629795951448,0.5009393692016602,-0.1865949183702469,-0.0796211138367652,1.2693206071853638
1629795951589,0.5009393692016602,-0.1780458092689514,-0.0809590220451355,1.2693206071853638
1629795951657,0.5009393692016602,-0.1689202338457107,-0.0752675011754036,1.2693206071853638
1629795951766,0.5009393692016602,-0.1562623828649521,-0.0801057368516922,1.2693206071853638
1629795951829,0.5009393692016602,-0.1404494941234588,-0.1011788174510002,1.2693206071853638
1629795952016,0.5009393692016602,-0.1267254650592804,-0.1295363306999206,1.2945572137832642
1629795952141,0.5444045066833496,-0.1199001520872116,-0.1465097814798355,1.312021017074585
1629795952204,0.5444045066833496,-0.1213943809270858,-0.1434143930673599,1.282595157623291
1629795952266,0.5444045066833496,-0.1293741017580032,-0.132207989692688,1.235931396484375
1629795952391,0.5444045066833496,-0.1391362845897674,-0.1306370943784713,1.17306649684906
1629795952469,0.5444045066833496,-0.1461980938911438,-0.1462542861700058,1.1055999994277954
1629795952631,0.5664849281311035,-0.1504023969173431,-0.1718688011169433,1.0567084550857544
1629795952694,0.5664849281311035,-0.1550138145685196,-0.19379922747612,1.0567084550857544
1629795952787,0.5664849281311035,-0.1595633029937744,-0.2015371918678283,1.0567084550857544
1629795952866,0.5664849281311035,-0.1533288210630417,-0.1949739009141922,1.0567084550857544
1629795952991,0.5664849281311035,-0.1256646811962127,-0.1841432452201843,1.0567084550857544
1629795953069,0.5664849281311035,-0.0858096554875373,-0.1807489842176437,1.0567084550857544
1629795953225,0.5664849281311035,-0.0540323890745639,-0.1834200024604797,1.0567084550857544
1629795953287,0.5664849281311035,-0.0426101796329021,-0.1824069172143936,1.0567084550857544
1629795953412,0.5664849281311035,-0.0466152466833591,-0.1648695170879364,1.0567084550857544
1629795953522,0.5664849281311035,-0.05106708034873,-0.1318888664245605,1.0567084550857544
1629795953600,0.5664849281311035,-0.0448801442980766,-0.1001814380288124,1.0567084550857544
1629795953693,0.5664849281311035,-0.028681332245469,-0.0851258337497711,1.0556766986846924
1629795953803,0.5664849281311035,-0.0097436709329485,-0.0888751298189163,1.0556766986846924
1629795953912,0.5664849281311035,0.0049773608334362,-0.0986090153455734,1.0556766986846924
1629795954006,0.5664849281311035,0.0140992747619748,-0.0982425659894943,1.0556766986846924
1629795954100,0.5664849281311035,0.0213569905608892,-0.0863355249166488,1.0556766986846924
1629795954162,0.5664849281311035,0.0304042175412178,-0.074721448123455,1.0556766986846924
1629795954318,0.5664849281311035,0.0410635434091091,-0.0717219784855842,1.0556766986846924
1629795954428,0.5664849281311035,0.051705926656723,-0.0762515887618064,1.0556766986846924
1629795954553,0.5664849281311035,0.0615053363144397,-0.0831286236643791,1.0556766986846924
1629795954600,0.5664849281311035,0.0713496953248977,-0.0878049656748771,1.0556766986846924
1629795954709,0.5664849281311035,0.0829078406095504,-0.0906946435570716,1.0556766986846924
1629795954787,0.5664849281311035,0.0940547734498977,-0.092516504228115,1.0556766986846924
1629795954896,0.5664849281311035,0.1006873697042465,-0.0947877168655395,1.0556766986846924
1629795955068,0.5664849281311035,0.0993869230151176,-0.0978621393442154,1.0556766986846924
1629795955099,0.5664849281311035,0.0891735702753067,-0.0967025309801101,1.0556766986846924
1629795955194,0.5664849281311035,0.0712114572525024,-0.083780899643898,1.0556766986846924
1629795955305,0.5664849281311035,0.0505872406065464,-0.0594218596816062,1.0556766986846924
1629795955461,0.5664849281311035,0.0365930274128913,-0.0354581810534,1.0556766986846924
1629795955508,0.5664849281311035,0.0343524888157844,-0.0240550823509693,1.0556766986846924
1629795955680,0.5664849281311035,0.0388757511973381,-0.0262012612074613,1.0556766986846924
1629795955805,0.1256656199693679,0.0395065955817699,-0.0329558178782463,1.0668864250183103
1629795955851,0.1256656199693679,0.0280686896294355,-0.0387079119682312,1.0888593196868896
1629795955914,0.1256656199693679,-0.0003155203012283,-0.0452291592955589,1.0888593196868896
1629795956023,0.1256656199693679,-0.0427559986710548,-0.0542053878307342,1.0888593196868896
1629795956117,0.1256656199693679,-0.0795366913080215,-0.0613263063132762,1.0888593196868896
1629795956242,0.1256656199693679,-0.0877911373972892,-0.0619181133806705,1.0888593196868896
1629795956338,0.1256656199693679,-0.064893327653408,-0.0589301995933055,1.0888593196868896
1629795956431,0.1256656199693679,-0.0294065717607736,-0.060778833925724,1.0888593196868896
1629795956525,0.1256656199693679,0.0055350149050354,-0.0707595273852348,1.0888593196868896
1629795956635,0.1256656199693679,0.0370110794901847,-0.0883804261684417,1.0888593196868896
1629795956728,0.1256656199693679,0.0615598708391189,-0.1144703924655914,1.0888593196868896
1629795956853,0.1256656199693679,0.0732060596346855,-0.1490192413330078,1.0888593196868896
1629795956947,0.1256656199693679,0.0679612979292869,-0.1865530759096145,1.0587925910949707
1629795957072,0.1256656199693679,0.0497398190200328,-0.2145188599824905,1.0587925910949707
1629795957134,0.1256656199693679,0.0274655725806951,-0.2262787073850631,1.0587925910949707
1629795957228,0.1256656199693679,0.0127221914008259,-0.2265166342258453,1.0587925910949707
1629795957353,0.6596089601516724,0.0121748084202408,-0.2225495129823684,1.0587925910949707
1629795957494,0.5704444646835327,0.0205012578517198,-0.2201449126005172,0.7811263203620911
1629795957541,0.5704444646835327,0.0220248121768236,-0.2234322130680084,0.7811263203620911
1629795957666,0.5704444646835327,0.0001701342262094,-0.2364596575498581,0.7811263203620911
1629795957806,0.5704444646835327,-0.0492292307317256,-0.2592971920967102,0.7811263203620911
1629795957884,0.5704444646835327,-0.1067085564136505,-0.2881906628608703,0.7811263203620911
1629795957962,0.5704444646835327,-0.1414611935615539,-0.3199673593044281,0.7811263203620911
1629795958090,0.5704444646835327,-0.1480689793825149,-0.3569119274616241,0.7811263203620911
1629795958168,0.5704444646835327,-0.1470508873462677,-0.4002268314361572,0.7811263203620911
1629795958262,0.5704444646835327,-0.1491210311651229,-0.4388460516929626,0.7811263203620911
1629795958387,0.5704444646835327,-0.1470116525888443,-0.4541299939155578,0.7811263203620911
1629795958465,0.5704444646835327,-0.1319913566112518,-0.438743531703949,0.7811263203620911
1629795958574,0.4038471281528473,-0.1096087023615837,-0.4121589362621307,0.7811263203620911
1629795958684,0.4038471281528473,-0.090431272983551,-0.3949105441570282,0.95654296875
1629795958855,0.4038471281528473,-0.0820732414722442,-0.3930562436580658,1.050013542175293
1629795958918,0.4038471281528473,-0.0849322900176048,-0.3982451856136322,1.092820167541504
1629795958996,0.4038471281528473,-0.0884244590997695,-0.3969219028949737,1.107444167137146
1629795959090,0.4038471281528473,-0.0773833915591239,-0.383104145526886,1.0857748985290527
1629795959137,0.4038471281528473,-0.0445654354989528,-0.3594062030315399,1.0902605056762695
1629795959324,0.4038471281528473,-0.0009942713659256,-0.3296613395214081,1.1445603370666504
1629795959387,0.4038471281528473,0.0364560596644878,-0.2968042492866516,1.2557027339935305
1629795959496,0.4038471281528473,0.0600160062313079,-0.2603271305561065,1.2557027339935305
1629795959574,0.4038471281528473,0.0718935877084732,-0.2137905210256576,1.2557027339935305
1629795959683,0.4038471281528473,0.0764341354370117,-0.1557274162769317,1.2557027339935305
1629795959777,0.4038471281528473,0.0761056467890739,-0.0978383272886276,1.2557027339935305
1629795959918,0.4038471281528473,0.0713884681463241,-0.0557472519576549,1.2557027339935305
1629795960027,0.4038471281528473,0.0636755228042602,-0.0369631499052047,1.2557027339935305
1629795960121,0.4038471281528473,0.0560444444417953,-0.0339728333055973,1.2557027339935305
1629795960232,0.4038471281528473,0.0539352558553218,-0.0291962120682001,1.261346459388733
1629795960295,0.4038471281528473,0.0586214773356914,-0.0099164647981524,1.2891989946365356
1629795960357,0.4038471281528473,0.0648600906133651,0.0201507825404405,1.3280353546142578
1629795960514,0.4038471281528473,0.0623883418738842,0.0468999482691288,1.361697554588318
1629795960627,0.4038471281528473,0.0445427224040031,0.0617017298936843,1.3835694789886477
1629795960674,0.4038471281528473,0.0113911312073469,0.0652984902262687,1.4159789085388184
1629795960783,0.4038471281528473,-0.0297488197684288,0.0647627413272857,1.423492193222046
1629795960908,0.4038471281528473,-0.0739505439996719,0.0649040415883064,1.332838773727417
1629795960971,0.4038471281528473,-0.1219104155898094,0.0630951151251792,1.332838773727417
1629795961158,0.4038471281528473,-0.1734420508146286,0.0507253929972648,1.332838773727417
1629795961205,0.4038471281528473,-0.2187213897705078,0.0246255043894052,1.332838773727417
1629795961302,0.4038471281528473,-0.2465162277221679,-0.0071064042858779,1.332838773727417
1629795961380,0.4038471281528473,-0.2580603957176208,-0.0298588965088129,1.332838773727417
1629795961505,0.4038471281528473,-0.2651892900466919,-0.0356391109526157,1.332838773727417
1629795961614,0.4038471281528473,-0.2731554806232452,-0.0306979026645421,1.332838773727417
1629795961755,0.4038471281528473,-0.2815664112567901,-0.0292360186576843,1.277053713798523
1629795961833,0.4038471281528473,-0.2876772284507751,-0.0421656034886837,1.2151081562042236
1629795961973,0.4038471281528473,-0.2906982898712158,-0.0706416592001915,1.158354640007019
1629795962020,0.4038471281528473,-0.292758047580719,-0.1047686412930488,1.1319024562835691
1629795962132,0.3074854016304016,-0.2984146177768707,-0.1326569020748138,1.132619857788086
1629795962210,0.3674420118331909,-0.3130594789981842,-0.1497270315885543,1.1442245244979858
1629795962319,0.3674420118331909,-0.3380526900291443,-0.159016266465187,1.1435424089431765
1629795962460,0.3674420118331909,-0.3677628636360168,-0.1592511087656021,1.1530917882919312
1629795962522,0.3674420118331909,-0.393197238445282,-0.1477956920862198,1.1898605823516846
1629795962631,0.3674420118331909,-0.4064350128173828,-0.1281414628028869,1.1898605823516846
1629795962725,0.3674420118331909,-0.4052940011024475,-0.1126470193266868,1.1898605823516846
1629795962803,0.3674420118331909,-0.3867785632610321,-0.1117305383086204,1.1898605823516846
1629795963022,0.3674420118331909,-0.3497079610824585,-0.1259302347898483,1.1898605823516846
1629795963100,0.3674420118331909,-0.3039172887802124,-0.1496690064668655,1.1898605823516846
1629795963147,0.3674420118331909,-0.2663085460662842,-0.1785448044538498,1.1898605823516846
1629795963241,0.3674420118331909,-0.2496432662010193,-0.2086586952209472,1.213515043258667
1629795963337,0.3992810249328613,-0.2545754909515381,-0.2344668954610824,1.2376794815063477
1629795963400,0.3992810249328613,-0.2701172232627868,-0.2491592019796371,1.219024658203125
1629795963540,0.3992810249328613,-0.2806927561759949,-0.2504653334617615,1.2012958526611328
1629795963650,0.3992810249328613,-0.2782122790813446,-0.2410766631364822,1.1930079460144043
1629795963728,0.3992810249328613,-0.2658661901950836,-0.2258129715919494,1.191928505897522
1629795963868,0.2225427478551864,-0.251534640789032,-0.212717056274414,1.1838603019714355
1629795963946,0.233114406466484,-0.2388945370912552,-0.2130720317363739,1.152396321296692
1629795964040,0.233114406466484,-0.2247982025146484,-0.230277881026268,1.0901466608047483
1629795964196,0.233114406466484,-0.2006842792034149,-0.2553561329841614,1.0901466608047483
1629795964259,0.233114406466484,-0.1590417623519897,-0.2689756453037262,1.0901466608047483
1629795964340,0.233114406466484,-0.1095856726169586,-0.2577686607837677,1.0901466608047483
1629795964512,0.233114406466484,-0.0730274692177772,-0.2295148074626922,1.0901466608047483
1629795964559,0.233114406466484,-0.0608571954071521,-0.1984403133392334,1.0901466608047483
1629795964605,0.233114406466484,-0.0687586739659309,-0.1717874705791473,1.0901466608047483
1629795964746,0.233114406466484,-0.0822943449020385,-0.1526301354169845,1.0901466608047483
1629795964902,0.233114406466484,-0.0897183343768119,-0.1411138772964477,1.0901466608047483
1629795964918,0.233114406466484,-0.0905636474490165,-0.1381130516529083,1.110080361366272
1629795965074,0.2383160591125488,-0.090233065187931,-0.1410031169652938,1.1104819774627686
1629795965152,0.2383160591125488,-0.0925764739513397,-0.142715036869049,1.0769797563552856
1629795965277,0.2383160591125488,-0.0988564416766166,-0.1376678794622421,1.0352622270584106
1629795965433,0.2383160591125488,-0.1083050966262817,-0.1273899525403976,1.006010890007019
1629795965496,0.2383160591125488,-0.1198340505361557,-0.1176735758781433,0.990916073322296
1629795965558,-0.0285172294825315,-0.135670319199562,-0.1115903556346893,0.953056275844574
1629795965636,-0.0303338374942541,-0.164446622133255,-0.1053167283535003,0.9703267812728882
1629795965761,-0.0303338374942541,-0.2211426943540573,-0.0975131839513778,1.0027213096618652
1629795965855,-0.0303338374942541,-0.3158081471920013,-0.092630386352539,1.0442339181900024
1629795965996,-0.0303338374942541,-0.4368118345737457,-0.0904127433896064,1.0442339181900024
1629795966074,-0.0303338374942541,-0.5354332327842712,-0.0752104222774505,1.0442339181900024
1629795966201,-0.0303338374942541,-0.5512775182723999,-0.0344065278768539,1.0442339181900024
1629795966264,-0.0303338374942541,-0.492973655462265,0.0193404965102672,1.0442339181900024
1629795966373,-0.0303338374942541,-0.4196115434169769,0.062034860253334,1.0442339181900024
1629795966498,-0.0303338374942541,-0.3667412996292114,0.0835929587483406,1.0442339181900024
1629795966670,-0.0303338374942541,-0.3395620286464691,0.090078018605709,1.0442339181900024
1629795966717,0.2046222686767578,-0.3294242620468139,0.0907738581299781,1.043366312980652
1629795966779,0.2425906062126159,-0.3251919150352478,0.0893436223268508,1.0499467849731443
1629795966936,0.2488325238227844,-0.3231030702590942,0.0842166692018508,1.0723520517349243
1629795967045,0.2685071229934692,-0.3240857124328613,0.0750732570886612,1.114268183708191
1629795967108,0.3041978478431701,-0.3277915716171264,0.0626604855060577,1.1459108591079712
1629795967219,0.3439821302890777,-0.3322231471538543,0.0457930453121662,1.1568310260772705
1629795967329,0.3321128189563751,-0.3325991034507751,0.0243169851601123,1.149043321609497
1629795967438,0.3152334988117218,-0.3249916136264801,0.0016838379669934,1.1159088611602783
1629795967501,0.3152334988117218,-0.312969297170639,-0.0212363339960575,1.1119049787521362
1629795967594,0.3152334988117218,-0.3080323040485382,-0.0550491698086261,1.1119049787521362
1629795967672,0.3152334988117218,-0.3225837349891662,-0.1085892245173454,1.1119049787521362
1629795967813,0.3152334988117218,-0.3574562966823578,-0.1567081212997436,1.1119049787521362
1629795967922,0.3152334988117218,-0.4000311493873596,-0.1532669067382812,1.1119049787521362
1629795968063,0.3152334988117218,-0.434402197599411,-0.0958949699997901,1.1119049787521362
1629795968141,0.3152334988117218,-0.4563137888908386,-0.0326251462101936,1.1119049787521362
1629795968203,0.2187419086694717,-0.4715510904788971,0.0048796595074236,1.1119049787521362
1629795968269,0.2161663025617599,-0.4842022061347961,0.0153772365301847,1.1119049787521362
1629795968456,0.2464524507522583,-0.4902592003345489,0.0119333658367395,1.1119049787521362
1629795968519,0.2631671130657196,-0.4894776940345764,0.0063231056556105,1.1103222370147705
1629795968644,0.2631671130657196,-0.4816000759601593,0.0075804074294865,1.1086504459381104
1629795968706,0.2631671130657196,-0.4613631069660187,0.0165314394980669,1.1160439252853394
1629795968816,0.2631671130657196,-0.4253084063529968,0.0280125550925731,1.1382496356964111
1629795968941,0.2631671130657196,-0.379880279302597,0.0351721160113811,1.163093328475952
1629795969050,0.4374299943447113,-0.33448526263237,0.0356624945998191,1.1806106567382812
1629795969113,0.4374299943447113,-0.2952102124691009,0.0310018919408321,1.1806106567382812
1629795969206,0.4374299943447113,-0.2636585831642151,0.0198718514293432,1.1806106567382812
1629795969318,0.4374299943447113,-0.2376120090484619,-0.0095100570470094,1.1806106567382812
1629795969396,0.4374299943447113,-0.210156962275505,-0.0647944062948226,1.1806106567382812
1629795969552,0.4374299943447113,-0.176892340183258,-0.1356201767921447,1.1806106567382812
1629795969615,0.4374299943447113,-0.1423414200544357,-0.1925815492868423,1.1806106567382812
1629795969771,0.4374299943447113,-0.1132837235927581,-0.215957909822464,1.1806106567382812
1629795969865,0.4374299943447113,-0.092915304005146,-0.2158180773258209,1.1806106567382812
1629795969943,0.4374299943447113,-0.0788436383008956,-0.2100680917501449,1.1806106567382812
1629795970070,0.4374299943447113,-0.0680283233523368,-0.203225553035736,1.1806106567382812
1629795970132,0.4374299943447113,-0.0615038238465786,-0.1955346167087555,1.1806106567382812
1629795970242,0.4374299943447113,-0.0620964579284191,-0.1855425685644149,1.1806106567382812
1629795970382,0.4374299943447113,-0.0729089379310607,-0.1739642322063446,1.1806106567382812
1629795970445,0.4374299943447113,-0.0941999480128288,-0.1613325625658035,1.1806106567382812
1629795970554,0.4374299943447113,-0.1207856610417366,-0.1465204060077667,1.1806106567382812
1629795970679,0.4374299943447113,-0.1440634280443191,-0.1292231827974319,1.1806106567382812
1629795970726,0.4374299943447113,-0.1575354933738708,-0.1090555787086486,1.1806106567382812
1629795970867,0.4374299943447113,-0.162861168384552,-0.0818844512104988,1.1806106567382812
1629795970976,0.4374299943447113,-0.1620921492576599,-0.0427805967628955,1.428663730621338
1629795971088,0.4374299943447113,-0.1552406847476959,0.0031608424615114,1.6190024614334106
1629795971182,0.4374299943447113,-0.1426641643047332,0.0410613045096397,1.6190024614334106
1629795971245,0.4374299943447113,-0.1296348720788955,0.0614356286823749,1.6190024614334106
1629795971354,0.4374299943447113,-0.1219127103686332,0.0649019554257392,1.6190024614334106
1629795971463,0.4374299943447113,-0.1209189817309379,0.0607103705406188,1.6190024614334106
1629795971604,0.4374299943447113,-0.1176236942410469,0.0566288158297538,1.6190024614334106
1629795971651,0.4374299943447113,-0.1036537885665893,0.0542485155165195,1.5606857538223269
1629795971760,0.4374299943447113,-0.0811976343393325,0.0535556264221668,1.5235008001327517
1629795971885,0.4374299943447113,-0.0607209764420986,0.0557976029813289,1.5312154293060305
1629795971979,0.4374299943447113,-0.0484680198132991,0.0613910928368568,1.5431981086730957
1629795972106,0.4374299943447113,-0.0436877161264419,0.0665174722671508,1.5878612995147705
1629795972168,0.4374299943447113,-0.0440677814185619,0.0667566061019897,1.5878612995147705
1629795972309,0.4374299943447113,-0.0507516227662563,0.0624362453818321,1.5878612995147705
1629795972372,0.4374299943447113,-0.0654306709766388,0.0558393076062202,1.5878612995147705
1629795972434,0.4374299943447113,-0.0929350182414054,0.045176088809967,1.527127385139465
1629795972559,0.4374299943447113,-0.134515643119812,0.0301826782524585,1.228395938873291
1629795972714,0.4374299943447113,-0.184114784002304,0.0173283964395523,1.228395938873291
1629795972808,0.4374299943447113,-0.2273859977722168,0.0143303163349628,1.228395938873291
1629795972933,0.4374299943447113,-0.2515945434570312,0.0234882812947034,1.228395938873291
1629795972949,0.4374299943447113,-0.2573249340057373,0.0365762971341609,1.228395938873291
1629795973089,0.4374299943447113,-0.2609754502773285,0.047856830060482,1.228395938873291
1629795973201,0.4374299943447113,-0.274492472410202,0.0544327013194561,1.2158349752426147
1629795973311,0.4374299943447113,-0.2995464503765106,0.0543897114694118,1.149782657623291
1629795973420,0.4374299943447113,-0.3237932324409485,0.0488103069365024,1.0321954488754272
1629795973483,0.4374299943447113,-0.3323650956153869,0.0408103018999099,0.8832210302352905
1629795973623,0.4374299943447113,-0.3241277039051056,0.0332742147147655,0.8832210302352905
1629795973670,0.4374299943447113,-0.3097233772277832,0.0275806635618209,0.8832210302352905
1629795973764,0.4374299943447113,-0.298688679933548,0.0215132031589746,0.8832210302352905
1629795973920,0.4374299943447113,-0.295943021774292,0.0091921426355838,0.8832210302352905
1629795974014,0.4374299943447113,-0.3024512827396393,-0.0162463020533323,0.8832210302352905
1629795974092,0.4374299943447113,-0.3149334192276001,-0.0585086084902286,0.8832210302352905
1629795974189,0.4374299943447113,-0.3286362588405609,-0.1115099191665649,0.8832210302352905
1629795974314,0.4374299943447113,-0.3411585092544555,-0.159179151058197,0.8832210302352905
1629795974392,0.4374299943447113,-0.3545043766498565,-0.1915791630744934,0.8832210302352905
1629795974532,0.4374299943447113,-0.3695186972618103,-0.2120143175125122,0.8832210302352905
1629795974626,0.4374299943447113,-0.3839392960071563,-0.2315613478422165,0.8832210302352905
1629795974704,0.4374299943447113,-0.395862728357315,-0.2501474320888519,0.8832210302352905
1629795974829,0.4374299943447113,-0.4027021527290344,-0.2608495056629181,0.8832210302352905
1629795974876,0.4374299943447113,-0.4020939469337463,-0.2630600035190582,0.8832210302352905
1629795975001,0.4374299943447113,-0.3953048586845398,-0.2564347088336944,0.8832210302352905
1629795975141,0.1492358446121215,-0.3882705271244049,-0.2343569546937942,1.087610125541687
1629795975220,0.1492358446121215,-0.3864053189754486,-0.1970922499895095,1.104370355606079
1629795975345,0.1492358446121215,-0.3838855624198913,-0.1574762314558029,1.104370355606079
1629795975454,0.1492358446121215,-0.3642121851444244,-0.1266860216856002,1.104370355606079
1629795975563,0.1492358446121215,-0.3190054893493652,-0.1041938886046409,1.104370355606079
1629795975719,0.1492358446121215,-0.2648767828941345,-0.0859583690762519,1.104370355606079
1629795975766,0.1492358446121215,-0.2216425836086273,-0.0734763741493225,1.104370355606079
1629795975876,0.1492358446121215,-0.1970281451940536,-0.0690079852938652,1.104370355606079
1629795975954,0.1492358446121215,-0.1831527948379516,-0.0654919892549514,1.104370355606079
1629795976032,0.1492358446121215,-0.1686529517173767,-0.0518132746219635,1.104370355606079
1629795976110,0.1492358446121215,-0.149971455335617,-0.027783315628767,1.104370355606079
1629795976266,0.1492358446121215,-0.1326013356447219,-0.0028914778959006,1.104370355606079
1629795976360,0.1492358446121215,-0.1215352937579155,0.0150546254590153,1.1238950490951538
1629795976469,0.1492358446121215,-0.115870252251625,0.0234336052089929,1.1342933177947998
1629795976516,0.1492358446121215,-0.1072786822915077,0.0210107546299695,1.1552560329437256
1629795976626,0.1492358446121215,-0.0899699106812477,0.0048895045183598,1.1696836948394775
1629795976766,0.1545907407999038,-0.0679852589964866,-0.0251710060983896,1.1616666316986084
1629795976797,0.1672818064689636,-0.0486502647399902,-0.0608132034540176,1.1446294784545898
1629795976938,0.1528934687376022,-0.0370827279984951,-0.0908646285533905,1.13878071308136
1629795977096,0.1313079893589019,-0.0330223925411701,-0.1103601828217506,1.153505802154541
1629795977174,0.1267576217651367,-0.0315017513930797,-0.121713176369667,1.1834899187088013
1629795977237,0.1689677685499191,-0.0264226030558347,-0.1262042820453643,1.2166987657546997
1629795977362,0.2733537554740906,-0.0150260142982006,-0.1241298094391822,1.2483400106430054
1629795977440,0.2733537554740906,-0.0007087194826453,-0.1188274249434471,1.2860935926437378
1629795977549,0.2733537554740906,0.0103930607438087,-0.1178026720881462,1.3452436923980713
1629795977674,0.2733537554740906,0.0169929079711437,-0.1226341798901557,1.3452436923980713
1629795977768,0.2733537554740906,0.0229790806770324,-0.1299235373735427,1.3452436923980713
1629795977877,0.2733537554740906,0.0332258529961109,-0.1348655521869659,1.3452436923980713
1629795977955,0.302726536989212,0.0518906749784946,-0.1335606575012207,1.3610912561416626
1629795978002,0.3224193751811981,0.0826692059636116,-0.1258502751588821,1.3746329545974731
1629795978174,0.3311477303504944,0.1241781562566757,-0.1140330359339714,1.3906238079071045
1629795978268,0.3376266956329345,0.1682270765304565,-0.0987759083509445,1.4143058061599731
1629795978393,0.3585373163223266,0.2036535441875457,-0.0806227102875709,1.4470727443695068
1629795978487,0.4079576134681701,0.2234000563621521,-0.058519821614027,1.484607219696045
1629795978565,0.4079576134681701,0.2275386899709701,-0.032648853957653,1.521246314048767
1629795978674,0.4079576134681701,0.2205209881067276,-0.0050595044158399,1.5552715063095093
1629795978799,0.4079576134681701,0.2070697844028473,0.0189873948693275,1.5552715063095093
1629795978893,0.4079576134681701,0.191692054271698,0.0355259105563163,1.5552715063095093
1629795979018,0.4079576134681701,0.1783937662839889,0.0415969118475914,1.5552715063095093
1629795979080,0.4079576134681701,0.1698926091194152,0.0370147973299026,1.5552715063095093
1629795979161,0.4079576134681701,0.1652617007493972,0.0235980153083801,1.5552715063095093
1629795979270,0.4079576134681701,0.1622578501701355,0.0037591611035168,1.5552715063095093
1629795979411,0.1995273530483245,0.1591738313436508,-0.0200548321008682,0.8606622219085693
1629795979504,0.1995273530483245,0.1520210057497024,-0.0436788573861122,0.8606622219085693
1629795979567,0.1995273530483245,0.1310708373785019,-0.0611141733825206,0.8606622219085693
1629795979692,0.1995273530483245,0.0887136161327362,-0.0646915510296821,0.8606622219085693
1629795979770,0.1995273530483245,0.0304110590368509,-0.0539772324264049,0.8606622219085693
1629795979864,0.1995273530483245,-0.025123693048954,-0.0392889715731143,0.8606622219085693
1629795980004,0.1995273530483245,-0.057803738862276,-0.0342143550515174,0.8606622219085693
1629795980129,0.1995273530483245,-0.0662120059132576,-0.0472711399197578,0.8606622219085693
1629795980207,0.1995273530483245,-0.0629132315516471,-0.0787514150142669,0.8606622219085693
1629795980285,0.1995273530483245,-0.0578020438551902,-0.1204298436641693,0.8606622219085693
1629795980442,0.1995273530483245,-0.0556791871786117,-0.1622883379459381,0.8606622219085693
1629795980488,0.1995273530483245,-0.0605093017220497,-0.1957311779260635,0.8606622219085693
1629795980645,0.1995273530483245,-0.0739918574690818,-0.2153636217117309,0.8606622219085693
1629795980691,0.1995273530483245,-0.0944522991776466,-0.2229523509740829,0.8606622219085693
1629795980816,0.1995273530483245,-0.1185727789998054,-0.2235321849584579,0.8606622219085693
1629795980910,0.1995273530483245,-0.1430428624153137,-0.2211931645870208,0.8606622219085693
1629795981020,0.4993540942668915,-0.1610987931489944,-0.2174013555049896,1.1052321195602417
1629795981098,0.4518457353115082,-0.1635390371084213,-0.2119116634130478,1.1536036729812622
1629795981225,0.416665107011795,-0.1481280624866485,-0.2098375856876373,1.1873431205749512
1629795981303,0.416665107011795,-0.1267426759004593,-0.2169679850339889,1.2074650526046753
1629795981428,0.416665107011795,-0.1126593574881553,-0.2322313636541366,1.2239410877227783
1629795981553,0.416665107011795,-0.1105941534042358,-0.2481542825698852,1.2504379749298096
1629795981600,0.416665107011795,-0.113341636955738,-0.2545783817768097,1.290977954864502
1629795981694,0.416665107011795,-0.1085573434829711,-0.2448522597551345,1.333470344543457
1629795981866,0.416665107011795,-0.0871737152338028,-0.2158561199903488,1.3661646842956543
1629795981975,0.416665107011795,-0.0517970882356166,-0.174104705452919,1.3846375942230225
1629795982053,0.416665107011795,-0.013133474625647,-0.1345609426498413,1.389135718345642
1629795982116,0.416665107011795,0.0186481401324272,-0.1104266569018364,1.3812593221664429
1629795982241,0.3587603569030761,0.0406205393373966,-0.1024890020489692,1.383403182029724
1629795982321,0.2881748378276825,0.0575021207332611,-0.1031546890735626,1.3787089586257937
1629795982462,0.146515741944313,0.0741352066397667,-0.1036441922187805,1.3695472478866575
1629795982540,0.0294247064739465,0.0863488987088203,-0.1034736931324005,1.3576507568359375
1629795982618,-0.0338543616235256,0.0861257538199424,-0.105824090540409,1.3423179388046265
1629795982712,-0.0407855324447155,0.0687336400151252,-0.1116205230355262,1.3232264518737793
1629795982837,0.0548480078577995,0.0379040837287902,-0.1196458116173744,1.3017423152923584
1629795982930,0.1370680779218673,0.0048068515025079,-0.1271215081214904,1.2770377397537231
1629795983040,0.2098657488822937,-0.0210396852344274,-0.1322094351053238,1.2430909872055054
1629795983212,0.2098657488822937,-0.0379694364964962,-0.1339191645383834,1.194632887840271
1629795983305,0.2098657488822937,-0.0499865449965,-0.1309687048196792,1.1454843282699585
1629795983336,0.2098657488822937,-0.0626061484217643,-0.1266159266233444,1.143964171409607
1629795983430,0.2098657488822937,-0.079027734696865,-0.1269820034503936,1.2260853052139282
1629795983571,0.2098657488822937,-0.0995577573776245,-0.1334491968154907,1.205418586730957
1629795983649,0.2098657488822937,-0.1231056600809097,-0.1400677114725113,1.2015588283538818
1629795983774,0.2098657488822937,-0.1490112692117691,-0.1378316283226013,1.2140753269195557
1629795983883,0.2098657488822937,-0.1809993684291839,-0.1246371641755104,1.2371149063110352
1629795983946,0.2535810172557831,-0.2253380566835403,-0.10883828997612,1.2628324031829834
1629795984042,0.3053227066993713,-0.2796723544597626,-0.0988520383834838,1.288555145263672
1629795984151,0.3655490279197693,-0.3329192399978637,-0.099172219634056,1.3183530569076538
1629795984276,0.3869139552116394,-0.3702498972415924,-0.1082948818802833,1.338371753692627
1629795984370,0.382428377866745,-0.3877706825733185,-0.1185692846775055,1.351404070854187
1629795984479,0.3738117814064026,-0.3984334766864776,-0.1238166093826294,1.3684066534042358
1629795984526,0.3375536501407623,-0.4141740500926971,-0.1236537471413612,1.398603081703186
1629795984667,0.3375536501407623,-0.4378246366977691,-0.1246782690286636,1.4402302503585815
1629795984745,0.3375536501407623,-0.4691795408725738,-0.137080043554306,1.481458067893982
1629795984870,0.3375536501407623,-0.509523332118988,-0.1666067689657211,1.4588961601257324
1629795984995,0.3375536501407623,-0.5564559102058411,-0.2090363502502441,1.306472659111023
1629795985076,0.3375536501407623,-0.592796266078949,-0.2505475878715515,1.306472659111023
1629795985154,0.3375536501407623,-0.5955217480659485,-0.276960551738739,1.306472659111023
1629795985279,0.3375536501407623,-0.5590517520904541,-0.2879615724086761,1.306472659111023
1629795985373,0.3375536501407623,-0.5022239685058594,-0.29117551445961,1.306472659111023
1629795985498,0.3375536501407623,-0.4452590346336365,-0.29069584608078,1.306472659111023
1629795985591,0.3375536501407623,-0.3965470194816589,-0.2848292887210846,1.306472659111023
1629795985701,0.3375536501407623,-0.3554904162883758,-0.269245833158493,1.306472659111023
1629795985779,0.3375536501407623,-0.3108959496021271,-0.2466520071029663,1.3291969299316406
1629795985873,0.3375536501407623,-0.2531956136226654,-0.2285152971744537,1.3146592378616333
1629795985951,0.3375536501407623,-0.1899581104516983,-0.2259707748889923,1.2908927202224731
1629795986109,0.3375536501407623,-0.1377584487199783,-0.238867700099945,1.2369368076324463
1629795986234,0.1721461117267608,-0.1066891923546791,-0.2580589354038238,1.130797266960144
1629795986265,0.1721461117267608,-0.0945748537778854,-0.2724717259407043,0.9030685424804688
1629795986375,0.1721461117267608,-0.0916066169738769,-0.2743446230888366,0.9552863240242004
1629795986515,0.1721461117267608,-0.0846064984798431,-0.2501526772975921,0.9552863240242004
1629795986687,0.1721461117267608,-0.0625136271119117,-0.1876173466444015,0.9552863240242004
1629795986734,0.1721461117267608,-0.0228102933615446,-0.0984961241483688,0.9552863240242004
1629795986828,0.1721461117267608,0.0226439032703638,-0.0130259059369564,0.9552863240242004
1629795986922,0.1721461117267608,0.0595007129013538,0.0530309006571769,0.9552863240242004
1629795987015,0.1721461117267608,0.0796717330813407,0.1028662696480751,0.9552863240242004
1629795987109,0.1721461117267608,0.0854984372854232,0.1443329751491546,0.9552863240242004
1629795987174,0.1721461117267608,0.0830342918634414,0.178050622344017,0.9552863240242004
1629795987346,0.1721461117267608,0.0736599117517471,0.1998706310987472,0.9552863240242004
1629795987408,0.1721461117267608,0.0529531836509704,0.211552694439888,0.9737372398376464
1629795987502,0.1721461117267608,0.023465933278203,0.2200039774179458,1.009581446647644
1629795987611,0.1721461117267608,-0.0055247279815375,0.2289878726005554,1.0035746097564695
1629795987721,0.1721461117267608,-0.0240199193358421,0.2363738119602203,0.9741264581680298
1629795987815,0.1721461117267608,-0.0307890530675649,0.2390172928571701,0.9442684054374696
1629795987924,0.4522203207015991,-0.0324884243309497,0.236150249838829,0.8893774747848511
1629795988018,0.4522203207015991,-0.0402636341750621,0.225780040025711,0.8893774747848511
1629795988142,0.4522203207015991,-0.0667811557650566,0.2031633406877517,0.8893774747848511
1629795988192,0.4522203207015991,-0.1223771795630455,0.1666914522647857,0.8893774747848511
1629795988317,0.4522203207015991,-0.2054022401571273,0.1239851489663124,0.8893774747848511
1629795988410,0.4522203207015991,-0.2981672585010528,0.0848417207598686,0.8893774747848511
1629795988567,0.4522203207015991,-0.3708078861236572,0.0487960614264011,0.8893774747848511
1629795988660,0.4522203207015991,-0.4109557271003723,0.0069645894691348,0.8893774747848511
1629795988723,0.4522203207015991,-0.4327091574668884,-0.044412225484848,0.8893774747848511
1629795988801,0.4522203207015991,-0.454214870929718,-0.0936247855424881,0.8893774747848511
1629795988926,0.4522203207015991,-0.4732187688350677,-0.1269788295030594,0.8893774747848511
1629795989067,0.4522203207015991,-0.485757976770401,-0.1419176310300827,0.8893774747848511
1629795989191,0.4522203207015991,-0.4846530854701996,-0.1457038074731826,0.8893774747848511
1629795989238,0.4522203207015991,-0.4724366664886474,-0.1413601487874984,0.8893774747848511
1629795989316,0.4522203207015991,-0.4596928358078003,-0.1280876547098159,0.8893774747848511
1629795989457,0.4522203207015991,-0.457695871591568,-0.1097281351685524,0.8893774747848511
1629795989535,0.4522203207015991,-0.4654442965984344,-0.0923851430416107,1.131620168685913
1629795989629,0.2896710634231567,-0.4718156158924103,-0.083158366382122,1.1431517601013184
1629795989754,0.2906254827976227,-0.4654790163040161,-0.0879793316125869,1.1542223691940308
1629795989894,0.2906254827976227,-0.4471649825572967,-0.108582317829132,1.1542223691940308
1629795989957,0.2906254827976227,-0.4277870953083038,-0.1384236067533493,1.1542223691940308
1629795990035,0.2906254827976227,-0.4130809009075165,-0.1594571769237518,1.1542223691940308
1629795990160,0.2906254827976227,-0.4004247188568115,-0.152240365743637,1.1542223691940308
1629795990225,0.2906254827976227,-0.3852938413619995,-0.1141495704650878,1.1542223691940308
1629795990350,0.2906254827976227,-0.3645001053810119,-0.063437320291996,1.1542223691940308
1629795990428,0.2906254827976227,-0.3392472863197326,-0.0226804446429014,1.1542223691940308
1629795990553,0.2906254827976227,-0.3153508305549621,-0.0033898693509399,1.1542223691940308
1629795990663,0.2906254827976227,-0.3000805377960205,-0.0034720797557383,1.1542223691940308
1629795990741,0.2906254827976227,-0.2917264997959137,-0.0141996266320347,1.160311222076416
1629795990834,0.2671453356742859,-0.2774620354175567,-0.0252181757241487,1.1688381433486938
1629795990975,0.2671453356742859,-0.2434388697147369,-0.0297835879027843,1.1688381433486938
1629795991100,0.2671453356742859,-0.1904548853635788,-0.0241954568773508,1.1688381433486938
1629795991162,0.2671453356742859,-0.1363077014684677,-0.0064106252975761,1.1688381433486938
1629795991290,0.2671453356742859,-0.0974566042423248,0.021336605772376,1.1688381433486938
1629795991368,0.1137988120317459,-0.0802767276763916,0.0514489784836769,0.9068162441253662
1629795991462,0.1137988120317459,-0.0799494832754135,0.0754260867834091,0.9489863514900208
1629795991587,0.1137988120317459,-0.0869252234697341,0.0875954255461692,1.0030384063720703
1629795991665,0.1137988120317459,-0.09229077398777,0.0861544609069824,1.0870475769042969
1629795991805,0.1137988120317459,-0.0925467759370803,0.0725675895810127,1.0870475769042969
1629795991852,0.1137988120317459,-0.0887366458773613,0.0493601150810718,1.0870475769042969
1629795991961,0.1137988120317459,-0.0837669298052787,0.0234855394810438,1.0870475769042969
1629795992071,0.1137988120317459,-0.0806037932634353,0.0030149132944643,1.0870475769042969
1629795992196,0.1137988120317459,-0.0823223739862442,-0.0084735546261072,1.0870475769042969
1629795992289,0.1137988120317459,-0.0905557721853256,-0.012512763030827,1.0870475769042969
1629795992386,0.1137988120317459,-0.108526162803173,-0.0140143586322665,1.0870475769042969
1629795992495,0.1137988120317459,-0.1393590271472931,-0.0146415503695607,1.0870475769042969
1629795992573,0.1137988120317459,-0.1849684566259384,-0.0174841005355119,1.1109228134155271
1629795992635,0.1137988120317459,-0.2408230304718017,-0.0282932948321104,1.1382890939712524
1629795992807,0.1137988120317459,-0.2967700958251953,-0.0522509440779686,1.1326793432235718
1629795992917,0.1137988120317459,-0.3395155966281891,-0.0863347724080085,1.1090668439865112
1629795993026,0.1374517083168029,-0.3609468638896942,-0.1213103085756301,1.0873732566833496
1629795993057,0.355464905500412,-0.3592018485069275,-0.1502408385276794,1.0800702571868896
1629795993216,0.6676243543624878,-0.3380705714225769,-0.1750185638666153,1.0707045793533323
1629795993325,0.9489752054214478,-0.3048127591609955,-0.2002487033605575,1.1798425912857056
1629795993403,0.9489752054214478,-0.2709988057613373,-0.2253445237874984,1.2727596759796145
1629795993497,0.9489752054214478,-0.2472176551818847,-0.246928870677948,1.3324819803237915
1629795993638,0.9489752054214478,-0.2375097125768661,-0.2613527774810791,1.3551393747329712
1629795993731,0.9489752054214478,-0.2371587604284286,-0.2659880816936493,1.3510887622833252
1629795993825,0.9489752054214478,-0.2395110875368118,-0.2590193450450897,1.3357385396957395
1629795993888,0.9489752054214478,-0.2393279373645782,-0.242203876376152,1.3201770782470703
1629795994028,0.9489752054214478,-0.2386633455753326,-0.2248193770647049,1.30668306350708
1629795994121,0.8993901610374451,-0.2415783852338791,-0.2172217220067978,1.2948209047317505
1629795994234,0.8970790505409241,-0.2468249797821045,-0.2222775816917419,1.2936477661132812
1629795994328,0.8943353295326233,-0.249274730682373,-0.2304248213768005,1.298924446105957
1629795994421,0.8919562697410583,-0.2470386177301406,-0.2268351316452026,1.3030495643615725
1629795994515,0.8852329850196838,-0.2459482252597808,-0.2040993422269821,1.299528956413269
1629795994640,0.8548958897590637,-0.2558886408805847,-0.1706503629684448,1.2861781120300293
1629795994734,0.7645185589790344,-0.2851153016090393,-0.1394509673118591,1.2630956172943115
1629795994827,0.0261635538190603,-0.3338336646556854,-0.1170259043574333,1.233367919921875
1629795994937,0.0261635538190603,-0.3911872804164886,-0.0988503098487854,1.1774241924285889
1629795995046,0.0261635538190603,-0.4410474300384521,-0.0774845331907272,1.1026525497436523
1629795995189,0.0261635538190603,-0.4714585244655609,-0.0537579320371151,1.0340770483016968
1629795995236,0.0261635538190603,-0.4785136878490448,-0.0343930460512638,0.99404639005661
1629795995314,0.0261635538190603,-0.4616855382919311,-0.0245885346084833,0.9779677391052246
1629795995424,0.0261635538190603,-0.4285666942596435,-0.0241582840681076,0.964946985244751
1629795995518,0.0261635538190603,-0.3942022323608398,-0.0294849891215562,0.9462241530418396
1629795995611,0.013342959806323,-0.3721703588962555,-0.0368437282741069,0.917590320110321
1629795995721,0.0549253262579441,-0.3643859922885895,-0.0428726114332675,0.8799379467964172
1629795995846,0.1137115582823753,-0.3645038902759552,-0.0467554368078708,0.8498013019561768
1629795995955,0.0932883918285369,-0.3647636175155639,-0.0535291917622089,0.8436102867126465
1629795996096,0.0516734905540943,-0.3613170981407165,-0.0701121687889099,0.8596420288085938
1629795996176,0.0275322757661342,-0.3488911390304565,-0.0945526510477066,0.8749848008155823
1629795996207,0.0275322757661342,-0.3221997618675232,-0.1171336695551872,0.8567944765090942
1629795996348,0.0275322757661342,-0.2844632863998413,-0.1302189826965332,0.8571130037307739
1629795996441,0.0275322757661342,-0.2469523698091507,-0.1386255025863647,0.9077869057655334
1629795996566,0.0275322757661342,-0.2161167711019516,-0.1474122256040573,1.028731107711792
1629795996676,0.0275322757661342,-0.1881173551082611,-0.148897185921669,1.169188380241394
1629795996723,0.0275322757661342,-0.160252958536148,-0.1292084902524948,1.2808822393417358
1629795996848,0.0275322757661342,-0.1375382244586944,-0.0890586003661155,1.3495473861694336
1629795996926,0.0275322757661342,-0.1248736232519149,-0.0437010340392589,1.379019260406494
1629795997097,0.0275322757661342,-0.1168650239706039,-0.0081765139475464,1.3819688558578491
1629795997194,0.0275322757661342,-0.1044312268495559,0.0139239393174648,1.389474391937256
1629795997288,0.2421153485774994,-0.0865722075104713,0.0249367915093898,1.3906400203704834
1629795997366,0.4017446637153625,-0.0693313255906105,0.029986074194312,1.3891247510910034
1629795997444,0.5255846977233887,-0.0582155846059322,0.0331087373197078,1.3865511417388916
1629795997522,0.5943911671638489,-0.0515469349920749,0.0367202274501323,1.384306788444519
1629795997741,0.6217213273048401,-0.0473792776465415,0.0440607741475105,1.3842477798461914
1629795997787,0.5995664000511169,-0.0473363660275936,0.061735663563013,1.3876357078552246
1629795997850,0.59831702709198,-0.0534812808036804,0.0905753746628761,1.3908430337905884
1629795997959,0.6041927933692932,-0.0629832744598388,0.1222511008381843,1.3832045793533323
1629795998053,0.6112865209579468,-0.0676265880465507,0.1434205621480941,1.350184202194214
1629795998209,0.6442916989326477,-0.0640772879123687,0.1482889652252197,1.2893352508544922
1629795998287,0.7388859987258911,-0.056622676551342,0.1425190716981887,1.2300066947937012
1629795998365,0.7388859987258911,-0.0490614138543605,0.1371750831604004,1.1397219896316528
1629795998537,0.7388859987258911,-0.0387759692966938,0.1370936036109924,1.0586059093475342
1629795998600,0.7388859987258911,-0.0233864989131689,0.1403231620788574,1.0086029767990112
1629795998740,0.7388859987258911,-0.0085491277277469,0.1420377641916275,0.9919221997261048
1629795998787,0.7468287348747253,-0.0008250281098298,0.1418545991182327,1.001374125480652
1629795998943,0.7507148385047913,0.0011147528421133,0.1421449780464172,1.0239830017089844
1629795999009,0.7580572366714478,0.008982247672975,0.14280965924263,1.0510683059692385
1629795999103,0.779215931892395,0.0256186425685882,0.14256052672863,1.0793766975402832
1629795999212,0.8169963955879211,0.0439928360283374,0.1543293595314026,1.1059458255767822
1629795999321,0.862513542175293,0.056919552385807,0.1539209336042404,1.129146933555603
1629795999384,0.9102897644042968,0.0681143328547477,0.1379798948764801,1.156610369682312
1629795999510,0.9102897644042968,0.0776509940624237,0.1130047440528869,1.156610369682312
1629795999620,0.9102897644042968,0.0829471573233604,0.0950578227639198,1.156610369682312
1629795999763,0.9102897644042968,0.0813220739364624,0.0941356122493743,1.156610369682312
1629795999796,0.9102897644042968,0.0750329047441482,0.0970962643623352,1.156610369682312
1629795999884,0.9102897644042968,0.0686028376221656,0.0773748233914375,1.156610369682312
1629795999997,0.9102897644042968,0.0618718527257442,0.0171469617635011,1.156610369682312
1629796000123,0.9102897644042968,0.0478199906647205,-0.0842034146189689,1.156610369682312
1629796000216,1.747794270515442,0.0286676902323961,-0.1978404074907302,1.156610369682312
1629796000324,1.7831223011016846,0.0217935629189014,-0.1978404074907302,1.156610369682312
1629796000436,1.818552017211914,0.0217935629189014,-0.1978404074907302,1.156610369682312
1629796000517,1.8506278991699217,0.0217935629189014,-0.1978404074907302,1.156610369682312
1629796000579,1.8692885637283323,0.0217935629189014,-0.1978404074907302,1.156610369682312
1629796000736,1.8692885637283323,0.0217935629189014,-0.1978404074907302,1.156610369682312
1629796000799,1.8692885637283323,0.0217935629189014,-0.1978404074907302,1.156610369682312
1629796000890,1.8692885637283323,0.0217935629189014,-0.1978404074907302,1.156610369682312
1629796001000,1.8692885637283323,0.0217935629189014,-0.1978404074907302,1.156610369682312
1629796001142,1.8692885637283323,0.0217935629189014,-0.1978404074907302,1.156610369682312
1629796001189,1.8692885637283323,0.0217935629189014,-0.1978404074907302,1.156610369682312
1629796001332,1.8692885637283323,0.0217935629189014,-0.1978404074907302,1.156610369682312
1629796001393,1.8569880723953247,0.0217935629189014,-0.1978404074907302,1.156610369682312
1629796001565,1.830471396446228,0.0217935629189014,-0.1978404074907302,1.156610369682312
1629796001611,1.8355683088302608,0.0217935629189014,-0.1978404074907302,1.156610369682312
1629796001703,1.8335965871810915,0.0217935629189014,-0.1978404074907302,1.156610369682312
1629796001798,1.8187094926834104,0.0217935629189014,-0.1978404074907302,1.156610369682312
1629796001970,1.7740120887756348,0.0217935629189014,-0.1978404074907302,1.156610369682312
1629796002067,1.7740120887756348,0.0217935629189014,-0.1978404074907302,1.156610369682312
1629796002178,1.7740120887756348,0.0217935629189014,-0.1978404074907302,1.156610369682312
1629796002209,1.7740120887756348,0.0217935629189014,-0.1978404074907302,1.156610369682312
1629796002319,1.7740120887756348,0.0217935629189014,-0.1978404074907302,1.156610369682312
1629796002397,1.7740120887756348,0.0217935629189014,-0.1978404074907302,1.156610369682312
1629796002608,1.7740120887756348,0.0217935629189014,-0.1978404074907302,1.156610369682312
1629796002641,1.7740120887756348,0.0217935629189014,-0.1978404074907302,1.156610369682312
1629796002719,1.7740120887756348,0.0217935629189014,-0.1978404074907302,1.156610369682312
1629796002815,1.7740120887756348,0.6859994530677795,-0.1978404074907302,1.156610369682312
1629796002924,1.7740120887756348,0.6482256650924683,-0.1978404074907302,1.156610369682312
1629796003018,1.7740120887756348,0.5923618078231812,-0.1978404074907302,1.156610369682312
1629796003131,1.7740120887756348,0.5343559980392456,-0.1978404074907302,1.156610369682312
1629796003258,1.7740120887756348,0.4830952286720276,-0.1978404074907302,1.156610369682312
1629796003349,1.7740120887756348,0.4420299232006073,0.0489381588995456,1.156610369682312
1629796003525,1.7740120887756348,0.4115583300590515,0.1028992384672164,1.156610369682312
1629796003573,1.7740120887756348,0.3917966187000274,0.1849593073129654,1.156610369682312
1629796003667,1.7740120887756348,0.3818615078926086,0.2728553414344787,1.156610369682312
1629796003807,1.7740120887756348,0.377366840839386,0.3361747562885284,1.156610369682312
1629796003854,1.1039565801620483,0.3733269274234772,0.3633234202861786,1.156610369682312
1629796003948,1.1039565801620483,0.3667173981666565,0.3600437939167022,1.156610369682312
1629796004104,1.1039565801620483,0.3331957757472992,0.3401316404342651,1.156610369682312
1629796004151,1.1039565801620483,0.2843202352523803,0.318242073059082,1.156610369682312
1629796004276,1.1039565801620483,0.2252489328384399,0.302812784910202,1.156610369682312
1629796004385,1.1039565801620483,0.1729320436716079,0.292876660823822,1.156610369682312
1629796004479,1.1039565801620483,0.1448061615228653,0.2827994525432586,1.156610369682312
1629796004604,1.1039565801620483,0.1410440355539322,0.2787980437278747,1.156610369682312
1629796004682,1.1039565801620483,0.1479313224554062,0.2733075022697449,1.156610369682312
1629796004745,1.1039565801620483,0.1556240171194076,0.2638890147209167,1.156610369682312
1629796004869,1.1039565801620483,0.1574374884366989,0.2495560050010681,1.156610369682312
1629796005041,1.1039565801620483,0.1502342969179153,0.2241072803735733,1.156610369682312
1629796005104,1.1039565801620483,0.1346888244152069,0.1772175431251526,1.156610369682312
1629796005185,1.1039565801620483,0.1125565394759178,0.1016004160046577,1.156610369682312
1629796005310,1.1039565801620483,0.0850271582603454,0.0063597518019378,1.156610369682312
1629796005416,1.1039565801620483,0.0533525645732879,-0.080362781882286,1.156610369682312
1629796005494,0.975429892539978,0.0195921584963798,-0.1321302205324173,0.968410074710846
1629796005619,0.9811549186706544,-0.0162422489374876,-0.1488822400569915,0.9423395991325378
1629796005682,0.9716257452964784,-0.0602477937936782,-0.1502659767866134,0.9291370511054992
1629796005822,0.9538236260414124,-0.1154464706778526,-0.1509567648172378,0.9331244826316832
1629796005901,0.930391788482666,-0.1731898486614227,-0.1518723964691162,0.9502824544906616
1629796005979,0.9019312262535096,-0.2176666408777237,-0.1481573283672332,0.9734886884689332
1629796006088,0.8709403276443481,-0.2443991005420684,-0.1297820806503296,0.9971336126327516
1629796006231,0.8396877646446228,-0.265101820230484,-0.0939613878726959,1.014386773109436
1629796006340,0.8097262978553772,-0.2904669046401977,-0.0504533424973487,1.0198577642440796
1629796006403,0.7823928594589233,-0.3162853419780731,-0.0119423847645521,1.0131709575653076
1629796006496,0.7588441371917725,-0.3352371454238891,0.0137720573693513,1.0008845329284668
1629796006637,0.7389734387397766,-0.3572790026664734,0.0281465910375118,0.9908636212348938
1629796006668,0.7161563038825989,-0.3974471688270569,0.0354945585131645,0.9886019825935364
1629796006877,0.6720161437988281,-0.4543761610984802,0.0380099490284919,0.98580402135849
1629796006924,0.6070135831832886,-0.5106033086776733,0.0370779521763324,0.9858868718147278
1629796007033,0.532034158706665,-0.546197235584259,0.0343324355781078,0.9907848834991456
1629796007143,0.4628682732582092,-0.5524171590805054,0.0290162712335586,0.9974415302276612
1629796007189,0.4061585366725921,-0.5268782377243042,0.0173104293644428,1.0012900829315186
1629796007317,0.3602485656738281,-0.4723261594772339,-0.0028634241316467,1.0021700859069824
1629796007442,0.3249684870243072,-0.4082255363464355,-0.0292765237390995,1.0029453039169312
1629796007520,0.3100396394729614,-0.3565360903739929,-0.0573413372039794,1.0079951286315918
1629796007692,0.3032779991626739,-0.3268668949604034,-0.0881408229470253,0.994113266468048
1629796007739,0.3075009286403656,-0.31496262550354,-0.1273523122072219,0.9786100387573242
1629796007833,0.318885862827301,-0.3125822842121124,-0.1768389642238617,0.9694277048110962
1629796007926,0.3328327238559723,-0.3137963414192199,-0.2264302223920822,0.9733561277389526
1629796008071,0.3441869020462036,-0.3125413358211517,-0.262106329202652,0.9875405430793762
1629796008149,0.3511195480823517,-0.300593763589859,-0.2787272334098816,1.0027894973754885
1629796008274,0.3592094480991363,-0.2768289744853973,-0.2760820090770721,1.012529373168945
1629796008305,0.3777693212032318,-0.2473301738500595,-0.2540344297885895,1.0171939134597778
1629796008415,0.4075312316417694,-0.2181180864572525,-0.2197623550891876,1.0208964347839355
1629796008524,0.4336718320846557,-0.1814865618944168,-0.1757300198078155,1.0286754369735718
1629796008680,0.4398498237133026,-0.1353216916322708,-0.1246289983391761,1.0468361377716064
1629796008805,0.4398498237133026,-0.0945120453834533,-0.0768192037940025,1.0468361377716064
1629796008883,0.4398498237133026,-0.078815683722496,-0.0462209284305572,1.0468361377716064
1629796008946,0.4398498237133026,-0.0935709923505783,-0.0372145436704158,1.0468361377716064
1629796009058,0.4398498237133026,-0.1272416859865188,-0.0421477034687995,1.0468361377716064
1629796009121,0.4398498237133026,-0.1593371331691742,-0.0499658212065696,1.0468361377716064
1629796009277,0.4398498237133026,-0.17532579600811,-0.0571436770260334,1.0468361377716064
1629796009355,0.4398498237133026,-0.1727014183998108,-0.0649021565914154,1.0468361377716064
1629796009433,0.4398498237133026,-0.1562255024909973,-0.0729460567235946,1.0468361377716064
1629796009562,0.4398498237133026,-0.1330143064260482,-0.0777521878480911,1.0468361377716064
1629796009655,0.4398498237133026,-0.1098970398306846,-0.0787583068013191,1.0468361377716064
1629796009733,0.387491375207901,-0.0920534655451774,-0.0828543752431869,1.0462325811386108
1629796009890,0.4350070357322693,-0.0812587365508079,-0.0991254970431327,1.0866329669952393
1629796009983,0.4400838911533355,-0.0785077437758445,-0.1309231668710708,1.1002326011657717
1629796010047,0.4242761135101318,-0.0904490277171135,-0.1825374066829681,1.0937020778656006
1629796010205,0.4143183529376983,-0.1221916303038597,-0.2557463347911834,1.0800234079360962
1629796010252,0.422263503074646,-0.1664907038211822,-0.3331725299358368,1.068576455116272
1629796010345,0.4400638043880462,-0.1983982026576995,-0.3687244951725006,1.0594959259033203
1629796010502,0.4400638043880462,-0.192775547504425,-0.3276403546333313,1.049288272857666
1629796010580,0.4400638043880462,-0.1458051204681396,-0.2348872274160385,1.037595510482788
1629796010674,0.4400638043880462,-0.0772275030612945,-0.1334044784307479,1.037595510482788
1629796010767,0.4400638043880462,-0.0132247535511851,-0.0409304574131965,1.037595510482788
1629796010908,0.4400638043880462,0.0295079965144395,0.0409661494195461,1.037595510482788
1629796010986,0.4679235517978668,0.048146478831768,0.1101720556616783,1.0516804456710815
1629796011142,0.4887675344944,0.0523065663874149,0.1623771041631698,1.0590031147003174
1629796011173,0.4910644292831421,0.0532515235245227,0.1933379918336868,1.0542196035385132
1629796011345,0.4718794524669647,0.0547836758196353,0.2040026932954788,1.0332117080688477
1629796011377,0.4450623691082001,0.0535435862839221,0.2027858048677444,0.9988353848457336
1629796011499,0.4400336742401123,0.0471716187894344,0.2000966221094131,0.9643769264221193
1629796011594,0.4400336742401123,0.0367041751742363,0.2010864168405532,0.944432020187378
1629796011735,0.4400336742401123,0.025490740314126,0.2052810341119766,0.9378260970115662
1629796011830,0.4400336742401123,0.0160528142005205,0.2066785842180252,0.9168251156806946
1629796011907,0.4400336742401123,0.0077995182946324,0.1995592713356018,0.9115014672279358
1629796011988,0.4400336742401123,-0.0053936247713863,0.181665614247322,0.9540260434150696
1629796012111,0.4394425749778747,-0.0345644131302833,0.1549014151096344,1.0321142673492432
1629796012192,0.4586948454380035,-0.0871692821383476,0.1221461296081543,1.066128849983215
1629796012363,0.4777494370937347,-0.1563874185085296,0.0846699327230453,1.0751172304153442
1629796012404,0.4929353594779968,-0.2219422608613968,0.0381560921669006,1.066835641860962
1629796012457,0.5024592280387878,-0.2680670619010925,-0.0220338385552167,1.0515600442886353
1629796012614,0.5024592280387878,-0.3045918643474579,-0.092080682516098,1.0515600442886353
1629796012678,0.5024592280387878,-0.3499130010604858,-0.1508465558290481,1.0515600442886353
1629796012803,0.5024592280387878,-0.3960451781749725,-0.1747034788131714,1.0515600442886353
1629796012929,0.5024592280387878,-0.4109716117382049,-0.1692335456609726,1.0515600442886353
1629796012985,0.5024592280387878,-0.3770581483840942,-0.1584925949573516,1.0515600442886353
1629796013079,0.5024592280387878,-0.319422572851181,-0.1541914641857147,1.0515600442886353
1629796013188,0.5024592280387878,-0.2714892327785492,-0.1566072255373001,1.0515600442886353
1629796013297,0.5166075825691223,-0.2478714883327484,-0.1601025760173797,1.071421504020691
1629796013391,0.5299293398857117,-0.24664968252182,-0.1624991744756698,1.0888882875442505
1629796013551,0.5442341566085815,-0.2581953108310699,-0.1654597371816635,1.091550350189209
1629796013676,0.5574800372123718,-0.2721225023269653,-0.1716884225606918,1.0701723098754885
1629796013723,0.5574800372123718,-0.2840253412723541,-0.1827700287103653,1.0701723098754885
1629796013801,0.5574800372123718,-0.2941884696483612,-0.1993355304002761,1.0701723098754885
1629796013896,0.5574800372123718,-0.3048845827579498,-0.2203132063150406,1.0701723098754885
1629796013976,0.5574800372123718,-0.3148357570171356,-0.2418079376220703,1.0701723098754885
1629796014164,0.3887363374233246,-0.3218339085578918,-0.2595309615135193,0.7516672611236572
1629796014232,0.3526255488395691,-0.3265380263328552,-0.2751659154891968,0.7147437334060669
1629796014341,0.3292162716388702,-0.3377257585525512,-0.2918861508369446,0.7264745831489563
1629796014435,0.3358804285526275,-0.364745169878006,-0.3079445958137512,0.7818582057952881
1629796014497,0.3773621916770935,-0.4091704487800598,-0.3156251907348633,0.8568750023841858
1629796014607,0.4344868063926697,-0.4571167826652527,-0.310978502035141,0.9234623908996582
1629796014767,0.4810951054096222,-0.4874460697174072,-0.2979328036308288,0.9651461243629456
1629796014845,0.5046768188476562,-0.4879704713821411,-0.2847502529621124,0.9798739552497864
1629796014954,0.5117515921592712,-0.4632517993450165,-0.2758660018444061,0.975652039051056
1629796015032,0.525041937828064,-0.4199215769767761,-0.267758697271347,0.9647241234779358
1629796015142,0.5620038509368896,-0.3634323477745056,-0.2540141344070434,0.9562997221946716
1629796015204,0.6130829453468323,-0.3070006370544433,-0.2349791079759597,0.9538339972496032
1629796015395,0.6697694659233093,-0.267111212015152,-0.2162436693906784,0.9550085663795472
1629796015442,0.7064222097396851,-0.2488447278738021,-0.2036024630069732,0.970778226852417
1629796015582,0.7215754389762878,-0.2457017600536346,-0.1952526420354843,0.9949789047241212
1629796015692,0.7421990036964417,-0.2458168417215347,-0.1831454336643219,1.0358788967132568
1629796015770,0.7679703831672668,-0.2375807017087936,-0.1592537611722946,1.1164647340774536
1629796015817,0.7961239218711853,-0.2152621448040008,-0.1217995285987854,1.1328511238098145
1629796016019,0.822321891784668,-0.1807665079832077,-0.078088030219078,1.1406049728393557
1629796016038,0.841768205165863,-0.1411865055561065,-0.042377408593893,1.1370394229888916
1629796016167,0.8536822199821472,-0.1061588004231453,-0.0234249383211135,1.1247477531433103
1629796016246,0.865167498588562,-0.0818275734782219,-0.0202843155711889,1.1131807565689087
1629796016339,0.8886623978614807,-0.0681948289275169,-0.0235172975808382,1.1140971183776855
1629796016417,0.93049156665802,-0.0647435262799263,-0.0262318681925535,1.1327502727508545
1629796016574,0.9782211184501648,-0.0693815350532531,-0.032517235726118,1.1643613576889038
1629796016714,0.9782211184501648,-0.0777563601732254,-0.0507779084146022,1.2016786336898804
1629796016777,0.9782211184501648,-0.0835664123296737,-0.083249308168888,1.2141882181167605
1629796016839,0.9782211184501648,-0.0803518816828727,-0.1243651956319809,1.2282737493515017
1629796016933,0.9782211184501648,-0.0668564289808273,-0.1620709598064422,1.2366664409637451
1629796017058,0.6142728328704834,-0.0487257689237594,-0.1854925155639648,1.232485055923462
1629796017199,0.6873427629470825,-0.0338397324085235,-0.1962074637413025,1.1876935958862305
1629796017277,0.7290022969245911,-0.0293324589729309,-0.2068279981613159,1.0009145736694336
1629796017339,0.7498271465301514,-0.0383721999824047,-0.2277402877807617,0.953652560710907
1629796017502,0.7572182416915894,-0.0598705857992172,-0.2551088631153106,0.9150993824005128
1629796017564,0.7572182416915894,-0.0922188013792038,-0.2728593051433563,0.9040061831474304
1629796017658,0.7572182416915894,-0.1302617043256759,-0.2717333734035492,0.9040061831474304
1629796017798,0.7572182416915894,-0.1642094254493713,-0.2581741511821747,0.9040061831474304
1629796017923,0.7572182416915894,-0.1870049983263015,-0.2459804117679596,0.9040061831474304
1629796017970,0.7572182416915894,-0.1989012956619262,-0.2391432672739029,0.9040061831474304
1629796018098,0.7572182416915894,-0.2103760838508606,-0.2316320836544037,0.9040061831474304
1629796018161,0.7572182416915894,-0.2322992086410522,-0.2196196168661117,0.9040061831474304
1629796018270,0.8021767139434814,-0.2647612988948822,-0.2060132473707199,0.8828627467155457
1629796018379,0.8391682505607605,-0.2994878590106964,-0.1953666061162948,0.8340885043144226
1629796018489,0.8606459498405457,-0.3237468302249908,-0.1836764812469482,0.7585297226905823
1629796018614,0.8645843863487244,-0.3189388215541839,-0.1609145998954773,0.6726293563842773
1629796018692,0.8645843863487244,-0.2777352631092071,-0.1196558102965354,0.6095085740089417
1629796018817,0.8645843863487244,-0.2184696197509765,-0.0697848722338676,0.6095085740089417
1629796018879,0.8645843863487244,-0.1703289151191711,-0.032806146889925,0.6095085740089417
1629796019035,0.8645843863487244,-0.1478564590215683,-0.023521976545453,0.6095085740089417
1629796019101,0.8645843863487244,-0.1456194072961807,-0.0416241250932216,0.6095085740089417
1629796019257,0.8645843863487244,-0.1476544141769409,-0.0745929107069969,0.6095085740089417
1629796019304,0.8645843863487244,-0.1418115496635437,-0.1075334027409553,0.6095085740089417
1629796019398,0.8645843863487244,-0.1251576542854309,-0.1319947838783264,0.6095085740089417
1629796019491,0.8645843863487244,-0.1038552373647689,-0.1478445380926132,0.6095085740089417
1629796019663,0.8645843863487244,-0.0855684354901313,-0.1597496420145034,0.6095085740089417
1629796019741,0.8645843863487244,-0.0742119252681732,-0.1717881113290786,0.6095085740089417
1629796019819,0.4906694591045379,-0.0689770355820655,-0.1832716614007949,0.9335600137710572
1629796019913,0.4678744077682495,-0.0676635354757309,-0.1914623379707336,0.8983681201934814
1629796020007,0.4353329241275787,-0.0719924718141555,-0.2007325738668441,0.8534021377563477
1629796020085,0.3976843655109405,-0.0912101864814758,-0.2251063883304596,0.8187887072563171
1629796020280,0.3589543998241424,-0.1352061033248901,-0.2795026302337646,0.805118203163147
1629796020343,0.3279859125614166,-0.2027331739664077,-0.3619976043701172,0.8128905296325684
1629796020405,0.3115046918392181,-0.2716578841209411,-0.4459270238876343,0.8387551307678223
1629796020515,0.3107442855834961,-0.3072216510772705,-0.4954247772693634,0.8754987120628357
1629796020645,0.3195665180683136,-0.2990956008434295,-0.5037064552307129,0.9119263887405396
1629796020700,0.3195665180683136,-0.2746830880641937,-0.4934979081153869,0.9119263887405396
1629796020818,0.3195665180683136,-0.2579301297664642,-0.474932312965393,0.9119263887405396
1629796020947,0.3195665180683136,-0.2464681714773178,-0.4389062821865082,0.9119263887405396
1629796021058,0.2994435131549835,-0.2247692495584488,-0.383813202381134,0.9193400144577026
1629796021152,0.270796537399292,-0.1901434510946273,-0.3243743479251861,0.9137741923332214
1629796021232,0.2358234077692031,-0.1590518355369568,-0.2756811082363128,0.9023535251617432
1629796021278,0.1995594650506973,-0.1463081091642379,-0.2409140467643737,0.900691568851471
1629796021470,0.1703681945800781,-0.1517905443906784,-0.2138016819953918,0.9213581085205078
1629796021533,0.1612584739923477,-0.1635566651821136,-0.1919594705104828,0.963492512702942
1629796021664,0.179370179772377,-0.1716926991939544,-0.1806303560733795,1.0158084630966189
1629796021753,0.2281225025653839,-0.171654999256134,-0.1843228936195373,1.0690970420837402
1629796021833,0.2281225025653839,-0.1605349332094192,-0.2013383954763412,1.07203471660614
1629796021926,0.2281225025653839,-0.139209359884262,-0.2212404012680053,1.043014407157898
1629796022052,0.2281225025653839,-0.1165176630020141,-0.231831818819046,1.005946159362793
1629796022166,0.2281225025653839,-0.1025226116180419,-0.2287465780973434,0.978091835975647
1629796022244,0.2963085174560547,-0.1008691415190696,-0.2177338749170303,1.0166561603546145
1629796022361,0.2779484689235687,-0.1111953482031822,-0.2114268094301223,1.0295089483261108
1629796022423,0.2911549210548401,-0.1370751112699508,-0.222568467259407,1.020360231399536
1629796022501,0.3580425381660461,-0.1834680885076522,-0.256120890378952,1.0042377710342407
1629796022689,0.457209050655365,-0.2457401007413864,-0.3034192323684692,0.9959679245948792
1629796022808,0.5429635643959045,-0.3033923506736755,-0.3454644083976745,0.9982663989067078
1629796022839,0.5900636315345764,-0.3323418200016022,-0.3679654002189636,1.0043256282806396
1629796022964,0.5979514122009277,-0.3289714753627777,-0.3746277093887329,1.006371259689331
1629796023042,0.5801092386245728,-0.3108063638210296,-0.3753836452960968,1.003240942955017
1629796023199,0.5536537170410156,-0.2939186990261078,-0.3703914284706116,0.9980218410491944
1629796023264,0.5297766923904419,-0.2854362726211548,-0.3595393002033233,0.994231641292572
1629796023418,0.5109961032867432,-0.2894737720489502,-0.3463037610054016,0.9990562200546264
1629796023495,0.5214873552322388,-0.3074007332324981,-0.3361690044403076,1.0080291032791138
1629796023589,0.5329668521881104,-0.3304665684700012,-0.3261328935623169,1.0086429119110107
1629796023648,0.5479309558868408,-0.3317791223526001,-0.3032380044460296,0.9998098611831664
1629796023711,0.5685964226722717,-0.2906934320926666,-0.2575128674507141,0.985353410243988
1629796023898,0.5929325222969055,-0.2257302105426788,-0.1981801986694336,0.9746240377426147
1629796023976,0.61302250623703,-0.171203076839447,-0.1455350965261459,0.9759623408317566
1629796024080,0.6112790703773499,-0.1397479772567749,-0.1110592037439346,0.98622864484787
1629796024174,0.5652750134468079,-0.1237210631370544,-0.0897402316331863,0.993475079536438
1629796024299,0.4581468999385834,-0.1082158461213111,-0.0688975155353546,0.9897911548614502
1629796024362,0.2896017134189605,-0.0905340313911438,-0.0424843207001686,0.9767643213272096
1629796024519,0.1025021895766258,-0.0767537280917167,-0.0125275962054729,0.965690016746521
1629796024599,0.4115824103355407,-0.0705699026584625,0.0154534354805946,0.9661600589752196
1629796024708,0.6224848031997681,-0.0681397095322609,0.0402320362627506,0.979909360408783
1629796024786,0.7600458264350891,-0.0643936544656753,0.0652592256665229,0.9961059093475342
1629796024864,0.8434222340583801,-0.0580234043300151,0.0908663868904113,0.996997594833374
1629796024974,0.81144779920578,-0.0513432323932647,0.111704297363758,0.975172221660614
1629796025148,0.7774412035942078,-0.0503126196563243,0.1222283989191055,0.959806263446808
1629796025179,0.7519937753677368,-0.0665092095732688,0.1203929409384727,0.9397215247154236
1629796025304,0.7340229153633118,-0.109911248087883,0.1066832840442657,0.9147553443908693
1629796025382,0.7177504897117615,-0.1735574454069137,0.0836174264550209,0.8931792974472046
1629796025523,0.7177504897117615,-0.2229302376508712,0.0581973083317279,0.8876770734786987
1629796025585,0.7177504897117615,-0.2208864688873291,0.038246426731348,0.9042169451713562
1629796025747,0.7177504897117615,-0.1722007542848587,0.0230980105698108,0.9042169451713562
1629796025810,0.7177504897117615,-0.1162996366620063,0.0029018784407526,0.9042169451713562
1629796025903,0.7177504897117615,-0.0754226595163345,-0.0295617096126079,0.9042169451713562
1629796025982,0.7177504897117615,-0.0516565553843975,-0.0745491459965705,0.9042169451713562
1629796026140,0.6955456137657166,-0.0391180105507373,-0.1247949823737144,0.9042169451713562
1629796026187,0.6648201942443848,-0.0340192839503288,-0.1746357828378677,0.8947325944900513
1629796026312,0.6233412623405457,-0.0351807661354541,-0.2241125851869583,0.8788046836853027
1629796026421,0.5819835662841797,-0.0421299897134304,-0.2705207765102386,0.8628480434417725
1629796026515,0.5622376799583435,-0.0531913042068481,-0.3019421398639679,0.8495264053344727
1629796026625,0.5622376799583435,-0.0647989064455032,-0.3128606081008911,0.8404530882835388
1629796026687,0.5622376799583435,-0.0706304535269737,-0.3158305287361145,0.8454107642173767
1629796026828,0.5622376799583435,-0.0678090527653694,-0.3224565684795379,0.8655279278755188
1629796026937,0.5622376799583435,-0.0622397102415561,-0.329012393951416,0.902143895626068
1629796026999,0.5622376799583435,-0.0655467137694358,-0.329201191663742,0.9311288595199584
1629796027124,0.6203508377075195,-0.0876547545194625,-0.3239060938358307,0.9260709285736084
1629796027264,0.6322544813156128,-0.1336421221494674,-0.3148410022258758,0.9403545260429382
1629796027374,0.635547399520874,-0.1992876827716827,-0.2983839511871338,0.9485844373703004
1629796027421,0.633048415184021,-0.2725915312767029,-0.2750445902347564,0.9547714591026306
1629796027530,0.6266337633132935,-0.3380557596683502,-0.2514687180519104,0.9592267870903016
1629796027670,0.6205184459686279,-0.3832649290561676,-0.2313809990882873,0.959849774837494
1629796027764,0.6233158707618713,-0.404109239578247,-0.2156978547573089,0.956575095653534
1629796027795,0.6468260288238525,-0.4050828218460083,-0.2061638981103897,0.9535235166549684
1629796027983,0.695756196975708,-0.3946272730827331,-0.208369493484497,0.9535235166549684
1629796028092,0.695756196975708,-0.3750532269477844,-0.2249471545219421,0.9535235166549684
1629796028155,0.695756196975708,-0.3464341461658478,-0.2503398954868316,0.9535235166549684
1629796028235,0.90852153301239,-0.3138400316238403,-0.2733214199542999,0.9619802832603456
1629796028360,1.104649305343628,-0.2865771651268005,-0.2886610329151153,0.9722900986671448
1629796028438,1.1286317110061646,-0.2686773538589477,-0.2973260283470154,0.9780293703079224
1629796028501,1.154370903968811,-0.2584353983402252,-0.3019750714302063,0.9769914746284484
1629796028642,1.1824309825897217,-0.2526129186153412,-0.3049638569355011,0.9721216559410096
1629796028782,1.2144140005111694,-0.2483148425817489,-0.3065146505832672,0.9663049578666688
1629796028891,1.2521554231643677,-0.2439330667257309,-0.3043605387210846,0.9603452086448668
1629796028923,1.297363519668579,-0.24107526242733,-0.2914479374885559,0.9510168433189392
1629796029063,1.3522825241088867,-0.2422179877758026,-0.2653941512107849,0.9510168433189392
1629796029157,1.3517779111862185,-0.2506890892982483,-0.2367528527975082,0.9510168433189392
1629796029222,1.3502153158187866,-0.2666141390800476,-0.2154534012079239,0.9510168433189392
1629796029394,1.341444492340088,-0.2849981188774109,-0.2026650458574295,0.9510168433189392
1629796029472,1.3171967267990112,-0.3005309998989105,-0.189268410205841,1.1510576009750366
1629796029566,1.2594441175460815,-0.317309021949768,-0.1647365242242813,1.1190615892410278
1629796029644,1.2077829837799072,-0.3435795903205871,-0.1299325078725814,1.0912991762161257
1629796029735,1.0270531177520752,-0.3861046731472015,-0.0970182791352272,1.06481671333313
1629796029891,0.4791505336761474,-0.4347777962684631,-0.0775334909558296,1.0405986309051514
1629796029969,0.4868328273296356,-0.4696084260940552,-0.0739549696445465,1.0189415216445925
1629796030097,0.4999104142189026,-0.4806396067142486,-0.0782936289906501,1.0000826120376587
1629796030160,0.5084418058395386,-0.4742895662784576,-0.0792254209518432,0.9868530631065368
1629796030254,0.5160557627677917,-0.4612112045288086,-0.0740581080317497,0.985395073890686
1629796030379,0.5160557627677917,-0.4471487998962402,-0.0676752477884292,1.0075846910476685
1629796030441,0.5160557627677917,-0.4308851957321167,-0.0669795498251915,1.063490629196167
1629796030582,0.5160557627677917,-0.4130075573921203,-0.07284427434206,1.1355351209640503
1629796030707,0.512891948223114,-0.3929605185985565,-0.0800903886556625,1.1914682388305664
1629796030769,0.5034383535385132,-0.3685737550258636,-0.0829992219805717,1.2442245483398438
1629796030878,0.4896463751792907,-0.3388663530349731,-0.08162721991539,1.254961609840393
1629796030956,0.4800355434417724,-0.3032279908657074,-0.0840246677398681,1.2701269388198853
1629796031081,0.4872733354568481,-0.2587227821350097,-0.0991096571087837,1.28819477558136
1629796031175,0.5147393941879272,-0.207233041524887,-0.1293473690748214,1.310295581817627
1629796031300,0.5519315600395203,-0.1584982126951217,-0.167021706700325,1.3374876976013184
1629796031410,0.5816108584403992,-0.1258261650800705,-0.1986641734838485,1.3699207305908203
1629796031488,0.5816108584403992,-0.112878605723381,-0.2164578288793563,1.4081746339797974
1629796031597,0.5816108584403992,-0.1102056801319122,-0.2258818000555038,1.4532359838485718
1629796031691,0.5816108584403992,-0.1021248921751976,-0.2377711981534958,1.5052887201309204
1629796031816,0.5816108584403992,-0.0824860781431198,-0.2581582963466644,1.5628867149353027
1629796031894,0.5816108584403992,-0.056792389601469,-0.2877149283885956,1.619330883026123
1629796032003,0.5816108584403992,-0.0334729850292205,-0.325478732585907,1.5699725151062012
1629796032146,0.5816108584403992,-0.0164896734058856,-0.3722667694091797,1.4558324813842771
1629796032178,0.5816108584403992,-0.0061780349351465,-0.427342414855957,1.2575091123580933
1629796032318,0.5165364742279053,-0.0006318025407381,-0.4860901236534118,0.9082460999488832
1629796032427,0.4587606489658355,0.0022841596510261,-0.5396462082862854,0.8780531287193298
1629796032521,0.4186320006847381,0.0055715385824441,-0.578829824924469,0.8637682199478149
1629796032630,0.3928355872631073,0.0079290959984064,-0.6073262691497803,0.8639764189720154
1629796032697,0.3745509088039398,0.0052488693036139,-0.6277399659156799,0.8678140640258789
1629796032807,0.3594770133495331,-0.0022544185630977,-0.6295244693756104,0.8653680086135864
1629796032900,0.3471607565879822,-0.0095105953514575,-0.5984496474266052,0.8579136729240417
1629796033010,0.3478333353996277,-0.0121751353144645,-0.5414517521858215,0.857727587223053
1629796033121,0.3478333353996277,-0.0136207519099116,-0.480088472366333,0.875802755355835
1629796033230,0.3478333353996277,-0.0225173756480216,-0.4299489855766296,0.9213366508483888
1629796033293,0.3478333353996277,-0.0429407767951488,-0.3930206596851349,0.9213366508483888
1629796033418,0.3478333353996277,-0.0730489939451217,-0.3658656477928161,0.9213366508483888
1629796033480,0.2852682471275329,-0.1046366989612579,-0.3407712578773498,0.9057984948158264
1629796033621,0.234546273946762,-0.1266313046216964,-0.3071851432323456,0.9033098816871644
1629796033730,0.2089368104934692,-0.1341108530759811,-0.2610310018062591,0.9114684462547302
1629796033855,0.2104083001613617,-0.1338283270597458,-0.2071786969900131,0.927030384540558
1629796033918,0.2272144705057144,-0.1389649510383606,-0.1529805064201355,0.9463501572608948
1629796034027,0.244099274277687,-0.159803569316864,-0.1019128933548927,0.9652531743049622
1629796034155,0.2557464838027954,-0.1938882768154144,-0.0538786947727203,0.979894518852234
1629796034233,0.3554314970970154,-0.2253091931343078,-0.0103825666010379,0.9850022792816162
1629796034358,0.4340220093727112,-0.23618084192276,0.0255789682269096,0.9997027516365052
1629796034467,0.4831117987632751,-0.222794234752655,0.0542240552604198,1.0240106582641602
1629796034564,0.4754202961921692,-0.2003509104251861,0.0789103955030441,1.0451054573059082
1629796034642,0.4219666421413421,-0.1841087192296981,0.1020876243710517,1.0529005527496338
1629796034752,0.3764658272266388,-0.1790976822376251,0.1224320605397224,1.023162603378296
1629796034846,0.3486706912517547,-0.1822650581598281,0.1384812891483307,1.0410277843475342
1629796034939,0.3323526382446289,-0.1877255141735077,0.1554163098335266,1.0418068170547483
1629796035067,0.3165006339550018,-0.195070132613182,0.1796219646930694,1.0285558700561523
1629796035141,0.2940374612808227,-0.2088724672794342,0.2110128551721573,1.007810354232788
1629796035237,0.2666724622249603,-0.2298316806554794,0.241625115275383,0.9843183755874634
1629796035362,0.2396689057350158,-0.2497867494821548,0.2624826431274414,0.962650716304779
1629796035502,0.2160160094499588,-0.2560307681560516,0.2695545554161072,0.9485361576080322
1629796035549,0.2160160094499588,-0.2472054213285446,0.2650511562824249,0.9485361576080322
1629796035659,0.2160160094499588,-0.2360759079456329,0.2557268738746643,0.9485361576080322
1629796035752,0.1727497577667236,-0.2359280437231063,0.2508524358272552,0.9500601887702942
1629796035830,0.1176237538456916,-0.2484079301357269,0.254275381565094,0.949683964252472
1629796035924,0.0596770234405994,-0.2655034959316253,0.2599498331546783,0.9465914368629456
1629796036083,0.0200170893222093,-0.2773445248603821,0.2577345669269562,0.9383897185325624
1629796036208,0.0089508639648556,-0.2817451059818268,0.2439911365509033,0.9165153503417968
1629796036301,0.0062382486648857,-0.2843829691410064,0.2237846851348877,0.8724547028541565
1629796036379,-0.0181462299078702,-0.2919112145900726,0.2039243429899215,0.8077315092086792
1629796036473,-0.0776878148317337,-0.3053112626075744,0.1836988180875778,0.7386031746864319
1629796036536,-0.1667160391807556,-0.3186493813991546,0.1583504527807235,0.6847594380378723
1629796036723,-0.1667160391807556,-0.3215177953243255,0.1282930523157119,0.6847594380378723
1629796036801,-0.1667160391807556,-0.3086934983730316,0.1020332127809524,0.6847594380378723
1629796036879,-0.1667160391807556,-0.2851482033729553,0.0864890441298484,0.6847594380378723
1629796036973,-0.1667160391807556,-0.262416273355484,0.0783723294734954,0.6847594380378723
1629796037051,0.1751051694154739,-0.2459770441055297,0.0682403221726417,0.8720437288284302
1629796037196,0.1562545001506805,-0.2349824756383896,0.0487012229859828,0.9176527857780457
1629796037306,0.1330077052116394,-0.2292969822883606,0.0137322060763835,0.9524983167648317
1629796037430,0.1342419385910034,-0.2323180884122848,-0.0380957908928394,0.9676438570022584
1629796037462,0.1768711060285568,-0.2436904162168502,-0.0991792827844619,0.9718250632286072
1629796037555,0.2547163069248199,-0.2514262497425079,-0.1503627896308899,0.9724229574203492
1629796037680,0.3340629637241363,-0.2409909218549728,-0.1749448180198669,0.970121443271637
1629796037774,0.3888463675975799,-0.2115996032953262,-0.173449620604515,0.9643575549125672
1629796037930,0.4151387810707092,-0.1754361540079116,-0.1608330905437469,0.9612123370170592
1629796037993,0.4283062517642975,-0.1456816345453262,-0.1525460183620453,0.969041109085083
1629796038071,0.4283062517642975,-0.1262463331222534,-0.1604202538728714,0.969041109085083
1629796038196,0.4283062517642975,-0.115485593676567,-0.1956214308738708,0.969041109085083
1629796038274,0.44723641872406,-0.1108926683664321,-0.2646183371543884,0.9740929007530212
1629796038368,0.4643446207046509,-0.1097813919186592,-0.3568487167358398,0.9862126111984252
1629796038493,0.4826219975948334,-0.1063233762979507,-0.4341988265514374,1.0004361867904663
1629796038618,0.5061646699905396,-0.0961159840226173,-0.4578219056129455,1.0060532093048096
1629796038727,0.5392113327980042,-0.0794452428817749,-0.4374904632568359,0.9983218312263488
1629796038790,0.5814739465713501,-0.0608817860484123,-0.4062691628932953,0.982735812664032
1629796038883,0.6252838969230652,-0.0443207062780857,-0.3791552186012268,0.9706656336784364
1629796038993,0.6595776081085205,-0.0340486913919448,-0.3546461462974548,0.9645493626594543
1629796039118,0.6691887974739075,-0.0354432128369808,-0.3336625695228576,0.9613343477249146
1629796039243,0.6691887974739075,-0.0506774075329303,-0.3230629861354828,0.9613343477249146
1629796039352,0.6691887974739075,-0.0729340389370918,-0.328351765871048,0.9613343477249146
1629796039430,0.6691887974739075,-0.0917637571692466,-0.3442226052284241,0.9613343477249146
1629796039477,0.6691887974739075,-0.09879070520401,-0.3574101328849792,0.9613343477249146
1629796039586,0.1720125526189804,-0.0961906462907791,-0.361302763223648,1.1000920534133911
1629796039742,0.2169769257307052,-0.0916113182902336,-0.3583557903766632,1.0793448686599731
1629796039821,0.2557590901851654,-0.0917002111673355,-0.3527191281318664,1.060930252075195
1629796039930,0.2865661978721618,-0.0996527820825576,-0.3409362733364105,1.0582389831542969
1629796040024,0.3179671168327331,-0.1173239722847938,-0.3179846107959747,1.0785255432128906
1629796040117,0.356224924325943,-0.1441828310489654,-0.2854283452033996,1.112926006317139
1629796040260,0.4053690433502197,-0.1761589646339416,-0.2507834732532501,1.1459941864013672
1629796040323,0.4958472549915313,-0.2042142301797866,-0.2224752753973007,1.1775476932525637
1629796040448,0.6523707509040833,-0.2226616591215133,-0.2049512416124344,1.2220003604888916
1629796040573,0.825933575630188,-0.2317643612623214,-0.1989624798297882,1.2856520414352417
1629796040666,0.9605258107185364,-0.2363427430391311,-0.2003231644630432,1.3514220714569092
1629796040698,1.0383872985839844,-0.2404138147830963,-0.2003531157970428,1.3994640111923218
1629796040823,1.0908310413360596,-0.2469667494297027,-0.1902192384004593,1.4357935190200806
1629796041072,1.1124638319015503,-0.2525684833526611,-0.1691738218069076,1.4553771018981934
1629796041088,1.1204326152801514,-0.2515545189380646,-0.1463717222213745,1.4672987461090088
1629796041151,1.1250966787338257,-0.2409332245588302,-0.1304850578308105,1.4764400720596311
1629796041278,1.129476547241211,-0.2267209887504577,-0.1262895613908767,1.4821457862854004
1629796041356,1.1349470615386963,-0.2142346948385238,-0.1335762292146682,1.48367178440094
1629796041403,1.140628457069397,-0.2044748812913894,-0.1543108969926834,1.4803158044815063
1629796041574,1.1438958644866943,-0.1977233737707138,-0.1917690932750702,1.4714239835739136
1629796041684,1.1423016786575315,-0.1971085369586944,-0.2446427792310714,1.4577258825302124
1629796041762,1.1351147890090942,-0.2040820121765136,-0.300982117652893,1.4427255392074585
1629796041856,1.1177295446395874,-0.2155855000019073,-0.3396653532981872,1.4271317720413208
1629796041918,1.0753151178359983,-0.2259077578783035,-0.348310649394989,1.4022109508514404
1629796042061,0.9903095364570618,-0.2312517017126083,-0.3319675028324127,1.3540822267532349
1629796042201,0.8556234836578369,-0.2317127585411071,-0.3063927292823791,1.2796306610107422
1629796042248,0.688926100730896,-0.2300952970981598,-0.2877423167228699,1.1943652629852295
1629796042342,0.5446549654006958,-0.2305789142847061,-0.2857670783996582,1.1252028942108154
1629796042510,0.4734229445457458,-0.2379796952009201,-0.3012930452823639,1.0812405347824097
1629796042574,0.4583516418933868,-0.2557718455791473,-0.3223164677619934,1.0464991331100464
1629796042653,0.4543483853340149,-0.2816412448883056,-0.3294728398323059,1.0101144313812256
1629796042791,0.4394481182098388,-0.3052763938903808,-0.3133144676685333,0.9796735644340516
1629796042870,0.4032857716083526,-0.3204131722450256,-0.2822636067867279,0.9624230861663818
1629796042948,0.3662913739681244,-0.3281753957271576,-0.247674286365509,0.9680657386779784
1629796043088,0.331338495016098,-0.3248398005962372,-0.2122054100036621,0.9775562286376952
1629796043199,0.3160006105899811,-0.3001161813735962,-0.1701989620923996,0.9866642951965332
1629796043247,0.3253319561481476,-0.2568788528442383,-0.1208914667367935,0.9910275936126708
1629796043431,0.3478681743144989,-0.2157034277915954,-0.0755752101540565,0.985946774482727
1629796043523,0.3708392381668091,-0.1933017522096634,-0.0470783896744251,0.9734716415405272
1629796043603,0.390874832868576,-0.1866046041250229,-0.0407026447355747,0.963247776031494
1629796043681,0.4108254909515381,-0.1818217784166336,-0.0509474240243434,0.9571134448051452
1629796043807,0.4338114857673645,-0.1723634451627731,-0.0667082741856575,0.9416366815567015
1629796043883,0.4553180038928985,-0.1632224470376968,-0.0813118144869804,0.900149941444397
1629796043976,0.4625695943832397,-0.1600634455680847,-0.0929145067930221,0.8304473161697388
1629796044103,0.4625695943832397,-0.1609536260366439,-0.1018460392951965,0.8304473161697388
1629796044211,0.4625695943832397,-0.1599062830209732,-0.1054768711328506,0.8304473161697388
1629796044283,0.4625695943832397,-0.1551863551139831,-0.0964703932404518,0.8304473161697388
1629796044376,0.4625695943832397,-0.1494583338499069,-0.074017234146595,0.8304473161697388
1629796044454,0.6672901511192322,-0.1458831876516342,-0.0491493344306945,1.1584935188293457
1629796044642,0.6626535058021545,-0.1478303074836731,-0.0363593213260173,1.148545503616333
1629796044751,0.6338852047920227,-0.1595888286828994,-0.04513955488801,1.1275758743286133
1629796044783,0.5906955003738403,-0.1819135695695877,-0.0774359479546547,1.110804796218872
1629796044877,0.5443658828735352,-0.208194151520729,-0.1272265911102295,1.1047457456588743
1629796044969,0.5062558650970459,-0.2289081960916519,-0.1784613728523254,1.1080598831176758
1629796045094,0.4863720834255218,-0.2440948784351349,-0.2065451443195343,1.1164251565933228
1629796045254,0.4863720834255218,-0.2594902515411377,-0.1974398046731948,1.12485933303833
1629796045332,0.4863720834255218,-0.2703303098678589,-0.1600569784641266,1.12485933303833
1629796045379,0.4863720834255218,-0.2617149949073791,-0.1103037819266319,1.12485933303833
1629796045473,0.4863720834255218,-0.2278760522603988,-0.0582914836704731,1.12485933303833
1629796045600,0.4863720834255218,-0.1817100048065185,-0.0120732160285115,1.12485933303833
1629796045719,0.4814874827861786,-0.1410124897956848,0.0181819144636392,1.1363792419433594
1629796045812,0.4549894034862518,-0.1158050894737243,0.0235503874719142,1.134144902229309
1629796045969,0.3966709077358246,-0.1058747768402099,0.0040465798228979,1.119211196899414
1629796046031,0.3029385209083557,-0.1051116064190864,-0.027498411014676,1.1044015884399414
1629796046125,0.1847711503505706,-0.105550892651081,-0.0535128004848957,1.10408353805542
1629796046190,0.0810871198773384,-0.1033119186758995,-0.0647653266787529,1.121576905250549
1629796046346,0.0810871198773384,-0.1000148877501487,-0.0642534643411636,1.1484105587005615
1629796046424,0.0810871198773384,-0.0983554497361183,-0.0577242821455001,1.1594809293746948
1629796046534,0.0810871198773384,-0.0979464650154113,-0.0484092384576797,1.1583901643753052
1629796046596,0.0810871198773384,-0.0946382507681846,-0.0405320636928081,1.1557246446609497
1629796046748,0.5313330292701721,-0.084749087691307,-0.0389741547405719,1.163258075714111
1629796046858,0.5342165231704712,-0.0729094445705413,-0.0470619425177574,1.1820521354675293
1629796046967,0.514297366142273,-0.0702295824885368,-0.0667238757014274,1.1919845342636108
1629796047084,0.4809517860412597,-0.0853936970233917,-0.0993977412581443,1.1949807405471802
1629796047162,0.443178653717041,-0.1166144683957099,-0.14033804833889,1.1911786794662476
1629796047242,0.4052165448665619,-0.1503568887710571,-0.1751708686351776,1.1789536476135254
1629796047367,0.3687301576137543,-0.170732244849205,-0.1882223933935165,1.1603188514709473
1629796047399,0.3364580869674682,-0.176608458161354,-0.1762410849332809,1.1423743963241575
1629796047555,0.3139449656009674,-0.1786292642354965,-0.1490907967090606,1.13267719745636
1629796047664,0.3099878132343292,-0.1880824714899063,-0.1185912117362022,1.1341768503189087
1629796047742,0.3099878132343292,-0.206944540143013,-0.095423474907875,1.1433308124542236
1629796047852,0.3099878132343292,-0.2290880978107452,-0.0858799964189529,1.1601892709732056
1629796047930,0.3034278452396393,-0.24288409948349,-0.0876278802752494,1.1924138069152832
1629796048039,0.2787756621837616,-0.2385482788085937,-0.0937014520168304,1.1966047286987305
1629796048181,0.2302343249320984,-0.2194173336029052,-0.1004153117537498,1.1982133388519287
1629796048276,0.1579070538282394,-0.2025923430919647,-0.1099032908678054,1.1956543922424316
1629796048370,0.0716220140457153,-0.1937826722860336,-0.1234911829233169,1.2256135940551758
1629796048463,-0.0041669057682156,-0.1839881837368011,-0.137175902724266,1.2305738925933838
1629796048588,-0.0493263788521289,-0.1644843518733978,-0.1461720317602157,1.2321771383285522
1629796048635,-0.0608643181622028,-0.1420249193906784,-0.1517005413770675,1.2384757995605469
1629796048760,-0.0383785627782344,-0.1313057243824005,-0.1601097285747528,1.2539854049682615
1629796048885,-0.0383785627782344,-0.1330021619796753,-0.1745214462280273,1.2809287309646606
1629796048932,-0.0383785627782344,-0.1328287720680236,-0.1942185163497924,1.3007917404174805
1629796049110,-0.0383785627782344,-0.1217869594693183,-0.2190650999546051,1.309523582458496
1629796049141,-0.0383785627782344,-0.1047066822648048,-0.2496447265148162,1.3093628883361816
1629796049253,0.6185697317123413,-0.0893925800919532,-0.2758454084396362,1.3071070909500122
1629796049378,0.5650201439857483,-0.0788035839796066,-0.2779364585876465,1.3011305332183838
1629796049535,0.5181983113288879,-0.0751872062683105,-0.2490139603614807,1.2765510082244873
1629796049597,0.4759711027145386,-0.0838287994265556,-0.2071446031332016,1.2741562128067017
1629796049675,0.4345342814922333,-0.1078881993889808,-0.1742087304592132,1.2587929964065552
1629796049785,0.394479364156723,-0.1421397626399994,-0.1581079810857772,1.2346066236495972
1629796049863,0.3564125299453735,-0.1822050362825393,-0.1526087969541549,1.1709418296813965
1629796049956,0.3224112093448639,-0.2272800058126449,-0.1489174515008926,1.135321855545044
1629796050100,0.2948221862316131,-0.2736449539661407,-0.144240066409111,1.1253865957260132
1629796050163,0.2762231826782226,-0.3100813329219818,-0.1399235427379608,1.1270495653152466
1629796050319,0.2686814367771148,-0.3281975090503692,-0.1339580416679382,1.135534167289734
1629796050350,0.2685744762420654,-0.3404527902603149,-0.1247505918145179,1.142630696296692
1629796050475,0.1910165697336197,-0.3624634742736816,-0.1152737140655517,1.142909049987793
1629796050569,0.117333099246025,-0.3791510164737701,-0.1095727011561393,1.155881404876709
1629796050709,0.0546683110296726,-0.344851016998291,-0.1037498041987419,1.1958295106887815
1629796050756,0.0085934111848473,-0.2536379992961883,-0.0892740935087204,1.193572163581848
1629796050881,-0.0234295297414064,-0.1539622396230697,-0.0683891624212265,1.1841975450515747
1629796051037,-0.0482221655547618,-0.0816170945763588,-0.0545946732163429,1.1708574295043943
1629796051132,-0.0645357146859169,-0.0401745401322841,-0.0557881779968738,1.162389039993286
1629796051182,-0.0610866025090217,-0.0139639806002378,-0.0658261328935623,1.1691150665283203
1629796051322,-0.0363417938351631,0.0098931053653359,-0.0735191777348518,1.192740797996521
1629796051432,0.0102623282000422,0.0332879982888698,-0.0770342871546745,1.226562738418579
1629796051525,0.0727612376213073,0.0521323755383491,-0.0823992863297462,1.2620872259140017
1629796051603,0.0727612376213073,0.0637943521142005,-0.091261439025402,1.2938891649246216
1629796051697,0.0727612376213073,0.0699515789747238,-0.0980484932661056,1.2698547840118408
1629796051791,0.0727612376213073,0.074625976383686,-0.0979799702763557,1.2292829751968384
1629796051916,0.0727612376213073,0.0810284167528152,-0.0934718251228332,1.185116171836853
1629796052010,0.0727612376213073,0.0887305215001106,-0.0901691988110542,1.1469093561172483
1629796052122,0.3014300167560577,0.0904561728239059,-0.0936902314424514,1.080081820487976
1629796052231,0.3244513571262359,0.0728776380419731,-0.1088917255401611,0.8763871192932129
1629796052325,0.317146897315979,0.0277611035853624,-0.1411839127540588,0.8772173523902893
1629796052419,0.3006486296653747,-0.0371931381523609,-0.1900849342346191,0.8785048723220825
1629796052544,0.2899265587329864,-0.0955916866660118,-0.2440588176250457,0.883695125579834
1629796052653,0.2847259640693664,-0.1206938624382019,-0.2812639474868774,0.8916593194007874
1629796052740,0.2795283496379852,-0.1164532974362373,-0.2864102125167846,0.8969900012016296
1629796052803,0.2795283496379852,-0.1043218448758125,-0.2678733766078949,0.8954604864120483
1629796052912,0.2795283496379852,-0.0956529080867767,-0.2454417496919632,0.9008161425590516
1629796052990,0.2795283496379852,-0.0893114730715751,-0.2269663214683532,0.94138365983963
1629796053134,0.2795283496379852,-0.0824235454201698,-0.2072358429431915,1.0354835987091064
1629796053259,0.2795283496379852,-0.0771149545907974,-0.1815030723810196,1.044519066810608
1629796053352,0.2924394309520721,-0.0790253281593322,-0.1580689549446106,1.05624520778656
1629796053415,0.304389625787735,-0.0912748426198959,-0.146874189376831,1.0693374872207642
1629796053509,0.2958609163761139,-0.1121637150645256,-0.1477984935045242,1.083125114440918
1629796053633,0.2642885148525238,-0.1365764141082763,-0.1507740616798401,1.098422884941101
1629796053837,0.2294166833162307,-0.1582732945680618,-0.1482018381357193,1.11628520488739
1629796053868,0.2161812037229538,-0.1721028089523315,-0.1399708837270736,1.1383378505706787
1629796053946,0.2161812037229538,-0.1741779446601867,-0.127456784248352,1.1554076671600342
1629796054055,0.2161812037229538,-0.1682859510183334,-0.1114892065525055,1.1702772378921509
1629796054149,0.2161812037229538,-0.1659906655550003,-0.0988190397620201,1.190494179725647
1629796054211,0.2161812037229538,-0.1792716234922409,-0.0991232469677925,1.2201000452041626
1629796054368,0.6740870475769043,-0.2100872099399566,-0.1141142547130584,1.2547119855880735
1629796054461,0.6440984010696411,-0.2493377029895782,-0.1332645267248153,1.2791242599487305
1629796054555,0.6098529696464539,-0.2861293852329254,-0.146866112947464,1.270786166191101
1629796054649,0.5842838287353516,-0.3168090581893921,-0.1603877991437912,1.1931209564208984
1629796054774,0.5691543817520142,-0.3400724530220032,-0.186854675412178,1.1971421241760254
1629796054789,0.5608696937561035,-0.351837694644928,-0.2288210093975067,1.200076460838318
1629796054946,0.5534651279449463,-0.3508883118629455,-0.2728785872459411,1.1986382007598877
1629796055071,0.5432729721069336,-0.342978835105896,-0.2969752848148346,1.1925379037857056
1629796055133,0.5432729721069336,-0.333277940750122,-0.2853025794029236,1.1849817037582395
1629796055230,0.5432729721069336,-0.3205451369285583,-0.2427435219287872,1.1849817037582395
1629796055324,0.5432729721069336,-0.301897644996643,-0.1900312751531601,1.1849817037582395
1629796055464,0.5432729721069336,-0.2761934399604797,-0.1419134140014648,1.1924434900283811
1629796055605,0.541550874710083,-0.2509952485561371,-0.1014696881175041,1.2005112171173096
1629796055636,0.5176132321357727,-0.2347948253154754,-0.0683004707098007,1.2036715745925903
1629796055792,0.4789141714572906,-0.2269292175769806,-0.0441279225051403,1.198757886886597
1629796055841,0.4458992779254913,-0.214919239282608,-0.0292562004178762,1.1891415119171145
1629796055982,0.4366091191768646,-0.1828517913818359,-0.0179741140455007,1.181093692779541
1629796056045,0.447004109621048,-0.1230509430170059,-0.0026225070469081,1.1772587299346924
1629796056201,0.4606165587902069,-0.0366982370615005,0.0206637103110551,1.1716328859329224
1629796056279,0.4606165587902069,0.0609047934412956,0.0455687381327152,1.1563079357147217
1629796056375,0.4606165587902069,0.1463715881109237,0.0661641359329223,1.1563079357147217
1629796056483,0.4606165587902069,0.2063961625099182,0.0792950764298439,1.1563079357147217
1629796056561,0.4606165587902069,0.241373211145401,0.0836739391088485,1.1563079357147217
1629796056737,0.4606165587902069,0.2614330947399139,0.0779004544019699,1.1563079357147217
1629796056829,0.4606165587902069,0.2753655016422272,0.0629280433058738,1.1563079357147217
1629796056907,0.4606165587902069,0.2849193811416626,0.0417275391519069,1.1563079357147217
1629796057017,0.4606165587902069,0.2866625785827636,0.0173789393156766,1.1563079357147217
1629796057067,0.4606165587902069,0.2806365489959717,-0.0085320826619863,1.1563079357147217
1629796057176,0.4606165587902069,0.2718662321567535,-0.0250541307032108,1.1563079357147217
1629796057254,0.4606165587902069,0.2655825614929199,-0.0171114727854728,1.1563079357147217
1629796057395,0.4606165587902069,0.2618798613548279,0.0144476015120744,1.1563079357147217
1629796057489,0.4606165587902069,0.2548252046108246,0.0488741099834442,1.1563079357147217
1629796057628,0.4606165587902069,0.2378265857696533,0.0689033716917038,1.1563079357147217
1629796057677,0.4606165587902069,0.2031187266111374,0.072006806731224,1.1563079357147217
1629796057787,0.4606165587902069,0.1471031755208969,0.0727626085281372,1.1563079357147217
1629796057880,0.4606165587902069,0.0783754661679267,0.0838420093059539,1.1563079357147217
1629796058037,0.4606165587902069,0.0274570807814598,0.1066682785749435,1.1563079357147217
1629796058102,0.4606165587902069,0.0327825434505939,0.130368486046791,1.1563079357147217
1629796058194,0.4606165587902069,0.0886928513646125,0.14495649933815,1.1563079357147217
1629796058274,0.4606165587902069,0.1529542654752731,0.1482316851615905,1.1563079357147217
1629796058367,0.4606165587902069,0.1952491402626037,0.1466195881366729,1.1563079357147217
1629796058480,0.4606165587902069,0.2115072160959243,0.1464470773935318,1.1563079357147217
1629796058668,0.4606165587902069,0.2120968401432037,0.1489559113979339,1.1563079357147217
1629796058746,0.4606165587902069,0.210648313164711,0.1451586633920669,1.1563079357147217
1629796058793,0.4606165587902069,0.2133860737085342,0.1248842403292656,1.1563079357147217
1629796058887,0.4606165587902069,0.2200007438659668,0.0865613520145416,1.1563079357147217
1629796058996,0.4606165587902069,0.2267854064702987,0.0385450460016727,1.1563079357147217
1629796059127,0.4606165587902069,0.229922667145729,-0.007024762686342,1.1563079357147217
1629796059246,0.4606165587902069,0.230730190873146,-0.0430617965757846,1.1563079357147217
1629796059324,0.4606165587902069,0.2326622009277343,-0.0737188160419464,1.559969782829285
1629796059418,0.4606165587902069,0.2379153966903686,-0.0990901067852974,1.559969782829285
1629796059480,0.4606165587902069,0.2384724617004394,-0.1108312830328941,1.559969782829285
1629796059589,0.4606165587902069,0.2215397357940673,-0.0855343267321586,1.559969782829285
1629796059699,0.4606165587902069,0.1832463592290878,-0.0242039579898118,1.559969782829285
1629796059839,0.4606165587902069,0.1357238888740539,0.0432190373539924,1.559969782829285
1629796059918,0.4606165587902069,0.101157046854496,0.0902245193719863,1.559969782829285
1629796060011,0.4606165587902069,0.0904842764139175,0.1114017516374588,1.559969782829285
1629796060136,0.4606165587902069,0.0938770696520805,0.1137340739369392,1.559969782829285
1629796060232,0.4606165587902069,0.0969521254301071,0.1107861027121543,1.559969782829285
1629796060295,0.4606165587902069,0.097983218729496,0.112536035478115,1.559969782829285
1629796060451,0.4606165587902069,0.1051339581608772,0.1217953413724899,1.559969782829285
1629796060549,0.4606165587902069,0.1271380335092544,0.1460345536470413,1.559969782829285
1629796060658,0.4606165587902069,0.1591618061065673,0.1747348606586456,1.559969782829285
1629796060752,0.4606165587902069,0.1854927688837051,0.2047759741544723,1.559969782829285
1629796060830,0.4606165587902069,0.1939203888177871,0.2334682941436767,1.559969782829285
1629796060924,0.829246997833252,0.1828476041555404,0.255335658788681,1.559969782829285
1629796061080,0.829246997833252,0.1600513458251953,0.2647653818130493,1.559969782829285
1629796061142,0.829246997833252,0.1323032677173614,0.2502681314945221,1.559969782829285
1629796061223,0.829246997833252,0.0994602143764495,0.2039440870285034,1.559969782829285
1629796061333,0.829246997833252,0.0590737573802471,0.1300268024206161,1.559969782829285
1629796061426,0.829246997833252,0.0144583210349082,0.0512781180441379,1.559969782829285
1629796061520,0.829246997833252,-0.0256552435457706,-0.0034425051417201,1.559969782829285
1629796061661,0.829246997833252,-0.05512161180377,-0.0034425051417201,1.559969782829285
1629796061739,0.829246997833252,-0.0759803652763366,-0.0034425051417201,1.559969782829285
1629796061848,0.829246997833252,-0.0962516888976097,-0.0034425051417201,1.559969782829285
1629796061979,0.829246997833252,-0.1313949972391128,-0.0034425051417201,1.650665521621704
1629796062034,0.829246997833252,-0.2001041322946548,-0.3073596060276031,1.6502512693405151
1629796062128,0.829246997833252,-0.3083780407905578,-0.3021988272666931,1.6525152921676636
1629796062300,0.829246997833252,-0.433884859085083,-0.3078157305717468,1.6525152921676636
1629796062409,0.829246997833252,-0.5182616114616394,-0.3206703066825866,1.6525152921676636
1629796062456,0.829246997833252,-0.5203776359558105,-0.3287793099880218,1.5947729349136353
1629796062550,0.829246997833252,-0.4695661962032318,-0.3128262162208557,1.5421241521835327
1629796062675,0.829246997833252,-0.4059961140155792,-0.2599537670612335,1.4947000741958618
1629796062768,0.5314592123031616,-0.3346892893314361,-0.1691755354404449,1.4560168981552124
1629796062885,0.5153747200965881,-0.251036524772644,-0.0697868019342422,1.4276481866836548
1629796062979,0.4879147708415985,-0.167360171675682,0.0058543877676129,1.407585620880127
1629796063058,0.4663809239864349,-0.1033420860767364,0.0467619448900222,1.3925416469573977
1629796063148,0.4621535837650299,-0.0660886242985725,0.0572280548512935,1.3794211149215698
1629796063274,0.4621535837650299,-0.0475511327385902,0.0654832497239112,1.3526381254196167
1629796063379,0.4621535837650299,-0.0300880279392004,0.067182257771492,1.2922780513763428
1629796063503,0.4621535837650299,-0.0038259418215602,0.0682578682899475,1.2012964487075806
1629796063595,0.4621535837650299,0.0285505969077348,0.0698003396391868,1.1043336391448977
1629796063674,0.4621535837650299,0.0571696311235427,0.0733775198459625,1.035399079322815
1629796063802,0.4621535837650299,0.0754740387201309,0.0813894420862197,1.035399079322815
1629796063895,0.4621535837650299,0.084049716591835,0.0961272045969963,1.035399079322815
1629796063971,0.4686051607131958,0.0924930945038795,0.1175051778554916,1.0324245691299438
1629796064141,0.4574019908905029,0.1080111041665077,0.140805497765541,1.0513265132904053
1629796064237,0.4228906035423279,0.1257024854421615,0.1584867238998413,1.0969641208648682
1629796064315,0.4817016720771789,0.1315729618072509,0.1583484709262848,1.1057422161102295
1629796064377,0.4950340092182159,0.1157837584614753,0.1338372230529785,1.0925991535186768
1629796064455,0.4877303540706634,0.0832063108682632,0.091168001294136,1.0769466161727903
1629796064612,0.4634226560592651,0.0508811548352241,0.0488487780094146,1.072502851486206
1629796064714,0.4114642739295959,0.0343665778636932,0.0267213974148035,1.0811140537261963
1629796064885,0.378227561712265,0.0329197123646736,0.0276236776262521,1.105692744255066
1629796064964,0.3942979872226715,0.0323019921779632,0.0408922284841537,1.1270530223846436
1629796065026,0.4687189161777496,0.0272500943392515,0.0562687963247299,1.1563125848770142
1629796065104,0.5639637112617493,0.0231772512197494,0.0685013234615325,1.192518711090088
1629796065218,0.6385675072669983,0.0259047485888004,0.0743963196873664,1.2243077754974363
1629796065312,0.6790975332260132,0.0319047719240188,0.0717889592051506,1.243539571762085
1629796065403,0.6965582966804504,0.0323987826704978,0.058343555778265,1.253136396408081
1629796065513,0.7164173722267151,0.0239851102232933,0.0323045291006565,1.2596838474273682
1629796065605,0.773746907711029,0.0237215589731931,-0.005976072512567,1.268271803855896
1629796065726,0.8879426717758179,0.0692342147231102,-0.044039137661457,1.2890056371688845
1629796065816,1.036648154258728,0.1627258509397506,-0.0591813027858734,1.3224101066589355
1629796065972,1.1691383123397827,0.2610695362091064,-0.042562760412693,1.357641339302063
1629796066003,1.1955347061157229,0.329136312007904,-0.0121622644364833,1.3735970258712769
1629796066175,1.225345015525818,0.362592875957489,0.0081385094672441,1.3864753246307373
1629796066222,1.2579922676086426,0.3744756579399109,0.0088586453348398,1.3979023694992063
1629796066300,1.292896032333374,0.3794425129890442,-0.0028392290696501,1.396470308303833
1629796066410,1.3281725645065308,0.3827482759952545,-0.0192109812051057,1.3895962238311768
1629796066581,1.3611235618591309,0.3842658400535583,-0.0340604297816753,1.3726133108139038
1629796066660,1.3572579622268677,0.383344441652298,-0.04342932254076,1.3453174829483032
1629796066706,1.353513479232788,0.3817697167396545,-0.0412057749927043,1.316669464111328
1629796066831,1.3514429330825806,0.3815864324569702,-0.0256454404443502,1.297266721725464
1629796066894,1.3496007919311523,0.383848637342453,-0.0029126445297151,1.288358449935913
1629796067003,1.3417013883590698,0.3855010867118835,0.0163085721433162,1.284411072731018
1629796067151,1.3132308721542358,0.3772868812084198,0.0247102752327919,1.2795578241348269
1629796067276,1.2798783779144287,0.3446368277072906,0.0131626538932323,1.2687692642211914
1629796067323,1.1527347564697266,0.2822124361991882,-0.023750927299261,1.2529354095458984
1629796067433,0.8019593954086304,0.2061194628477096,-0.0724214985966682,1.261532187461853
1629796067532,0.8019593954086304,0.153443232178688,-0.0781686231493949,1.3590213060379028
1629796067641,0.8019593954086304,0.146361619234085,0.0001916767650982,1.4800525903701782
1629796067749,0.8019593954086304,0.1666445285081863,0.1190021783113479,1.4800525903701782
1629796067874,0.8019593954086304,0.1853895485401153,0.2142550349235534,1.4955075979232788
1629796067936,0.8019593954086304,0.1921505630016327,0.2661859095096588,1.515941143035889
1629796068061,0.8019593954086304,0.1851029843091964,0.2838532626628876,1.5419700145721436
1629796068173,0.7842452526092529,0.1665821820497512,0.2879720628261566,1.572396993637085
1629796068266,0.7334291338920593,0.1407026201486587,0.2924334704875946,1.6044241189956665
1629796068376,0.7334291338920593,0.1149370074272155,0.3003252744674682,1.6371989250183103
1629796068485,0.7334291338920593,0.0957335531711578,0.3088832497596741,1.6294068098068235
1629796068610,0.7334291338920593,0.0867616683244705,0.3158371746540069,1.616064190864563
1629796068688,0.7334291338920593,0.0883695855736732,0.3209433555603027,1.599812150001526
1629796068751,0.7334291338920593,0.0949828177690506,0.3251891136169433,1.5849885940551758
1629796068844,-0.0838022530078888,0.0931642949581146,0.3282220065593719,1.5708118677139282
1629796069032,-0.04356624558568,0.0709584578871727,0.3253106772899627,1.537690281867981
1629796069110,-0.0387806072831153,0.0253845043480396,0.3037451207637787,1.4309148788452148
1629796069188,-0.0471473522484302,-0.0372160412371158,0.2507115006446838,1.1215566396713257
1629796069282,-0.0508141070604324,-0.1066570281982421,0.1654009371995926,1.1188253164291382
1629796069386,-0.0465632788836956,-0.1727385818958282,0.0715338662266731,1.10810387134552
1629796069449,-0.0425797514617443,-0.2245251089334488,0.0087632788345217,1.0954883098602295
1629796069590,-0.0125304646790027,-0.2494993656873703,-0.0025648837909102,1.0843687057495115
1629796069699,-0.0125304646790027,-0.2450805902481079,0.0147364009171724,1.0843687057495115
1629796069777,-0.0125304646790027,-0.2187713086605072,0.0359820760786533,1.0843687057495115
1629796069902,-0.0125304646790027,-0.1787342876195907,0.0626972988247871,1.0843687057495115
1629796069949,-0.0125304646790027,-0.1268743127584457,0.1131095886230468,1.086106300354004
1629796070074,0.0113262049853801,-0.0720473751425743,0.1874434947967529,1.0962870121002195
1629796070230,0.0292691010981798,-0.0273924842476844,0.2619311511516571,1.1098240613937378
1629796070292,0.0331407897174358,0.0001515637704869,0.3149754106998443,1.118465781211853
1629796070355,0.0234937369823455,0.0156711135059595,0.3406485319137573,1.113012671470642
1629796070464,0.0117392465472221,0.0288647953420877,0.3487798869609833,1.0882586240768433
1629796070574,0.0170088596642017,0.0419057793915271,0.3510291278362274,1.04653799533844
1629796070667,0.0421113669872283,0.0506354011595249,0.3519460260868072,0.9988162517547609
1629796070808,0.0421113669872283,0.0552834160625934,0.3517641723155975,0.9988162517547609
1629796070949,0.0421113669872283,0.0599136650562286,0.3534958660602569,0.9988162517547609
1629796071042,0.0421113669872283,0.0657145455479621,0.3675242960453033,0.9988162517547609
1629796071107,0.0421113669872283,0.0685984343290329,0.3967351913452148,0.9988162517547609
1629796071201,0.0421113669872283,0.064874067902565,0.4295377135276794,0.9988162517547609
1629796071263,0.7678704261779785,0.0558577440679073,0.449916660785675,1.327215552330017
1629796071404,0.7590145468711853,0.0456076450645923,0.4461568892002105,1.3155759572982788
1629796071544,0.7507951855659485,0.0354105159640312,0.4162895083427429,1.2959067821502686
1629796071638,0.7619590759277344,0.0264774486422538,0.3712321519851684,1.284579873085022
1629796071716,0.7889032959938049,0.0203656181693077,0.3308804333209991,1.282838225364685
1629796071794,0.7889032959938049,0.0178744997829198,0.3121385872364044,1.282838225364685
1629796071904,0.7889032959938049,0.0148819917812943,0.3151027262210846,1.282838225364685
1629796072044,0.7889032959938049,0.0098092155531048,0.3337152004241943,1.282838225364685
1629796072125,0.7889032959938049,0.0166445076465606,0.3740210831165313,1.282838225364685
1629796072203,0.7889032959938049,0.0495121479034423,0.4360590577125549,1.282838225364685
1629796072328,0.7889032959938049,0.0972567200660705,0.4977133572101593,1.282838225364685
1629796072422,0.7889032959938049,0.1379703283309936,0.5360882878303528,1.282838225364685
1629796072469,0.8073720335960388,0.1613110154867172,0.5411696434020996,1.3009562492370603
1629796072640,0.8117830157279968,0.1737190037965774,0.5177910327911377,1.2950754165649414
1629796072760,0.8069807887077332,0.1845956146717071,0.4798140227794647,1.2661722898483276
1629796072823,0.8089643716812134,0.1952706575393676,0.4438246190547943,1.2334048748016355
1629796072963,0.8089643716812134,0.2002242505550384,0.4235928356647491,1.2334048748016355
1629796073026,0.8089643716812134,0.1943394392728805,0.4185158908367157,1.2334048748016355
1629796073167,0.8089643716812134,0.1757798492908477,0.4143409132957458,1.2334048748016355
1629796073230,0.8089643716812134,0.1482991576194763,0.4012080729007721,1.2334048748016355
1629796073355,0.8089643716812134,0.1205841749906539,0.3799091577529907,1.2334048748016355
1629796073451,0.9548788070678712,0.1026094406843185,0.3593882322311401,1.4544334411621094
1629796073527,0.8801524639129639,0.0955883339047432,0.338151067495346,1.411655068397522
1629796073635,0.8132495880126953,0.0864871442317962,0.2963231801986694,1.379454493522644
1629796073730,0.7633721828460693,0.0612763315439224,0.2121941745281219,1.3567829132080078
1629796073851,0.7486598491668701,0.0207283124327659,0.0870012938976287,1.3381506204605105
1629796073945,0.7749955654144287,-0.0195062775164842,-0.040056861937046,1.3198999166488647
1629796074007,0.8201047778129578,-0.042449053376913,-0.1032949611544609,1.3001002073287964
1629796074102,0.8543026447296143,-0.0510853379964828,-0.0854450389742851,1.279932737350464
1629796074293,0.8543026447296143,-0.059221439063549,-0.0274121277034282,1.279932737350464
1629796074356,0.8543026447296143,-0.0713003426790237,0.0353835709393024,1.279932737350464
1629796074449,0.8543026447296143,-0.0797931253910064,0.0897976234555244,1.279932737350464
1629796074621,0.8543026447296143,-0.0805915594100952,0.1369955241680145,1.279932737350464
1629796074668,0.8191314935684204,-0.0787388533353805,0.1828980892896652,1.2498905658721924
1629796074731,0.786226212978363,-0.0814394280314445,0.2244420200586319,1.2032287120819092
1629796074824,0.7695839405059814,-0.0909158140420913,0.2548125982284546,1.1597200632095337
1629796074934,0.7842769026756287,-0.102580189704895,0.2746786177158355,1.1357057094573977
1629796075074,0.8315198421478271,-0.1086822897195816,0.2904047071933746,1.1279559135437012
1629796075152,0.8989354968070984,-0.1098458915948867,0.30451300740242,1.1193808317184448
1629796075250,0.9783471822738647,-0.1142616346478462,0.3137553632259369,1.1002929210662842
1629796075359,0.9783471822738647,-0.1288143992424011,0.3155123889446258,1.1002929210662842
1629796075437,0.9783471822738647,-0.150650218129158,0.311073750257492,1.1002929210662842
1629796075516,0.9783471822738647,-0.1699846088886261,0.3023656010627746,1.1002929210662842
1629796075703,0.9783471822738647,-0.1799142360687255,0.2884769439697265,1.1002929210662842
1629796075797,0.7551573514938354,-0.1819016188383102,0.267964243888855,0.8256204724311829
1629796075890,0.7538634538650513,-0.1841980069875717,0.2435234040021896,0.8398317098617554
1629796075969,0.7439412474632263,-0.192497581243515,0.2181780338287353,0.8398317098617554
1629796076078,0.7881110906600952,-0.1963049620389938,0.1896601319313049,0.8398317098617554
1629796076140,0.9257617592811584,-0.169254869222641,0.1543091535568237,0.8398317098617554
1629796076297,0.9257617592811584,-0.1074849739670753,0.1177042573690414,0.8398317098617554
1629796076375,0.9257617592811584,-0.0411955527961254,0.0930315405130386,0.8398317098617554
1629796076484,0.9257617592811584,0.0012436016695573,0.0818090885877609,0.8398317098617554
1629796076593,0.9257617592811584,0.0122142015025019,0.0706226155161857,0.8398317098617554
1629796076687,0.9257617592811584,0.0015208896948024,0.0508624725043773,0.8398317098617554
1629796076796,0.9257617592811584,-0.0141408573836088,0.030759647488594,0.8398317098617554
1629796076906,0.9257617592811584,-0.0234448816627264,0.0217904634773731,0.8398317098617554
1629796076984,0.9554573893547058,-0.022808413952589,0.0249004121869802,0.8052566647529602
1629796077109,0.9448212385177612,-0.0158890262246131,0.0302855409681797,0.8637855052947998
1629796077217,0.9242428541183472,-0.0078230360522866,0.0285548772662878,0.8949511647224426
1629796077264,0.902363121509552,-4.410375186125748e-05,0.0194771196693182,0.9375964403152466
1629796077342,0.8953278660774231,0.0075402054935693,0.0129124447703361,1.0137676000595093
1629796077482,0.9025090336799622,0.0129330698400735,0.0224803518503904,1.1030691862106323
1629796077623,0.8774038553237915,0.0073440088890492,0.0484233982861042,1.1817797422409058
1629796077717,0.6917781233787537,-0.0233284533023834,0.0739926099777221,1.2279458045959473
1629796077810,0.6854087710380554,-0.0854068621993064,0.0815629139542579,1.2391304969787598
1629796077920,0.6590091586112976,-0.1668471097946167,0.0688928440213203,1.2256734371185305
1629796078029,0.6590091586112976,-0.2381056696176529,0.0521377809345722,1.2256734371185305
1629796078107,0.6590091586112976,-0.271558403968811,0.0610897615551948,1.2256734371185305
1629796078248,0.6590091586112976,-0.2542932629585266,0.122403047978878,1.2256734371185305
1629796078341,0.6590091586112976,-0.1975245922803878,0.2225424200296402,1.2256734371185305
1629796078420,0.6590091586112976,-0.1295833736658096,0.3217889964580536,1.2256734371185305
1629796078498,0.6590091586112976,-0.0801051557064056,0.3927914798259735,1.2256734371185305
1629796078607,0.6695647239685059,-0.0595000609755516,0.4302015900611877,1.2469978332519531
1629796078732,0.6827579736709595,-0.0596902854740619,0.4435169994831085,1.280895709991455
1629796078877,0.6961416602134705,-0.0686482116580009,0.4461343884468078,1.3169718980789185
1629796078908,0.7006630897521973,-0.0768447294831276,0.4459461569786072,1.3425745964050293
1629796079033,0.6829521656036377,-0.0775467455387115,0.442487508058548,1.3420976400375366
1629796079161,0.6829521656036377,-0.0641673877835273,0.4333843290805816,1.3420976400375366
1629796079192,0.6829521656036377,-0.0391581133008003,0.419572114944458,1.3420976400375366
1629796079317,0.6829521656036377,-0.014198213815689,0.4061684608459472,1.3420976400375366
1629796079442,0.6829521656036377,0.004082762170583,0.3973866999149322,1.3420976400375366
1629796079536,0.6829521656036377,0.0183094907552003,0.3910315930843353,1.1062629222869873
1629796079661,0.6829521656036377,0.0301200002431869,0.3777891397476196,1.1082525253295898
1629796079754,0.6829521656036377,0.0284234322607517,0.3420023620128631,1.111846923828125
1629796079785,0.6829521656036377,0.0031637526117265,0.2699357271194458,1.111846923828125
1629796079942,0.6829521656036377,-0.0425309315323829,0.163580060005188,1.111846923828125
1629796080051,0.6829521656036377,-0.0876423195004463,0.0593599341809749,1.111846923828125
1629796080164,0.6829521656036377,-0.110396459698677,0.0223884712904691,1.111846923828125
1629796080273,0.6829521656036377,-0.112508974969387,0.0605830810964107,1.111846923828125
1629796080352,0.6829521656036377,-0.1094985678791999,0.1131731569766998,1.111846923828125
1629796080430,0.6829521656036377,-0.1139869019389152,0.1421329826116562,1.111846923828125
1629796080597,0.6829521656036377,-0.1316709071397781,0.1488388478755951,1.111846923828125
1629796080722,0.6829521656036377,-0.1658363938331604,0.1514269262552261,1.111846923828125
1629796080769,0.6829521656036377,-0.2121427059173584,0.1649002581834793,1.075265884399414
1629796080847,0.6829521656036377,-0.2538290917873382,0.194767028093338,1.0707411766052246
1629796080972,0.6829521656036377,-0.279259443283081,0.2372462004423141,1.0707411766052246
1629796081113,0.6829521656036377,-0.2922914922237396,0.2820105254650116,1.0707411766052246
1629796081147,0.6829521656036377,-0.2994493544101715,0.3170931041240692,1.0707411766052246
1629796081251,0.6829521656036377,-0.2894533574581146,0.3366863131523132,1.0707411766052246
1629796081407,0.972898244857788,-0.2540915906429291,0.3448261618614197,1.4098341464996338
1629796081438,1.033970594406128,-0.2006252110004425,0.34951913356781,1.4606196880340576
1629796081532,1.181407809257507,-0.1495524197816848,0.351212590932846,1.523115158081055
1629796081647,1.35048246383667,-0.113907516002655,0.3427162766456604,1.5785077810287476
1629796081820,1.35048246383667,-0.0932675078511238,0.3211076855659485,1.5785077810287476
1629796081867,1.35048246383667,-0.0802607908844947,0.2937082350254059,1.5785077810287476
1629796082008,1.35048246383667,-0.0625799298286438,0.2694231569766998,1.5785077810287476
1629796082042,1.35048246383667,-0.0306639540940523,0.2498160749673843,1.5785077810287476
1629796082149,1.35048246383667,0.012741632759571,0.2292252779006958,1.5785077810287476
1629796082241,1.35048246383667,0.0538786277174949,0.2030567079782486,1.5785077810287476
1629796082385,1.35048246383667,0.0797996222972869,0.1668981164693832,1.5785077810287476
1629796082529,1.35048246383667,0.0896157920360565,0.1155499145388603,1.5785077810287476
1629796082576,1.3939355611801147,0.0923454910516738,0.0554944612085819,1.6083492040634155
1629796082687,1.4437843561172483,0.1002465933561325,0.0262569524347782,1.641490817070007
1629796082750,1.5094072818756104,0.1165693923830986,0.0648770108819007,1.684145450592041
1629796082859,1.5094072818756104,0.1337772160768509,0.1431949734687805,1.684145450592041
1629796083000,1.5094072818756104,0.1409650593996048,0.2086018174886703,1.684145450592041
1629796083112,1.5094072818756104,0.134224534034729,0.2407587021589279,1.684145450592041
1629796083191,1.5094072818756104,0.1197752654552459,0.2477236986160278,1.684145450592041
1629796083317,1.5094072818756104,0.1071010082960128,0.2471085488796234,1.684145450592041
1629796083350,1.5094072818756104,0.0990861505270004,0.2482031434774398,1.684145450592041
1629796083459,1.5094072818756104,0.0884701237082481,0.2535344362258911,1.684145450592041
1629796083601,1.5094072818756104,0.0658643841743469,0.2647656500339508,1.684145450592041
1629796083697,1.5094072818756104,0.0276419166475534,0.2823731005191803,1.684145450592041
1629796083775,1.5094072818756104,-0.0182657372206449,0.3026503324508667,1.684145450592041
1629796083855,1.5094072818756104,-0.0561343804001808,0.3193414509296417,1.684145450592041
1629796083963,1.5094072818756104,-0.0753412321209907,0.3280635476112366,1.684145450592041
1629796084088,1.5094072818756104,-0.0829151049256324,0.3269193470478058,1.684145450592041
1629796084184,1.5094072818756104,-0.0985512062907219,0.3099847733974457,1.684145450592041
1629796084324,1.5094072818756104,-0.1350885778665542,0.2719192802906036,1.684145450592041
1629796084387,1.5094072818756104,-0.1832226067781448,0.2173586934804916,1.684145450592041
1629796084498,1.5094072818756104,-0.2120648175477981,0.1618025600910186,1.684145450592041
1629796084608,1.5094072818756104,-0.2021503895521164,0.1182067021727562,1.684145450592041
1629796084691,1.06481671333313,-0.1663107872009277,0.0862711146473884,1.489438533782959
1629796084829,1.059909701347351,-0.1206352934241294,0.0607244446873664,1.4845157861709597
1629796084923,1.0323957204818726,-0.0705601796507835,0.0459949225187301,1.4748622179031372
1629796085032,1.0006693601608276,-0.0185133013874292,0.0466048419475555,1.464627027511597
1629796085126,0.9949681162834167,0.0271060615777969,0.0537048205733299,1.4650229215621948
1629796085173,1.05126953125,0.0628265067934989,0.0578582771122455,1.490329027175903
1629796085329,1.1590442657470703,0.0897749736905098,0.0586282201111316,1.5398128032684326
1629796085438,1.1590442657470703,0.1095367148518562,0.0608302243053913,1.5906909704208374
1629796085532,1.1590442657470703,0.1205233559012413,0.0679390281438827,1.6227093935012815
1629796085611,1.1590442657470703,0.1225708350539207,0.0766094177961349,1.6227093935012815
1629796085735,1.1590442657470703,0.1176819056272506,0.0832605734467506,1.6227093935012815
1629796085814,1.1590442657470703,0.1091875582933425,0.08733531832695,1.6227093935012815
1629796085970,1.1825942993164062,0.0975246727466583,0.0888802260160446,1.6342042684555054
1629796086097,1.1973413228988647,0.0853072255849838,0.0973045453429222,1.6199276447296145
1629796086144,1.1597975492477417,0.0818409174680709,0.1310382038354873,1.6017670631408691
1629796086238,1.1178988218307495,0.09084053337574,0.1909660995006561,1.58235764503479
1629796086360,1.0936458110809326,0.0985676944255828,0.2547422647476196,1.5925776958465576
1629796086457,1.124484300613403,0.0896973684430122,0.303911805152893,1.6078965663909912
1629796086516,1.2475858926773071,0.0597309358417987,0.3394433557987213,1.6282514333724976
1629796086690,1.412875413894653,0.0201611146330833,0.3697618544101715,1.647006273269653
1629796086734,1.5403581857681274,-0.0175509918481111,0.3956393897533417,1.6460760831832886
1629796086828,1.5958540439605713,-0.0504361279308795,0.4123942852020263,1.5962660312652588
1629796086938,1.6081773042678833,-0.077590525150299,0.4218106567859649,1.4597913026809692
1629796087016,1.5892881155014038,-0.0914672687649726,0.4368791580200195,1.4597913026809692
1629796087109,1.5611213445663452,-0.0841800644993782,0.4681646525859833,1.4597913026809692
1629796087219,1.5333685874938965,-0.0553158558905124,0.5099725723266602,1.4597913026809692
1629796087348,1.5081212520599363,-0.0139405475929379,0.5450855493545532,1.4597913026809692
1629796087468,1.5081212520599363,0.0274902544915676,0.5642009973526001,1.4597913026809692
1629796087547,1.5081212520599363,0.0555583424866199,0.5674332976341248,1.4597913026809692
1629796087625,1.539036750793457,0.059178527444601,0.5578054189682007,1.4597913026809692
1629796087750,1.5731799602508545,0.0361813642084598,0.5377832651138306,1.4597913026809692
1629796087875,1.608991265296936,-0.0021200468763709,0.5107564330101013,1.4597913026809692
1629796087968,1.6389107704162598,-0.0358608663082122,0.4829347729682922,1.4597913026809692
1629796088046,1.6428357362747192,-0.050503272563219,0.4575097858905792,1.4597913026809692
1629796088156,1.597391128540039,-0.0513690635561943,0.4342765808105469,1.4597913026809692
1629796088234,1.4871063232421875,-0.0498985201120376,0.4184587299823761,1.4597913026809692
1629796088361,1.3155338764190674,-0.0514057800173759,0.420488953590393,1.4597913026809692
1629796088502,1.1283115148544312,-0.055756714195013,0.4378553926944732,1.4597913026809692
1629796088580,1.1283115148544312,-0.0643889904022216,0.4525357484817505,1.4597913026809692
1629796088642,1.1283115148544312,-0.0822163596749305,0.4473102986812591,1.4597913026809692
1629796088736,1.1283115148544312,-0.1144416630268096,0.4186812043190002,1.4597913026809692
1629796088861,1.1283115148544312,-0.1649765074253082,0.3801665604114532,1.4597913026809692
1629796088986,1.1283115148544312,-0.2312889695167541,0.3472038209438324,1.4597913026809692
1629796089115,1.1283115148544312,-0.3039141297340393,0.3249592185020447,1.4597913026809692
1629796089239,1.1283115148544312,-0.37124103307724,0.310230404138565,1.4597913026809692
1629796089255,1.1283115148544312,-0.4276728630065918,0.3004511892795563,1.4597913026809692
1629796089396,1.1283115148544312,-0.4715751111507416,0.2990885078907013,1.4597913026809692
1629796089474,1.1283115148544312,-0.5046811103820801,0.3086287081241607,1.4597913026809692
1629796089599,1.1283115148544312,-0.5211600661277771,0.3276250958442688,1.4597913026809692
1629796089708,1.1283115148544312,-0.5073469877243042,0.3510915040969848,1.4597913026809692
1629796089833,1.1283115148544312,-0.458290696144104,0.3672669529914856,1.4597913026809692
1629796089864,1.1283115148544312,-0.3883244395256042,0.3629643619060516,1.4597913026809692
1629796089958,1.1283115148544312,-0.3238804042339325,0.3351608514785766,1.4597913026809692
1629796090117,1.1283115148544312,-0.28056600689888,0.2913860380649566,1.4597913026809692
1629796090180,1.1283115148544312,-0.2599126696586609,0.2471644133329391,1.4597913026809692
1629796090305,1.1283115148544312,-0.25584876537323,0.2178541719913482,1.4597913026809692
1629796090399,1.1283115148544312,-0.2606479227542877,0.2104417532682418,1.4597913026809692
1629796090508,1.1283115148544312,-0.2695116996765136,0.2237579524517059,1.4597913026809692
1629796090602,1.1283115148544312,-0.2785791754722595,0.2466341704130172,1.4597913026809692
1629796090680,1.1283115148544312,-0.2818268239498138,0.2658791840076446,1.4597913026809692
1629796090774,1.1283115148544312,-0.2739832997322082,0.2775401771068573,1.4597913026809692
1629796090930,1.1283115148544312,-0.254283607006073,0.2843032777309418,1.4597913026809692
1629796091023,1.1283115148544312,-0.2211808264255523,0.2873579263687134,1.4597913026809692
1629796091118,1.1283115148544312,-0.1755744516849517,0.2780557870864868,1.4597913026809692
1629796091198,1.1283115148544312,-0.1191974729299545,0.2516608238220215,1.4597913026809692
1629796091307,1.1283115148544312,-0.0565266869962215,0.2208039760589599,1.4597913026809692
1629796091401,1.1283115148544312,0.0039387661963701,0.2124180346727371,1.4597913026809692
1629796091561,1.1283115148544312,0.0530662350356578,0.2371648550033569,1.4597913026809692
1629796091624,1.1283115148544312,0.0849645361304283,0.2754538953304291,1.4597913026809692
1629796091702,1.1283115148544312,0.1000159457325935,0.3065775632858276,1.4597913026809692
1629796091780,1.1283115148544312,0.1056869477033615,0.327709436416626,1.4597913026809692
1629796091905,1.1283115148544312,0.1117276549339294,0.3422366082668304,1.4597913026809692
1629796091983,1.1283115148544312,0.1239276155829429,0.3498765230178833,1.4597913026809692
1629796092139,1.1283115148544312,0.1415450423955917,0.3532325327396393,1.4597913026809692
1629796092251,1.1283115148544312,0.158703938126564,0.3571171760559082,1.4597913026809692
1629796092360,1.1283115148544312,0.1699232757091522,0.3627033829689026,1.4597913026809692
1629796092439,1.1283115148544312,0.1727683842182159,0.3663807511329651,1.4597913026809692
1629796092485,1.1283115148544312,0.1664348542690277,0.3644980788230896,1.4597913026809692
1629796092626,1.1283115148544312,0.1516187638044357,0.3596378564834595,1.4597913026809692
1629796092738,1.1283115148544312,0.1259599179029464,0.3529399037361145,1.4597913026809692
1629796092847,1.1283115148544312,0.0836768075823783,0.3394032120704651,1.4597913026809692
1629796092972,1.1283115148544312,0.0221474971622228,0.3120725452899933,1.4597913026809692
1629796093050,1.1283115148544312,-0.0482100807130336,0.2738847434520721,1.4597913026809692
1629796093129,1.1283115148544312,-0.1003086864948272,0.2397563904523849,1.4597913026809692
1629796093222,1.1283115148544312,-0.1123897209763526,0.2277657240629196,1.4597913026809692
1629796093397,1.1283115148544312,-0.0944332927465438,0.2405260801315307,1.4597913026809692
1629796093491,1.1283115148544312,-0.0708449482917785,0.2697798311710357,1.4597913026809692
1629796093569,1.1283115148544312,-0.0507578738033771,0.3121939897537231,1.4597913026809692
1629796093616,1.1283115148544312,-0.0282473023980855,0.3641132116317749,1.4597913026809692
1629796093772,1.1283115148544312,0.0058572874404489,0.4167702496051788,1.4597913026809692
1629796093866,1.1283115148544312,0.0537032075226306,0.4605031907558441,1.4597913026809692
1629796093975,1.1283115148544312,0.109913058578968,0.4899116456508636,1.4597913026809692
1629796094099,1.1283115148544312,0.1643447577953338,0.5047553777694702,1.4597913026809692
1629796094130,1.1283115148544312,0.2104565501213073,0.5109992623329163,1.4597913026809692
1629796094273,1.1283115148544312,0.2505384385585785,0.5151182413101196,1.4597913026809692
1629796094320,1.1283115148544312,0.2892933189868927,0.5195081233978271,1.4597913026809692
1629796094398,1.1283115148544312,0.328318327665329,0.5232537984848022,1.4597913026809692
1629796094585,1.1283115148544312,0.365109235048294,0.5222970247268677,1.4597913026809692
1629796094648,1.1283115148544312,0.3985316455364227,0.5147087574005127,1.4597913026809692
1629796094741,1.1283115148544312,0.4313574433326721,0.4983442425727844,1.4597913026809692
1629796094866,1.1283115148544312,0.469912052154541,0.4712191522121429,1.4597913026809692
1629796094991,1.1283115148544312,0.516878604888916,0.4328396618366241,1.4597913026809692
1629796095070,1.1283115148544312,0.5634023547172546,0.3836233615875244,1.4597913026809692
1629796095179,1.1283115148544312,0.5961232781410217,0.3212867081165313,1.4597913026809692
1629796095304,1.1283115148544312,0.6073498725891113,0.2444709092378616,1.4597913026809692
1629796095369,1.1283115148544312,0.5993120074272156,0.1566024869680404,1.4597913026809692
1629796095447,1.1283115148544312,0.579840898513794,0.0744567885994911,1.4597913026809692
1629796095557,1.1283115148544312,0.5580788254737854,0.0239251181483268,1.4597913026809692
1629796095650,1.1283115148544312,0.5369126200675964,0.0115918973460793,1.4597913026809692
1629796095807,1.1283115148544312,0.5150865316390991,0.0197507310658693,1.4597913026809692
1629796095885,1.1283115148544312,0.4907536506652832,0.0322292186319828,1.4597913026809692
1629796095978,1.1283115148544312,0.4646847546100616,0.0391237623989582,1.4597913026809692
1629796096057,1.1283115148544312,0.4382619857788086,0.0440155901014804,1.4597913026809692
1629796096153,1.1283115148544312,0.408719927072525,0.0514456406235694,1.4597913026809692
1629796096262,1.1283115148544312,0.3695746958255768,0.0633697733283042,1.4597913026809692
1629796096387,1.1283115148544312,0.3103577494621277,0.0751478224992752,1.4597913026809692
1629796096528,1.1283115148544312,0.2188037186861038,0.0808304473757743,1.4597913026809692
1629796096590,1.1283115148544312,0.0890073105692863,0.075291134417057,1.4597913026809692
1629796096684,1.1283115148544312,-0.0637530237436294,0.0631321519613266,1.4597913026809692
1629796096793,1.1283115148544312,-0.1885326653718948,0.0544033460319042,1.4597913026809692
1629796096856,1.1283115148544312,-0.2284163683652877,0.0578500479459762,1.4597913026809692
1629796097027,1.1283115148544312,-0.2264868766069412,0.0712127238512039,1.4597913026809692
1629796097106,1.1283115148544312,-0.2129293233156204,0.0927112475037574,1.4597913026809692
1629796097218,1.1283115148544312,-0.2005411833524704,0.1196491941809654,0.8636919856071472
1629796097312,1.1283115148544312,-0.1916306465864181,0.1102302968502044,0.8636919856071472
1629796097374,1.1283115148544312,-0.1852759420871734,0.101375825703144,0.8636919856071472
1629796097546,1.1283115148544312,-0.1879730373620987,0.1017515063285827,0.8636919856071472
1629796097609,1.1283115148544312,-0.2019541561603546,0.1135338395833969,0.8636919856071472
1629796097702,1.1283115148544312,-0.2163514345884323,0.14029161632061,0.8636919856071472
1629796097796,1.1283115148544312,0.1441561877727508,0.158046692609787,0.8636919856071472
1629796097905,1.1283115148544312,0.2782854437828064,0.1752427667379379,0.8636919856071472
1629796097999,1.1283115148544312,0.3283844590187073,0.1938569098711013,0.8636919856071472
1629796098077,1.1283115148544312,0.3432405292987823,0.206874594092369,0.8636919856071472
1629796098233,1.1283115148544312,0.3418948948383331,0.2068336457014084,0.8636919856071472
1629796098343,1.1283115148544312,0.3306984305381775,0.1916789263486862,0.8636919856071472
1629796098468,1.1283115148544312,0.3095192313194275,0.1671482622623443,0.8636919856071472
1629796098530,1.1283115148544312,0.2594633400440216,0.1459913551807403,0.8636919856071472
1629796098608,1.1283115148544312,0.2196359038352966,0.1294500082731247,0.8636919856071472
1629796098733,1.1283115148544312,0.1867986321449279,0.1086845993995666,0.8636919856071472
1629796098858,1.1283115148544312,0.1570465117692947,0.13333760201931,1.3701131343841553
1629796098952,1.1283115148544312,0.1293710321187973,0.1522475033998489,1.423828125
1629796099046,1.18622887134552,0.1111315786838531,0.165599063038826,1.501868486404419
1629796099108,1.18622887134552,0.1126354187726974,0.1759958118200302,1.586864709854126
1629796099202,1.18622887134552,0.1331612467765808,0.1804305762052536,1.586864709854126
1629796099311,1.18622887134552,0.0549586936831474,0.1862873435020446,1.586864709854126
1629796099483,1.18622887134552,0.0170563962310552,0.1969978511333465,1.586864709854126
1629796099530,1.18622887134552,0.0183019954711198,0.2278840392827987,1.586864709854126
1629796099655,1.18622887134552,0.0458073504269123,0.2852038443088531,1.586864709854126
1629796099749,1.18622887134552,0.0950700789690017,0.3508214354515075,1.586864709854126
1629796099811,1.18622887134552,0.1560017615556717,0.3998396694660187,1.586864709854126
1629796099905,1.18622887134552,0.2167774587869644,0.4225540459156036,1.586864709854126
1629796100061,1.18622887134552,0.27312171459198,0.4234015643596649,1.6147863864898682
1629796100155,1.18622887134552,0.3240973353385925,0.4115730822086334,1.6527053117752075
1629796100264,1.18622887134552,0.365849107503891,0.3931567370891571,1.705428123474121
1629796100374,1.18622887134552,0.3953784108161926,0.3729276061058044,1.705428123474121
1629796100436,1.18622887134552,0.4150907397270202,0.3553627729415893,1.705428123474121
1629796100514,1.18622887134552,0.4261606931686401,0.3443805277347564,1.705428123474121
1629796100655,1.18622887134552,0.4270587563514709,0.3412174880504608,1.705428123474121
1629796100748,1.18622887134552,0.4160987436771393,0.3476596474647522,1.705428123474121
1629796100842,1.18622887134552,0.3968254923820495,0.3700941503047943,1.705428123474121
1629796100983,1.18622887134552,0.3776768147945404,0.3739859759807586,1.705428123474121
1629796101092,1.18622887134552,0.3632776439189911,0.3604205548763275,1.705428123474121
1629796101170,1.18622887134552,0.3516182601451874,0.3159261047840118,1.705428123474121
1629796101264,1.18622887134552,0.3389464616775512,0.2400258034467697,1.705428123474121
1629796101405,1.18622887134552,0.3296911120414734,0.1589846909046173,1.705428123474121
1629796101483,1.18622887134552,0.3346087038516998,0.1183834299445152,1.705428123474121
1629796101561,1.18622887134552,0.3545723855495453,0.132059633731842,1.705428123474121
1629796101654,1.18622887134552,0.3756057024002075,0.1728781759738922,1.705428123474121
1629796101764,1.18622887134552,0.3854275345802307,0.2722088992595672,1.705428123474121
1629796101889,1.18622887134552,0.3821713328361511,0.3212403655052185,1.705428123474121
1629796102014,1.18622887134552,0.3722753226757049,0.339712530374527,1.705428123474121
1629796102061,1.18622887134552,0.3639163970947265,0.3448808789253235,1.705428123474121
1629796102173,1.18622887134552,0.3585970401763916,0.3448582291603088,1.705428123474121
1629796102298,1.18622887134552,0.3545610606670379,0.3324272036552429,1.705428123474121
1629796102376,1.18622887134552,0.3491763472557068,0.2878521382808685,1.705428123474121
1629796102485,1.18622887134552,0.3425274789333343,0.2878521382808685,1.705428123474121
1629796102610,1.18622887134552,0.3360119163990021,0.2878521382808685,1.705428123474121
1629796102735,1.18622887134552,0.3300459086894989,0.2878521382808685,1.705428123474121
1629796102813,1.18622887134552,0.3225212693214416,0.2878521382808685,1.705428123474121
1629796102860,1.18622887134552,0.3073545694351196,0.2878521382808685,1.705428123474121
1629796102954,1.18622887134552,0.2712082862854004,0.2878521382808685,1.705428123474121
1629796103094,1.18622887134552,0.2026394158601761,0.2878521382808685,1.705428123474121
1629796103175,1.18622887134552,0.1068513542413711,0.2658679187297821,1.705428123474121
1629796103332,1.18622887134552,0.0136706763878464,0.2143834680318832,1.705428123474121
1629796103363,1.18622887134552,-0.0352451726794242,0.2168871760368347,1.705428123474121
1629796103457,1.18622887134552,-0.0354769751429557,0.2622529566287994,1.705428123474121
1629796103597,1.18622887134552,-0.016289971768856,0.3066685795783996,1.705428123474121
1629796103738,0.6408700346946716,0.0074903042986989,0.3255829811096191,1.640692114830017
1629796103816,0.6254909634590149,0.0368247702717781,0.3194965124130249,1.6461715698242188
1629796103972,0.6254909634590149,0.0500018671154975,0.2942942380905151,1.6454050540924072
1629796104035,0.6254909634590149,0.0706268996000289,0.2709290981292724,1.6454050540924072
1629796104097,0.6254909634590149,0.1046256721019744,0.2550181448459625,1.6454050540924072
1629796104191,0.6254909634590149,0.1315187960863113,0.249297097325325,1.6454050540924072
1629796104363,0.6254909634590149,0.1669029593467712,0.249297097325325,1.6454050540924072
1629796104410,0.6254909634590149,0.2145387679338455,0.249297097325325,1.6454050540924072
1629796104488,0.6254909634590149,0.26264688372612,0.249297097325325,1.6454050540924072
1629796104597,0.6254909634590149,0.2974372208118438,0.249297097325325,1.6454050540924072
1629796104691,0.6254909634590149,0.3178562521934509,0.2637633979320526,1.6454050540924072
1629796104769,0.6254909634590149,0.3423281610012054,0.2536904513835907,1.6454050540924072
1629796104925,0.6541095972061157,0.3350805342197418,0.2171285152435302,1.6664191484451294
1629796105050,0.6541095972061157,0.3202737867832184,0.1579328924417495,1.6769437789916992
1629796105159,0.6541095972061157,0.3002548515796661,0.0820565968751907,1.6769437789916992
1629796105224,0.6541095972061157,0.2759157419204712,0.0022066859528422,1.6769437789916992
1629796105318,0.6541095972061157,0.2473179996013641,-0.065244510769844,1.6769437789916992
1629796105428,0.6541095972061157,0.2221289426088333,-0.1154948696494102,1.6769437789916992
1629796105568,0.6541095972061157,0.1966918110847473,-0.1635282337665558,1.6769437789916992
1629796105662,0.6541095972061157,0.1691588759422302,-0.1955092549324035,1.6769437789916992
1629796105740,0.6541095972061157,0.1441834717988968,-0.1695579588413238,1.6769437789916992
1629796105865,0.6541095972061157,0.1044801101088523,-0.0262338481843471,1.6769437789916992
1629796105896,0.6541095972061157,0.031729407608509,0.0949798002839088,1.6769437789916992
1629796106021,0.6541095972061157,-0.0778237581253051,0.1663165241479873,1.6769437789916992
1629796106146,0.6541095972061157,-0.2013990879058838,0.1901525110006332,1.6769437789916992
1629796106240,0.6541095972061157,-0.2203320413827896,0.1848259717226028,1.6769437789916992
1629796106349,0.6541095972061157,-0.2362865805625915,0.1788793951272964,1.6769437789916992
1629796106459,0.6541095972061157,-0.2451956123113632,0.1768494993448257,1.6769437789916992
1629796106521,0.6541095972061157,-0.2390114814043045,0.1763577461242675,1.6769437789916992
1629796106630,0.6541095972061157,-0.2137049883604049,0.1814356744289398,1.6769437789916992
1629796106771,0.6541095972061157,-0.1732873022556305,0.1953134536743164,1.6769437789916992
1629796106849,0.6541095972061157,-0.1262709349393844,0.2161877453327179,1.6769437789916992
1629796106958,0.6541095972061157,-0.0815164893865585,0.2381883114576339,1.6769437789916992
1629796107052,0.6541095972061157,-0.045495431870222,0.2562822103500366,1.6769437789916992
1629796107162,0.6541095972061157,-0.0230340473353862,0.2686200439929962,1.5444141626358032
1629796107224,0.6541095972061157,-0.0193809922784566,0.2694599032402038,1.5226978063583374
1629796107365,0.6541095972061157,-0.0292038694024086,0.2522603273391723,1.5115296840667725
1629796107490,0.6541095972061157,-0.0393537767231464,0.2172979861497879,1.5022026300430298
1629796107536,0.6541095972061157,-0.0398517176508903,0.1756661683320999,1.4898334741592407
1629796107693,0.6541095972061157,-0.0319843813776969,0.144925981760025,1.4898334741592407
1629796107755,0.6541095972061157,-0.0188587810844182,0.13426473736763,1.4898334741592407
1629796107818,0.6541095972061157,0.0074351532384753,0.1508669555187225,1.4898334741592407
1629796108005,0.6541095972061157,0.0549886152148246,0.1993816792964935,1.4898334741592407
1629796108102,0.6541095972061157,0.1105580404400825,0.2648696303367615,1.4898334741592407
1629796108164,0.6541095972061157,0.1496729999780655,0.3217560648918152,1.4898334741592407
1629796108274,0.6541095972061157,0.1608013808727264,0.3534720838069916,1.4898334741592407
1629796108336,0.6541095972061157,0.1472069472074508,0.3596934676170349,1.461840271949768
1629796108446,0.6541095972061157,0.1225935444235801,0.3519039452075958,1.434953212738037
1629796108617,0.6541095972061157,0.0989428088068962,0.3415202796459198,1.4243452548980713
1629796108664,0.6541095972061157,0.0811583995819091,0.3315042555332184,1.427393913269043
1629796108789,0.6541095972061157,0.0711878836154937,0.3209027051925659,1.427393913269043
1629796108899,0.6541095972061157,0.0664689838886261,0.3092866837978363,1.427393913269043
1629796108930,0.6541095972061157,0.0616679228842258,0.2999421060085296,1.427393913269043
1629796109086,0.6541095972061157,0.0545323304831981,0.2967235743999481,1.427393913269043
1629796109199,0.6541095972061157,0.046676330268383,0.2988414466381073,1.2155572175979614
1629796109339,0.6541095972061157,0.0365507192909717,0.299860417842865,1.2093786001205444
1629796109402,0.6541095972061157,0.012834021821618,0.2862374484539032,1.2115044593811035
1629796109511,0.2262000441551208,-0.041464727371931,0.2427093833684921,1.2134352922439575
1629796109605,0.1862545162439346,-0.1350405216217041,0.1642176359891891,1.2089325189590454
1629796109652,0.1568596959114074,-0.2566165030002594,0.0660275593400001,1.1956990957260132
1629796109839,0.1493938416242599,-0.3711794018745422,-0.0148574272170662,1.176965594291687
1629796109901,0.1601097136735916,-0.4472886919975281,-0.0484813451766967,1.1598968505859375
1629796109995,0.1758456379175186,-0.4902549982070923,-0.049145370721817,1.1519898176193235
1629796110105,0.1905622333288192,-0.5127009153366089,-0.0458132475614547,1.1567398309707642
1629796110214,0.21065454185009,-0.5089837312698364,-0.0504922978579998,1.1721482276916504
1629796110276,0.2474640160799026,-0.4736703932285309,-0.0684645175933837,1.1912777423858645
1629796110401,0.2991527020931244,-0.4248213171958923,-0.102542869746685,1.1994197368621826
1629796110511,0.349839985370636,-0.3821764886379242,-0.1512459814548492,1.2053872346878052
1629796110573,0.3841960728168487,-0.3493475914001465,-0.2056694328784942,1.2077196836471558
1629796110745,0.4055446684360504,-0.3179680705070495,-0.2529844343662262,1.2070651054382324
1629796110807,0.4119103252887726,-0.2834952175617218,-0.2823631167411804,1.205341339111328
1629796110917,0.4225533604621887,-0.2508787214756012,-0.287417322397232,1.2044020891189575
1629796111042,0.4395459592342376,-0.2212697118520736,-0.2611540555953979,1.202904462814331
1629796111167,0.4626945853233337,-0.1923013776540756,-0.2087768912315368,1.2049041986465454
1629796111229,0.488694280385971,-0.1622020751237869,-0.1523192822933197,1.2143303155899048
1629796111307,0.5135822892189026,-0.1331002861261367,-0.1113979816436767,1.2316083908081057
1629796111385,0.5362064242362976,-0.1014598160982132,-0.0900109112262725,1.2524685859680176
1629796111573,0.5594426393508911,-0.0604288354516029,-0.0815875381231308,1.269822359085083
1629796111635,0.5861551761627197,-0.0138787413015961,-0.0801733806729316,1.2767499685287476
1629796111776,0.6133931875228882,0.0232087150216102,-0.0838876888155937,1.2678426504135132
1629796111838,0.6291291117668152,0.037829790264368,-0.091939091682434,1.2213457822799685
1629796111917,0.6184011697769165,0.0298725012689828,-0.0975739732384681,1.194127082824707
1629796112042,0.5342963337898254,0.010337708517909,-0.0945010334253311,1.2135086059570312
1629796112135,0.440408706665039,-0.0092518124729394,-0.0822373926639556,1.2711060047149658
1629796112245,0.3665976822376251,-0.0244915634393692,-0.064909778535366,1.3383324146270752
1629796112323,0.3496275544166565,-0.0367682985961437,-0.0454484596848487,1.39495050907135
1629796112416,0.3838659524917602,-0.0473788902163505,-0.0244078692048788,1.4331104755401611
1629796112541,0.4353951215744018,-0.0565896965563297,-0.0004911605501547,1.4323786497116089
1629796112620,0.4758788645267486,-0.0611578375101089,0.0223320964723825,1.422476053237915
1629796112714,0.4926634728908539,-0.0561263486742973,0.0412741638720035,1.4111709594726562
1629796112875,0.4886601269245147,-0.0434910394251346,0.0557074248790741,1.4030646085739136
1629796112953,0.4690327048301697,-0.0363850146532058,0.0713822171092033,1.395494818687439
1629796113062,0.443227469921112,-0.052839957177639,0.0935673341155052,1.383811116218567
1629796113156,0.4220844209194183,-0.0961339175701141,0.1206387430429458,1.368332862854004
1629796113249,0.416027307510376,-0.1510205864906311,0.1438695043325424,1.353563666343689
1629796113331,0.416027307510376,-0.1886656582355499,0.15855573117733,1.3682053089141846
1629796113487,0.416027307510376,-0.1864437013864517,0.1645088642835617,1.376911163330078
1629796113612,0.4172559678554535,-0.1462513208389282,0.1653289198875427,1.374677062034607
1629796113627,0.4213699996471405,-0.0856518223881721,0.1656022816896438,1.360305666923523
1629796113737,0.4325725734233856,-0.0235211346298456,0.1715774834156036,1.3354177474975586
1629796113862,0.4425654411315918,0.0261663328856229,0.1867636740207672,1.303261637687683
1629796113955,0.4349821805953979,0.0602226890623569,0.2042718231678009,1.2695519924163818
1629796114084,0.3987098634243011,0.0832398384809494,0.2102374285459518,1.241510033607483
1629796114209,0.3338539898395538,0.0989623591303825,0.1969364583492279,1.2240036725997925
1629796114256,0.2556428611278534,0.105360560119152,0.1666511446237564,1.2086645364761353
1629796114365,0.1871781349182129,0.1021089553833007,0.1297618448734283,1.178335666656494
1629796114443,0.1871781349182129,0.097204178571701,0.0923822298645973,1.178335666656494
1629796114521,0.1871781349182129,0.1025164797902107,0.0557350628077983,1.178335666656494
1629796114677,0.1871781349182129,0.119660198688507,0.0223922170698642,1.178335666656494
1629796114756,0.1871781349182129,0.1443994641304016,0.0004300397704355,1.178335666656494
1629796114912,0.1871781349182129,0.176728680729866,-0.006822895258665,1.178335666656494
1629796114943,0.1871781349182129,0.2124796062707901,-0.0038617083337157,1.178335666656494
1629796115052,0.1871781349182129,0.2388976663351059,0.0003258604556322,1.178335666656494
1629796115177,0.1871781349182129,0.2427188754081726,-0.0023138474207371,1.178335666656494
1629796115271,0.1871781349182129,0.2221682071685791,-0.0195427853614091,1.178335666656494
1629796115380,0.1871781349182129,0.1893592029809951,-0.055324338376522,1.178335666656494
1629796115459,0.1871781349182129,0.1596292108297348,-0.1021397933363914,1.178335666656494
1629796115615,0.1871781349182129,0.1426291316747665,-0.1424964517354965,1.178335666656494
1629796115677,0.1871781349182129,0.1448180526494979,-0.1656113862991333,1.178335666656494
1629796115740,0.1871781349182129,0.1649029105901718,-0.1742578297853469,1.178335666656494
1629796115912,0.1871781349182129,0.1921652853488922,-0.1756772696971893,1.178335666656494
1629796115990,0.1871781349182129,0.212835356593132,-0.1716107577085495,1.178335666656494
1629796116083,0.1871781349182129,0.2201380580663681,-0.1606829762458801,1.178335666656494
1629796116179,0.1871781349182129,0.2143185585737228,-0.1403833925724029,1.178335666656494
1629796116273,0.1871781349182129,0.1964097023010254,-0.1135352328419685,1.178335666656494
1629796116367,0.1871781349182129,0.1616003811359405,-0.090184599161148,1.178335666656494
1629796116507,0.1871781349182129,0.1085109412670135,-0.0775515213608741,1.178335666656494
1629796116632,0.1871781349182129,0.04770353063941,-0.0702337175607681,1.178335666656494
1629796116710,0.1871781349182129,0.0037759945262223,-0.0637471303343772,1.178335666656494
1629796116789,0.1871781349182129,-0.0083695845678448,-0.049875259399414,1.178335666656494
1629796116882,0.1871781349182129,-0.0005924567813053,-0.0354697667062282,1.178335666656494
1629796116945,0.1871781349182129,0.0083386125043034,-0.0273410249501466,1.178335666656494
1629796117132,0.1871781349182129,0.006617478094995,-0.0252503138035535,1.178335666656494
1629796117213,0.1871781349182129,-0.0180807784199714,-0.0179671179503202,1.178335666656494
1629796117291,0.1871781349182129,-0.0709754601120948,0.0050455997698009,1.178335666656494
1629796117384,0.1871781349182129,-0.1439047753810882,0.0421929284930229,1.178335666656494
1629796117509,0.1871781349182129,-0.2143562138080597,0.0724395886063575,1.178335666656494
1629796117603,0.1871781349182129,-0.2570736706256866,0.0924817845225334,1.178335666656494
1629796117728,0.1871781349182129,-0.2639102637767792,0.0944724828004837,1.178335666656494
1629796117869,0.1871781349182129,-0.2409316897392273,0.0799989774823188,1.178335666656494
1629796117915,0.1871781349182129,-0.1758464276790619,0.0541388541460037,1.178335666656494
1629796118009,0.1871781349182129,-0.0493110120296478,0.0367058999836444,1.178335666656494
1629796118119,0.1871781349182129,0.1071321070194244,0.0367058999836444,1.178335666656494
1629796118215,0.1871781349182129,0.2414886802434921,0.0367058999836444,1.178335666656494
1629796118340,0.1871781349182129,0.3346107304096222,0.0367058999836444,1.178335666656494
1629796118449,0.1871781349182129,0.4019129872322082,0.0367058999836444,1.178335666656494
1629796118527,0.1871781349182129,0.4665403664112091,0.0367058999836444,1.178335666656494
1629796118637,0.1871781349182129,0.5337343811988831,0.0367058999836444,1.178335666656494
1629796118730,0.1871781349182129,0.5894790887832642,0.0367058999836444,1.178335666656494
1629796118793,0.1871781349182129,0.6238369345664978,0.0367058999836444,1.178335666656494
1629796118965,0.1871781349182129,0.6384755373001099,0.0367058999836444,1.178335666656494
1629796119027,0.1871781349182129,0.6417244076728821,0.0367058999836444,1.178335666656494
1629796119105,0.1871781349182129,0.6402916312217712,0.0367058999836444,1.178335666656494
1629796119199,0.1871781349182129,0.6370259523391724,0.0367058999836444,1.178335666656494
1629796119311,0.1871781349182129,0.6323471665382385,0.0367058999836444,1.178335666656494
1629796119452,0.1871781349182129,0.6229631304740906,0.0367058999836444,1.178335666656494
1629796119545,0.041065614670515,0.5993168354034424,0.0367058999836444,0.9525318145751952
1629796119670,0.0418521724641323,0.5540662407875061,-0.7574814558029175,0.944264590740204
1629796119733,0.0705093815922737,0.4908769726753235,-0.7362813353538513,0.9477900862693788
1629796119873,0.1141640916466713,0.4230783581733703,-0.7262299060821533,0.958127498626709
1629796119936,0.1516650319099426,0.3533542156219482,-0.7297165393829346,0.9672693610191344
1629796120033,0.1714327782392501,0.2619656920433044,-0.7269456386566162,0.9682982563972472
1629796120158,0.1761520355939865,0.122438944876194,-0.7159408926963806,0.9649225473403932
1629796120267,0.1764810383319854,-0.0670551210641861,-0.6922330856323242,0.9680269360542296
1629796120392,0.1795210689306259,-0.2623439729213714,-0.6628014445304871,0.9853359460830688
1629796120439,0.1847343891859054,-0.3779901564121246,-0.6307480335235596,1.0137062072753906
1629796120548,0.1919601857662201,-0.3953032195568084,-0.6005212664604187,1.044382929801941
1629796120658,0.2067184448242187,-0.3763917684555053,-0.5609759092330933,1.0723873376846311
1629796120798,0.2306575924158096,-0.3574265241622925,-0.4991933107376098,1.1014151573181152
1629796120861,0.266956627368927,-0.3449882566928863,-0.3961829245090484,1.1277644634246826
1629796120954,0.3052358627319336,-0.341018944978714,-0.2777591943740845,1.150172472000122
1629796121098,0.3477429747581482,-0.3352131843566894,-0.1612745970487594,1.172142505645752
1629796121129,0.429048627614975,-0.3047805726528168,-0.0403270944952964,1.207040786743164
1629796121238,0.4419513344764709,-0.2208384126424789,0.103288896381855,1.220096468925476
1629796121394,0.4505555033683777,-0.0976188257336616,0.2539708912372589,1.2324708700180054
1629796121535,0.4579675495624542,0.0196176376193761,0.377839982509613,1.245934009552002
1629796121597,0.4696149826049804,0.1030955985188484,0.4579845368862152,1.2638145685195925
1629796121676,0.4883871376514435,0.1470411717891693,0.4973242878913879,1.2863593101501465
1629796121785,0.5122645497322083,0.1608303487300872,0.5102513432502747,1.3091681003570557
1629796121863,0.5385703444480896,0.1590008288621902,0.5126699209213257,1.3262887001037598
1629796121972,0.5681771039962769,0.1522875428199768,0.5140679478645325,1.3351116180419922
1629796122100,0.6022224426269531,0.1443743258714676,0.5174322128295898,1.3375704288482666
1629796122194,0.5843039155006409,0.1393734514713287,0.5214529037475586,1.3360246419906616
1629796122303,0.561186671257019,0.1411302238702774,0.5220407247543335,1.2835520505905151
1629796122366,0.541009247303009,0.1531845182180404,0.515479564666748,1.2329853773117063
1629796122475,0.5324355363845825,0.1759882867336273,0.5019536018371582,1.188554048538208
1629796122616,0.5132169127464294,0.2048691809177398,0.4830175638198852,1.1371434926986694
1629796122725,0.3747617304325104,0.2286984473466873,0.4539163708686828,1.0178956985473633
1629796122803,0.3635270595550537,0.2306570559740066,0.3988873362541199,1.0245314836502075
1629796122850,0.3397121131420135,0.1990805268287658,0.3004632294178009,1.0392272472381592
1629796123006,0.3133264780044555,0.137489452958107,0.1554511785507202,1.0526702404022217
1629796123084,0.2943179309368133,0.0650706961750984,-0.0098844608291983,1.0613938570022583
1629796123212,0.2943179309368133,0.0094553269445896,-0.1331521123647689,1.0613938570022583
1629796123290,0.2943179309368133,-0.0170902702957391,-0.1731490045785904,1.0613938570022583
1629796123415,0.2943179309368133,-0.0263121332973241,-0.1507249474525451,1.0613938570022583
1629796123493,0.2943179309368133,-0.0317679494619369,-0.1001873016357421,1.0613938570022583
1629796123650,0.2943179309368133,-0.0366623476147651,-0.0475193634629249,1.0613938570022583
1629796123696,0.3082369863986969,-0.0437887832522392,-0.0125738279893994,1.0613938570022583
1629796123868,0.3136767745018005,-0.0569952018558979,0.0017166786128655,1.0696370601654053
1629796123899,0.3037249147891998,-0.0820371359586715,0.0049835643731057,1.076411485671997
1629796124040,0.2696245908737182,-0.1252970695495605,0.0076849162578582,1.0818908214569092
1629796124122,0.2106056362390518,-0.1911161988973617,0.0126247815787792,1.0925428867340088
1629796124216,0.136152446269989,-0.2766028940677643,0.0180391147732734,1.1102750301361084
1629796124278,0.136152446269989,-0.3654316067695617,0.0218425299972295,1.1102750301361084
1629796124466,0.136152446269989,-0.4276991188526153,0.0246236883103847,1.1102750301361084
1629796124512,0.136152446269989,-0.4459747672080993,0.0279322490096092,1.1102750301361084
1629796124669,0.136152446269989,-0.4347979724407196,0.0324429497122764,1.1102750301361084
1629796124731,0.136152446269989,-0.4220865070819855,0.0362393110990524,1.3867502212524414
1629796124794,0.7208446860313416,-0.4218646585941314,0.0346294604241848,1.4335227012634275
1629796124887,0.7153187394142151,-0.4308237433433532,0.0164614021778106,1.4473185539245603
1629796125012,0.6860443353652954,-0.4399648606777191,-0.0268865954130888,1.4341397285461426
1629796125169,0.6446096897125244,-0.442930668592453,-0.0897544100880622,1.4055780172348022
1629796125294,0.6041249632835388,-0.4384638965129852,-0.1451111137866974,1.374132513999939
1629796125309,0.5706425309181213,-0.4240838289260864,-0.1609780043363571,1.3492926359176636
1629796125434,0.5455349087715149,-0.3982023000717163,-0.1362483948469162,1.335279107093811
1629796125528,0.5300050377845764,-0.3672810196876526,-0.1007970049977302,1.3307677507400513
1629796125668,0.5207083225250244,-0.3420041501522064,-0.0755670890212059,1.329562425613403
1629796125747,0.5113183259963989,-0.3299246728420257,-0.0629226565361023,1.3255900144577026
1629796125872,0.4994105994701385,-0.3299780488014221,-0.0576274953782558,1.3168364763259888
1629796125965,0.4880346357822418,-0.3387433290481567,-0.0583436973392963,1.3134195804595947
1629796126043,0.4711257219314575,-0.3544154167175293,-0.0644755810499191,1.297457933425903
1629796126106,0.4462655782699585,-0.3788086473941803,-0.0729393362998962,1.2663078308105469
1629796126280,0.4116387367248535,-0.4077728390693664,-0.0767634138464927,1.2223775386810305
1629796126342,0.3780674040317535,-0.4330717623233795,-0.0711263343691825,1.179673671722412
1629796126467,0.3720036447048187,-0.4455538690090179,-0.0533680953085422,1.1588464975357056
1629796126561,0.3612527847290039,-0.4410594701766968,-0.0201275013387203,1.1733847856521606
1629796126717,0.3689719140529632,-0.422224223613739,0.0386362448334693,1.1766401529312134
1629796126764,0.3851974606513977,-0.3902513086795807,0.1240004152059555,1.188855767250061
1629796126873,0.4026115536689758,-0.3495904207229614,0.2146196961402893,1.2002720832824707
1629796126967,0.4177483916282654,-0.3067142963409424,0.2849054634571075,1.2035326957702637
1629796127092,0.4261820614337921,-0.2643356025218963,0.3243401050567627,1.1953591108322144
1629796127139,0.4290349781513214,-0.2241543084383011,0.3382025063037872,1.1798036098480225
1629796127233,0.435708224773407,-0.1837087422609329,0.3399837613105774,1.167034387588501
1629796127373,0.45416459441185,-0.1405935287475586,0.3410238921642303,1.1664482355117798
1629796127483,0.4811543226242065,-0.0996629074215889,0.3470681607723236,1.1841261386871338
1629796127545,0.5087835788726807,-0.0683114379644393,0.3627705872058868,1.2211543321609497
1629796127670,0.5087835788726807,-0.0446104928851127,0.3887824714183807,1.2761025428771973
1629796127764,0.5087835788726807,-0.0159747637808322,0.4197875559329986,1.2761025428771973
1629796127857,0.5087835788726807,0.044014036655426,0.4508358240127563,1.2761025428771973
1629796127982,0.5087835788726807,0.1394004970788955,0.4815912246704101,1.2761025428771973
1629796128110,0.5087835788726807,0.2402011007070541,0.5100757479667664,1.2761025428771973
1629796128189,0.5087835788726807,0.3165068030357361,0.5278701782226562,1.2761025428771973
1629796128267,0.5087835788726807,0.3568337857723236,0.5245276689529419,1.2761025428771973
1629796128345,0.5087835788726807,0.366072416305542,0.4977739155292511,1.2761025428771973
1629796128439,0.5087835788726807,0.3571749627590179,0.4584690630435943,1.2761025428771973
1629796128548,0.5087835788726807,0.3409961760044098,0.4244360625743866,1.2761025428771973
1629796128704,0.5087835788726807,0.3232792317867279,0.4070513248443603,1.2761025428771973
1629796128782,0.5087835788726807,0.306469053030014,0.405025452375412,1.2761025428771973
1629796128891,0.5087835788726807,0.2902590334415436,0.4103087782859802,1.2761025428771973
1629796128954,0.5087835788726807,0.2749185860157013,0.4156028628349304,1.2761025428771973
1629796129063,0.5087835788726807,0.2621573805809021,0.4125903248786926,1.2761025428771973
1629796129191,0.5087835788726807,0.2524925172328949,0.3966316282749176,1.1599268913269043
1629796129316,0.0709171071648597,0.2420211434364318,0.3695247173309326,1.183247685432434
1629796129394,0.0943974405527114,0.2170987725257873,0.3343914449214935,1.1856878995895386
1629796129487,0.1540271639823913,0.1622193157672882,0.2887530922889709,1.1723917722702026
1629796129566,0.2181313782930374,0.0719315707683563,0.2295373529195785,1.1529030799865725
1629796129722,0.2599110305309295,-0.0394301265478134,0.1616467833518982,1.134921312332153
1629796129784,0.2695252895355224,-0.1334191411733627,0.099359393119812,1.1186195611953735
1629796129894,0.2578356564044952,-0.1743332147598266,0.0556432157754898,1.1034905910491943
1629796130034,0.2423339337110519,-0.1709157079458236,0.0313258841633796,1.0893118381500244
1629796130128,0.2361887395381927,-0.1528652608394622,0.0185780171304941,1.0757765769958496
1629796130209,0.2378747016191482,-0.1374704986810684,0.0085128685459494,1.0609995126724243
1629796130302,0.2420494705438614,-0.1304790526628494,-0.0083211977034807,1.0459479093551636
1629796130396,0.2478327453136444,-0.1302429884672165,-0.0357336848974227,1.0353069305419922
1629796130505,0.2643072009086609,-0.131623312830925,-0.0715925395488739,1.0203913450241089
1629796130646,0.2837219536304474,-0.1309464275836944,-0.1088146120309829,1.0006089210510254
1629796130693,0.3000268936157226,-0.1270725429058075,-0.1415383964776992,0.9753464460372924
1629796130818,0.3059389293193817,-0.1229999288916587,-0.1669455617666244,0.9480092525482178
1629796130912,0.2969674468040466,-0.127805545926094,-0.1859634965658188,0.925740659236908
1629796131007,0.2699895203113556,-0.1492447108030319,-0.200671911239624,0.9117470979690552
1629796131117,0.2267035245895385,-0.1841154098510742,-0.2153452038764953,0.9031851291656494
1629796131210,0.2020529061555862,-0.2197055369615554,-0.2277171909809112,0.8991831541061401
1629796131320,0.1894209384918213,-0.2459321320056915,-0.2173951417207718,0.8962713479995728
1629796131445,0.1936280876398086,-0.267285943031311,-0.1486456394195556,0.8948138952255249
1629796131538,0.2048459947109222,-0.2945824563503265,-0.0262313093990087,0.8950643539428711
1629796131617,0.2088941782712936,-0.3296132683753967,0.1012931540608406,0.8976567983627319
1629796131710,0.2031277120113372,-0.3624725937843323,0.1974135488271713,0.9071445465087892
1629796131867,0.1904706507921219,-0.3838824033737182,0.2548754513263702,0.923292338848114
1629796131960,0.1680280119180679,-0.3916896879673004,0.2818599045276642,0.939877986907959
1629796132056,0.1220541596412658,-0.3916115462779999,0.2911943197250366,0.9487029910087584
1629796132119,0.0383334271609783,-0.3856200277805328,0.2924626767635345,0.9460998773574828
1629796132259,-0.0851834416389465,-0.3694304525852203,0.292763203382492,0.9326918721199036
1629796132337,-0.0851834416389465,-0.3405252695083618,0.2982815206050873,0.9326918721199036
1629796132478,-0.0851834416389465,-0.3069488704204559,0.3113429844379425,0.9326918721199036
1629796132556,-0.0851834416389465,-0.2805772721767425,0.3279893398284912,0.9326918721199036
1629796132619,-0.0851834416389465,-0.2695436477661133,0.3422505259513855,0.9326918721199036
1629796132729,0.5056730508804321,-0.2710997760295868,0.3483996391296386,1.3272186517715454
1629796132830,0.4903538227081299,-0.277823805809021,0.3416187167167663,1.320417881011963
1629796132986,0.4606297016143799,-0.2840900421142578,0.3132725656032562,1.3067092895507812
1629796133048,0.4253785610198974,-0.2875429689884186,0.2535572946071625,1.2941458225250244
1629796133207,0.3944041430950165,-0.285966545343399,0.1605663895606994,1.2898743152618408
1629796133254,0.3691066801548004,-0.2763057053089142,0.0489332973957061,1.2901015281677246
1629796133332,0.3465054929256439,-0.2600324749946594,-0.0515867881476879,1.2864631414413452
1629796133410,0.3262901604175567,-0.2441074699163437,-0.1152225732803344,1.2760450839996338
1629796133629,0.3133327066898346,-0.2345847487449646,-0.1436017900705337,1.2629570960998535
1629796133660,0.312259167432785,-0.2342643737792968,-0.1512044966220855,1.2542394399642944
1629796133738,0.3195050358772278,-0.2502722442150116,-0.1539315730333328,1.2520363330841064
1629796133879,0.325417011976242,-0.2909668087959289,-0.1706864088773727,1.251692771911621
1629796133957,0.3171631991863251,-0.3569696545600891,-0.2128693610429763,1.242098093032837
1629796134066,0.2912700772285461,-0.4323320090770721,-0.2742383778095245,1.2260017395019531
1629796134163,0.2566002905368805,-0.4839717447757721,-0.3351924121379852,1.206987977027893
1629796134257,0.2240572571754455,-0.4914961457252502,-0.375775396823883,1.1923742294311523
1629796134382,0.2006987184286117,-0.4706826210021972,-0.3884761035442352,1.187053084373474
1629796134460,0.1879669576883316,-0.4458324313163757,-0.373092919588089,1.1868305206298828
1629796134554,0.1803367137908935,-0.425978273153305,-0.3358194530010223,1.1829992532730105
1629796134648,0.1712587624788284,-0.406484454870224,-0.2930331230163574,1.170888900756836
1629796134788,0.1603969782590866,-0.3865770101547241,-0.2612960934638977,1.1547847986221311
1629796134913,0.15191650390625,-0.3717038929462433,-0.2448433935642242,1.1418853998184204
1629796134945,0.1483505368232727,-0.3654061257839203,-0.2373114824295044,1.134407639503479
1629796135101,0.1483750492334365,-0.3651014268398285,-0.2297635078430175,1.1291368007659912
1629796135197,0.1434667706489563,-0.3661794066429138,-0.219287559390068,1.1213603019714355
1629796135259,0.1277088820934295,-0.3646070957183838,-0.209437608718872,1.1103757619857788
1629796135431,0.1031260713934898,-0.3600670993328094,-0.2024923712015152,1.0987939834594729
1629796135540,0.0779154673218727,-0.3508394956588745,-0.1964378505945205,1.0903369188308716
1629796135571,0.0569810196757316,-0.3410335183143616,-0.1907926052808761,1.0856614112854004
1629796135696,0.0383099317550659,-0.3398724496364593,-0.1863205283880233,1.0843478441238403
1629796135743,0.017592741176486,-0.350878357887268,-0.1810411214828491,1.0857250690460205
1629796135868,-0.0002117219555657,-0.3637225329875946,-0.1733075082302093,1.091069579124451
1629796136012,-0.0101391216740012,-0.3635892570018768,-0.1661388874053955,1.1022977828979492
1629796136105,-0.0121708065271377,-0.350933700799942,-0.1660470813512802,1.1169923543930054
1629796136262,-0.0131946625187993,-0.3441499471664428,-0.1778960824012756,1.127981424331665
1629796136308,-0.0134380925446748,-0.352963387966156,-0.1980859488248825,1.130828857421875
1629796136371,-0.0021109320223331,-0.3672917187213897,-0.2194553017616272,1.1299245357513428
1629796136480,0.0309745818376541,-0.3674082458019256,-0.2374126017093658,1.1325870752334597
1629796136652,0.0753739774227142,-0.3443759679794311,-0.2532216608524322,1.1408536434173584
1629796136730,0.1128393784165382,-0.3069015741348266,-0.27155801653862,1.148425579071045
1629796136808,0.1362009644508361,-0.2624138593673706,-0.2956914603710174,1.1492213010787964
1629796136902,0.148235335946083,-0.2146230190992355,-0.3266240656375885,1.1430948972702026
1629796136980,0.1552363187074661,-0.1727687567472458,-0.3651093244552612,1.1343963146209717
1629796137061,0.1615391224622726,-0.1456634998321533,-0.4066491723060608,1.1260870695114136
1629796137248,0.1696171462535858,-0.1349462270736694,-0.438144326210022,1.1147832870483398
1629796137358,0.1807408481836319,-0.1363191902637481,-0.4455537497997284,1.0937070846557615
1629796137389,0.1943209320306778,-0.1430432647466659,-0.4209864437580108,1.05940580368042
1629796137561,0.2077420949935913,-0.152019515633583,-0.369900643825531,1.0156387090682983
1629796137608,0.2223465591669082,-0.1601581871509552,-0.3092930614948272,0.9726642966270448
1629796137733,0.2414685487747192,-0.1627254635095596,-0.2532969415187835,0.947152853012085
1629796137842,0.2634152770042419,-0.158436432480812,-0.2041753381490707,0.9319397211074828
1629796137967,0.2785680890083313,-0.1502282321453094,-0.1459405869245529,0.9206383228302002
1629796138014,0.273550420999527,-0.1438979655504226,-0.0679395273327827,0.9029257297515868
1629796138108,0.2407292127609253,-0.1431764662265777,0.016088793054223,0.8713715076446533
1629796138217,0.1869803667068481,-0.1477052271366119,0.0836369767785072,0.8290348052978516
1629796138295,0.1297670900821685,-0.1571369022130966,0.1256733387708664,0.7834949493408203
1629796138483,0.0941610336303711,-0.1719434410333633,0.148232877254486,0.7458769679069519
1629796138514,0.0882615447044372,-0.1886631101369857,0.1622411459684372,0.7226942181587219
1629796138623,0.1075336784124374,-0.1996071636676788,0.1721765547990799,0.7156584858894348
1629796138717,0.1075336784124374,-0.1972418129444122,0.1766258478164672,0.7199406027793884
1629796138904,0.1075336784124374,-0.1787364482879638,0.1721806079149246,0.7199406027793884
1629796138936,0.1075336784124374,-0.1507891118526458,0.1567679196596145,0.7199406027793884
1629796139075,0.1075336784124374,-0.1230858862400055,0.130538523197174,0.7199406027793884
1629796139172,0.1075336784124374,-0.1035145744681358,0.0971831455826759,0.7199406027793884
1629796139266,0.5735676884651184,-0.0942480415105819,0.0641748011112213,1.171703577041626
1629796139344,0.5196847915649414,-0.0926683992147445,0.0362837798893451,1.1681870222091677
1629796139469,0.4643166959285736,-0.0960673317313194,0.0044980566017329,1.161733865737915
1629796139516,0.4185196757316589,-0.1018097996711731,-0.0485815741121768,1.1575648784637451
1629796139688,0.3836157619953155,-0.1065171137452125,-0.1303890645503997,1.1580121517181396
1629796139781,0.3556867837905884,-0.1064546182751655,-0.2218168824911117,1.1649326086044312
1629796139813,0.3303982019424438,-0.1014440506696701,-0.285672128200531,1.178160548210144
1629796139953,0.3058933317661285,-0.0937797129154205,-0.3088552057743072,1.1936661005020142
1629796140047,0.2821151614189148,-0.0863077864050865,-0.3164328038692474,1.2043949365615845
1629796140110,0.2657002508640289,-0.0792792961001396,-0.3233932852745056,1.2085050344467163
1629796140250,0.2688179910182953,-0.0709923356771469,-0.3235606849193573,1.210955023765564
1629796140391,0.2987869679927826,-0.061936292797327,-0.308506965637207,1.2177809476852417
1629796140453,0.3213403224945068,-0.0543869696557521,-0.2865814566612243,1.2341630458831787
1629796140547,0.343380331993103,-0.0486650206148624,-0.2717571258544922,1.2450709342956543
1629796140630,0.3573558032512665,-0.0435260348021984,-0.2701893746852875,1.2480816841125488
1629796140708,0.3642578423023224,-0.0384884439408779,-0.2790677547454834,1.2469956874847412
1629796140911,0.3686821460723877,-0.0359256751835346,-0.2928017377853393,1.246238112449646
1629796140958,0.374988853931427,-0.0378091633319854,-0.3048644065856933,1.2464966773986816
1629796141036,0.3869787752628326,-0.0450121983885765,-0.3096248209476471,1.2450499534606934
1629796141146,0.4042661488056183,-0.05741673335433,-0.307154506444931,1.239494800567627
1629796141302,0.4222679734230041,-0.0768489465117454,-0.3077516555786133,1.227817416191101
1629796141349,0.4369971454143524,-0.1053854152560234,-0.3219363987445831,1.2088273763656616
1629796141536,0.4457187950611114,-0.1410092413425445,-0.349522203207016,1.1834096908569336
1629796141567,0.4490327835083008,-0.1776986569166183,-0.3776822686195373,1.157219648361206
1629796141692,0.4458516538143158,-0.2111206650733947,-0.3966805934906006,1.1358214616775513
1629796141755,0.4307045042514801,-0.2458720505237579,-0.4110638797283172,1.121124505996704
1629796141880,0.3960955739021301,-0.2918030321598053,-0.4284783899784088,1.1109530925750732
1629796141989,0.3385328352451324,-0.3549974858760834,-0.4454761445522308,1.103820562362671
1629796142114,0.2646510899066925,-0.4328350722789764,-0.4531434178352356,1.0999021530151367
1629796142177,0.1912130266427993,-0.5150508880615234,-0.4473423063755035,1.096342921257019
1629796142301,0.1343124359846115,-0.5906616449356079,-0.4336796998977661,1.0884802341461182
1629796142395,0.0990236178040504,-0.6523739099502563,-0.420510470867157,1.079128623008728
1629796142489,0.0731153935194015,-0.7013299465179443,-0.4147410094738006,1.0783387422561646
1629796142614,0.0420337878167629,-0.7463107705116272,-0.4159789979457855,1.094766616821289
1629796142708,0.0122175244614481,-0.7958977222442627,-0.4195047616958618,1.128319501876831
1629796142770,0.0135937370359897,-0.828082799911499,-0.4200245440006256,1.170689582824707
1629796142942,0.0607415102422237,-0.7942219376564026,-0.4164119660854339,1.2110825777053833
1629796143020,0.1302605122327804,-0.7022705674171448,-0.408772736787796,1.2412465810775757
1629796143102,0.1876651495695114,-0.6099187731742859,-0.397098571062088,1.2586064338684082
1629796143164,0.2191233783960342,-0.5538592338562012,-0.3842479586601257,1.2660582065582275
1629796143352,0.2290480285882949,-0.5303053855895996,-0.3749347031116485,1.2668519020080566
1629796143430,0.2275072485208511,-0.5198112726211548,-0.3727147877216339,1.2633416652679443
1629796143477,0.2230381667613983,-0.5062322020530701,-0.3743920922279358,1.258184552192688
1629796143617,0.2206012457609176,-0.492895632982254,-0.3722456991672516,1.2566920518875122
1629796143711,0.2241684347391128,-0.4840771853923797,-0.3588402569293976,1.2627689838409424
1629796143805,0.2336752712726593,-0.4774028360843658,-0.3312617242336273,1.274231195449829
1629796143914,0.2447253912687301,-0.4665669500827789,-0.2955028712749481,1.2831710577011108
1629796144023,0.2547256648540497,-0.4502486288547516,-0.2635166645050049,1.282649278640747
1629796144182,0.2614410519599914,-0.4335871338844299,-0.2487719804048538,1.2694904804229736
1629796144229,0.2606872916221618,-0.4215548932552337,-0.2547324597835541,1.2432653903961182
1629796144307,0.2453969120979309,-0.4218055307865143,-0.2746054530143738,1.2074470520019531
1629796144417,0.2139494568109512,-0.4449014961719513,-0.2962415218353271,1.1707823276519775
1629796144526,0.1791234612464904,-0.4947112798690796,-0.3129135072231293,1.1465646028518677
1629796144651,0.1634954065084457,-0.5581255555152893,-0.323419988155365,1.1419758796691897
1629796144760,0.176929771900177,-0.6076500415802002,-0.3266798853874206,1.151958465576172
1629796144792,0.2047393769025802,-0.6270542144775391,-0.3197280764579773,1.1659042835235596
1629796144932,0.2264393866062164,-0.6189864873886108,-0.3020034730434418,1.1766022443771362
1629796145026,0.2356028258800506,-0.5921655297279358,-0.2823138535022735,1.1838562488555908
1629796145166,0.2373065799474716,-0.5484294295310974,-0.2675419449806213,1.1899378299713137
1629796145229,0.2377028912305832,-0.5019643306732178,-0.2584697902202606,1.196347713470459
1629796145385,0.2409619092941284,-0.4706208407878876,-0.2470684945583343,1.2029099464416504
1629796145448,0.247668519616127,-0.4605713188648224,-0.2165018320083618,1.2087548971176147
1629796145541,0.2532556653022766,-0.4670270383358001,-0.1631365716457367,1.2131450176239014
1629796145651,0.2525407671928406,-0.4793864488601684,-0.1027485653758049,1.2187750339508057
1629796145776,0.2602051794528961,-0.4904100298881531,-0.0536841675639152,1.2312850952148438
1629796145885,0.2610130608081817,-0.4908572435379028,-0.0162440408021211,1.2459559440612793
1629796145963,0.2517758905887604,-0.4730005264282226,0.0283395629376173,1.2605807781219482
1629796146072,0.2291205823421478,-0.4372237920761108,0.0959296599030494,1.2721896171569824
1629796146152,0.1912431120872497,-0.3983164727687835,0.1735103577375412,1.2798877954483032
1629796146232,0.1400998383760452,-0.3693411946296692,0.2364183515310287,1.284605622291565
1629796146388,0.0866644084453582,-0.3550183176994324,0.2720256745815277,1.2879397869110107
1629796146513,0.0511997267603874,-0.3541519045829773,0.2831564545631408,1.2899507284164429
1629796146576,0.0476135164499282,-0.3626928925514221,0.2821350693702698,1.287578582763672
1629796146669,0.0673843696713447,-0.3752516210079193,0.2793936133384704,1.274996042251587
1629796146748,0.088924154639244,-0.3872750997543335,0.277164101600647,1.2479721307754517
1629796146873,0.088924154639244,-0.3954028189182281,0.2721498012542724,1.2479721307754517
1629796146982,0.088924154639244,-0.3990383446216583,0.2584022879600525,1.2479721307754517
1629796147044,0.088924154639244,-0.3976853787899017,0.2340895384550094,1.2479721307754517
1629796147216,0.088924154639244,-0.3892321586608886,0.2055445164442062,1.2479721307754517
1629796147263,-0.1992008239030838,-0.3749696016311645,0.1818016022443771,1.2943196296691897
1629796147357,-0.1992008239030838,-0.3595648109912872,0.1646719574928283,1.2943196296691897
1629796147466,-0.1992008239030838,-0.3472157120704651,0.1413392871618271,1.2943196296691897
1629796147638,-0.1992008239030838,-0.3247666656970978,0.0949898436665535,1.2943196296691897
1629796147685,-0.1992008239030838,-0.2808323800563812,0.0202364455908536,1.2943196296691897
1629796147747,-0.1992008239030838,-0.2237223386764526,-0.0678358897566795,1.2943196296691897
1629796147857,-0.1992008239030838,-0.1728179156780243,-0.1378349512815475,1.2943196296691897
1629796147950,-0.1992008239030838,-0.137340247631073,-0.1691018640995025,1.2943196296691897
1629796148060,-0.1992008239030838,-0.1136161908507347,-0.1754865497350692,1.2943196296691897
1629796148200,-0.1992008239030838,-0.0925855040550232,-0.1805261820554733,1.2943196296691897
1629796148297,-0.1992008239030838,-0.071152240037918,-0.1861546039581298,1.2943196296691897
1629796148406,-0.1992008239030838,-0.0521232597529888,-0.1810380220413208,1.2943196296691897
1629796148516,-0.1992008239030838,-0.0397554486989975,-0.1581395864486694,1.2943196296691897
1629796148578,-0.1992008239030838,-0.0340149886906147,-0.1261216700077057,1.2943196296691897
1629796148641,-0.1992008239030838,-0.0307718012481927,-0.0972126647830009,1.2943196296691897
1629796148812,-0.1992008239030838,-0.02442242577672,-0.0689629539847374,1.2943196296691897
1629796148906,1.3381056785583496,-0.010012381710112,-0.0334155820310115,1.2943196296691897
1629796148984,1.5300791263580322,0.0172439347952604,0.0081277443096041,1.2943196296691897
1629796149078,1.6818904876708984,0.0523730032145977,0.0421823225915432,1.2943196296691897
1629796149187,1.776877522468567,0.0826886445283889,0.0570695325732231,1.2943196296691897
1629796149250,1.8145201206207275,0.0991779416799545,0.0543930009007453,1.930952072143555
1629796149453,1.807685375213623,0.1035117954015731,0.0433157719671726,1.899000883102417
1629796149500,1.807685375213623,0.1011568456888198,0.0328138843178749,1.847905397415161
1629796149594,1.807685375213623,0.0940630659461021,0.0259210970252752,1.847905397415161
1629796149687,1.807685375213623,0.0786586329340934,0.0227897390723228,1.847905397415161
1629796149812,1.807685375213623,0.0562811568379402,0.0218446310609579,1.847905397415161
1629796149922,1.807685375213623,0.0336889065802097,0.019035629928112,1.8044191598892207
1629796150078,1.765269756317139,0.017959302291274,0.0112910764291882,1.766678810119629
1629796150109,1.765294909477234,0.0090452088043093,0.0013160700909793,1.7315194606781006
1629796150281,1.7600688934326172,0.0014530554180964,-0.0048073236830532,1.7346482276916504
1629796150296,1.7431721687316897,-0.0107652209699153,-0.0092734033241868,1.700840950012207
1629796150390,1.7061573266983032,-0.0338945426046848,-0.0239253882318735,1.6716526746749878
1629796150468,1.630763053894043,-0.0788668096065521,-0.0563101172447204,1.6454752683639526
1629796150671,1.4906089305877686,-0.1591746211051941,-0.1013078838586807,1.555670142173767
1629796150718,1.2554854154586792,-0.2766836285591125,-0.1379825174808502,1.4210491180419922
1629796150843,0.8907029032707214,-0.4113847911357879,-0.1499493718147277,1.275193452835083
1629796150921,0.3523607552051544,-0.5273658037185669,-0.1400102376937866,1.171670913696289
1629796151015,0.3300653994083404,-0.5985583662986755,-0.1221709474921226,1.124736785888672
1629796151156,0.3150855898857116,-0.6250752806663513,-0.1071995124220848,1.1145808696746826
1629796151249,0.3048151731491089,-0.6102055311203003,-0.0996661186218261,1.109214186668396
1629796151343,0.2973909080028534,-0.5688846111297607,-0.1005955561995506,1.1073204278945925
1629796151468,0.2934358119964599,-0.5244820713996887,-0.1062403544783592,1.0795127153396606
1629796151515,0.2564734220504761,-0.4923314750194549,-0.1113001406192779,1.0498347282409668
1629796151624,0.2171166092157364,-0.4679029881954193,-0.1150044351816177,1.022210717201233
1629796151718,0.1858401596546173,-0.4431481659412384,-0.1243835240602493,0.99888277053833
1629796151843,0.1689938753843307,-0.4177878499031067,-0.1443477869033813,0.9774789214134216
1629796151968,0.1715181618928909,-0.3983132839202881,-0.170410618185997,0.9551127552986144
1629796152062,0.1973537057638168,-0.383617639541626,-0.1926235854625702,0.934175431728363
1629796152155,0.2412347644567489,-0.3670762777328491,-0.2051602751016616,0.9202858209609984
1629796152236,0.2871344685554504,-0.3483268022537231,-0.2094771713018417,0.9157028198242188
1629796152346,0.3205088078975677,-0.3350484371185303,-0.2120131552219391,0.9151054620742798
1629796152486,0.3364224135875702,-0.332118421792984,-0.218214064836502,0.916275143623352
1629796152533,0.3412590324878692,-0.3375986516475677,-0.2315389215946197,0.9231995344161988
1629796152674,0.3431134521961212,-0.3461871147155761,-0.247603103518486,0.9397565722465516
1629796152752,0.3453223705291748,-0.357008695602417,-0.2571534514427185,0.9612576365470886
1629796152877,0.3449882268905639,-0.367917001247406,-0.253000259399414,0.9809120297431946
1629796152908,0.3395774662494659,-0.3726315200328827,-0.2426427751779556,0.9987141489982604
1629796153035,0.3306675851345062,-0.3667848706245422,-0.2395572662353515,1.0226377248764038
1629796153191,0.3281770348548889,-0.358355164527893,-0.2514162361621856,1.0324392318725586
1629796153254,0.3278500139713287,-0.3570057153701782,-0.2654746770858764,1.0465291738510132
1629796153379,0.3327967226505279,-0.3598963320255279,-0.2489411979913711,1.061537265777588
1629796153441,0.3373855054378509,-0.354676604270935,-0.1706198453903198,1.076223850250244
1629796153551,0.3272922337055206,-0.3403409123420715,-0.0598080046474933,1.0915844440460205
1629796153707,0.2918413877487182,-0.328559011220932,0.0360894836485385,1.11052143573761
1629796153785,0.235048621892929,-0.3254947960376739,0.0941182002425193,1.1357741355895996
1629796153894,0.1803876459598541,-0.3221214115619659,0.1176526993513107,1.1679234504699707
1629796153941,0.1564424782991409,-0.3057854771614074,0.1225447729229927,1.202412486076355
1629796154035,0.1598980575799942,-0.2721921801567077,0.1229934468865394,1.2325615882873535
1629796154160,0.162590354681015,-0.2294947355985641,0.1256820261478424,1.2504668235778809
1629796154285,0.162590354681015,-0.1888371109962463,0.1320588439702987,1.2504668235778809
1629796154426,0.162590354681015,-0.1596869081258773,0.1381180137395858,1.2504668235778809
1629796154457,0.162590354681015,-0.1458036452531814,0.1391258835792541,1.2504668235778809
1629796154566,0.162590354681015,-0.1408611834049224,0.1340726166963577,1.2504668235778809
1629796154660,0.1942345201969146,-0.1307564228773117,0.127976506948471,0.9732875823974608
1629796154769,0.1746088564395904,-0.106647677719593,0.1237682253122329,0.9839768409729004
1629796154925,0.150500401854515,-0.07557313144207,0.1128873601555824,0.9961453080177308
1629796155004,0.1333512961864471,-0.0521651282906532,0.0750502198934555,1.006930589675903
1629796155069,0.1331575512886047,-0.0428906343877315,0.0004298053390812,1.0151828527450562
1629796155210,0.1520647406578064,-0.0458345711231231,-0.0990991815924644,1.027539610862732
1629796155303,0.1798977702856063,-0.0554113872349262,-0.1885933429002761,1.0527596473693848
1629796155350,0.2005781978368759,-0.0695140436291694,-0.2379512637853622,1.089606761932373
1629796155522,0.2055384367704391,-0.087686613202095,-0.2535276114940643,1.1260762214660645
1629796155631,0.196205735206604,-0.1105502769351005,-0.2570978701114654,1.153020262718201
1629796155725,0.1797951161861419,-0.1381947845220565,-0.2598989307880401,1.1687294244766235
1629796155803,0.1640727967023849,-0.1685664802789688,-0.2685789465904236,1.1753722429275513
1629796155913,0.1448035687208175,-0.1962164342403412,-0.2846102714538574,1.1853842735290527
1629796156006,0.1299084722995758,-0.2172589749097824,-0.3023401200771332,1.1907004117965698
1629796156131,0.1114399954676628,-0.2345334589481353,-0.3144494891166687,1.193097710609436
1629796156241,0.0977614372968673,-0.2583387196063995,-0.3180194199085235,1.1962158679962158
1629796156303,0.1062416136264801,-0.2956576943397522,-0.3114599585533142,1.2030905485153198
1629796156397,0.1472168266773224,-0.344069242477417,-0.2856745421886444,1.214085578918457
1629796156522,0.2087794542312622,-0.3914975225925445,-0.2408874034881591,1.2289001941680908
1629796156584,0.2137892842292785,-0.4263642430305481,-0.1947157829999923,1.2449570894241333
1629796156756,0.2083037495613098,-0.4356959164142608,-0.1612743139266967,1.2528821229934692
1629796156834,0.1913279443979263,-0.4142002463340759,-0.1325912922620773,1.25451397895813
1629796156897,0.1712666600942611,-0.3668964207172394,-0.0875277370214462,1.2457215785980225
1629796157006,0.1617259085178375,-0.3112396001815796,-0.0243214555084705,1.2283283472061155
1629796157134,0.1712509989738464,-0.2641312181949615,0.0365510694682598,1.2084343433380127
1629796157213,0.1971048265695572,-0.2345943599939346,0.0783497467637062,1.192004919052124
1629796157306,0.2300430536270141,-0.2236500978469848,0.100327230989933,1.1828458309173584
1629796157447,0.2670986354351043,-0.2273551523685455,0.1129614934325218,1.1851146221160889
1629796157509,0.3143193423748016,-0.2364217489957809,0.1265970915555954,1.201478123664856
1629796157634,0.3803543150424957,-0.2435592710971832,0.1438130736351013,1.2296578884124756
1629796157712,0.3803543150424957,-0.244816392660141,0.1610511839389801,1.2625898122787476
1629796157869,0.3803543150424957,-0.2373096644878387,0.1745923012495041,1.2625898122787476
1629796157931,0.3803543150424957,-0.2132717221975326,0.1808108240365982,1.2625898122787476
1629796158025,0.3803543150424957,-0.1717474609613418,0.1785525530576706,1.2625898122787476
1629796158137,0.3803543150424957,-0.1248326227068901,0.1707167029380798,1.2625898122787476
1629796158230,0.5350161790847778,-0.0899046584963798,0.1608101427555084,0.8900938034057617
1629796158355,0.4781091213226318,-0.0767318084836006,0.1482919454574585,0.928435742855072
1629796158433,0.4280620515346527,-0.0848540067672729,0.1271734237670898,0.94187194108963
1629796158558,0.3896950185298919,-0.1083562150597572,0.0958099663257598,0.9442647099494934
1629796158636,0.3635555505752563,-0.1395683884620666,0.061861116439104,0.9518872499465942
1629796158761,0.3466150462627411,-0.1696909219026565,0.0346014499664306,0.9698379635810852
1629796158871,0.3343960046768188,-0.1901455223560333,0.0165599081665277,0.9915025234222412
1629796158933,0.3217465579509735,-0.1977153271436691,0.0019195078639313,1.0080305337905884
1629796159011,0.3082185387611389,-0.1963982135057449,-0.0146818766370415,1.0161861181259155
1629796159230,0.2965264916419983,-0.1929517388343811,-0.0338735096156597,1.0178570747375488
1629796159324,0.2883540689945221,-0.1926637887954712,-0.0532618388533592,1.0192458629608154
1629796159339,0.284373790025711,-0.2000469714403152,-0.0740104392170906,1.0284312963485718
1629796159464,0.2620362043380737,-0.2228310108184814,-0.0982648134231567,1.0639076232910156
1629796159558,0.2348465621471405,-0.2661386430263519,-0.1233974397182464,1.1092491149902344
1629796159683,0.2225144058465957,-0.3268706798553467,-0.1432346552610397,1.149024486541748
1629796159730,0.2290882170200348,-0.389757364988327,-0.1529638916254043,1.172999382019043
1629796159855,0.2404104024171829,-0.4357241094112396,-0.1567932367324829,1.183365821838379
1629796159980,0.2458840608596801,-0.45785853266716,-0.1649709939956665,1.1880048513412476
1629796160074,0.2470764815807342,-0.4644886553287506,-0.185501366853714,1.1907153129577637
1629796160167,0.2511042356491089,-0.4669058322906494,-0.2155280113220214,1.1883944272994995
1629796160245,0.2623238861560821,-0.469331830739975,-0.2416619956493377,1.1779791116714478
1629796160386,0.278720885515213,-0.4718675017356872,-0.2509314715862274,1.162603735923767
1629796160464,0.2928972244262695,-0.4689377844333648,-0.2429770976305008,1.1505076885223389
1629796160542,0.2986190021038055,-0.4578096866607666,-0.2296797484159469,1.1473255157470703
1629796160698,0.2953903377056122,-0.4372010827064514,-0.2216123938560485,1.152909755706787
1629796160808,0.2871242165565491,-0.4122257828712463,-0.224017396569252,1.1612372398376465
1629796160823,0.2757319808006286,-0.3958901464939117,-0.2366650998592376,1.162867307662964
1629796160980,0.2593405842781067,-0.3961598873138428,-0.2576159834861755,1.1494014263153076
1629796161073,0.2391254752874374,-0.4067676365375519,-0.2851237654685974,1.1208871603012085
1629796161214,0.2218818068504333,-0.4107454717159271,-0.3141868710517883,1.089975118637085
1629796161292,0.2183822244405746,-0.4011069536209106,-0.3345132768154144,1.0753552913665771
1629796161370,0.2292250841856002,-0.3890596628189087,-0.3396101295948028,1.0814461708068848
1629796161464,0.2457626909017563,-0.3880589306354522,-0.3327564597129822,1.0981988906860352
1629796161604,0.2616172432899475,-0.3979077637195587,-0.3218953311443329,1.115164875984192
1629796161683,0.272788256406784,-0.4089304506778717,-0.3118032813072204,1.1302623748779297
1629796161776,0.2767229676246643,-0.4149260818958282,-0.3025666177272796,1.1436243057250977
1629796161901,0.2701451480388641,-0.4137680828571319,-0.2967744767665863,1.1524527072906494
1629796161979,0.2596791088581085,-0.4087139964103699,-0.2981608808040619,1.1536879539489746
1629796162057,0.2602801620960235,-0.4023664593696594,-0.3068003356456756,1.1496036052703855
1629796162248,0.2821438312530517,-0.4020240902900696,-0.3167111873626709,1.1460493803024292
1629796162279,0.3188739418983459,-0.4138307273387909,-0.3208021223545074,1.1493805646896362
1629796162388,0.3574889898300171,-0.433235615491867,-0.3166059851646423,1.1618717908859253
1629796162545,0.3869897425174713,-0.4501920938491821,-0.3045883178710937,1.1783244609832764
1629796162591,0.4021438360214233,-0.4640657305717468,-0.286323994398117,1.1902045011520386
1629796162685,0.4050263464450836,-0.4839115738868713,-0.2662164866924286,1.1900479793548584
1629796162841,0.4005007147789001,-0.5161299109458923,-0.2521492540836334,1.1770298480987549
1629796162951,0.3969515264034271,-0.5512929558753967,-0.2475721687078476,1.1589393615722656
1629796163029,0.4017277061939239,-0.5704268217086792,-0.2466970980167389,1.1491479873657229
1629796163091,0.4139625430107116,-0.5669267773628235,-0.2408901304006576,1.154415249824524
1629796163219,0.4252481162548065,-0.5529396533966064,-0.2303365468978881,1.1683857440948486
1629796163266,0.4297194480895996,-0.5397235751152039,-0.2230631113052368,1.182227611541748
1629796163406,0.4329266250133514,-0.5287854671478271,-0.2226671427488327,1.1950441598892212
1629796163485,0.4423219561576843,-0.5179622769355774,-0.2250906527042389,1.2107478380203247
1629796163625,0.4545411467552185,-0.5115239024162292,-0.2265136986970901,1.2288603782653809
1629796163703,0.4584602415561676,-0.5135336518287659,-0.2285623401403427,1.243894338607788
1629796163781,0.4523271918296814,-0.5196684002876282,-0.2340345382690429,1.2509936094284058
1629796163906,0.4492838978767395,-0.5249242782592773,-0.2421399354934692,1.2531826496124268
1629796164078,0.4619799554347992,-0.5292295813560486,-0.2507030069828033,1.2574994564056396
1629796164125,0.4856154918670654,-0.5340449213981628,-0.2603937089443207,1.2667285203933716
1629796164221,0.5020354986190796,-0.5399163961410522,-0.2723641693592071,1.2764198780059814
1629796164331,0.5023432970046997,-0.545909583568573,-0.2860389649868011,1.2824208736419678
1629796164393,0.4883445203304291,-0.5536710619926453,-0.3021115064620971,1.2831461429595947
1629796164518,0.4653210043907165,-0.566574215888977,-0.3245213031768799,1.2774407863616943
1629796164659,0.4359036684036255,-0.584042489528656,-0.3560414612293243,1.2667391300201416
1629796164737,0.4039444029331207,-0.5937535166740417,-0.3900971412658691,1.2583116292953491
1629796164831,0.3766654133796692,-0.5796949863433838,-0.4150573909282684,1.2597593069076538
1629796164924,0.3594138026237488,-0.5462230443954468,-0.4312940239906311,1.268702268600464
1629796165049,0.3508001863956451,-0.5135050415992737,-0.4498064219951629,1.2754420042037964
1629796165128,0.3453890383243561,-0.4941467642784118,-0.4754040539264679,1.272935152053833
1629796165284,0.3394322395324707,-0.4844701290130615,-0.4983120560646057,1.2619996070861816
1629796165377,0.3301332592964172,-0.4749667048454284,-0.5021501779556274,1.2480255365371704
1629796165456,0.3103636801242828,-0.4628181159496307,-0.4784981906414032,1.2340924739837646
1629796165518,0.2770002484321594,-0.4527807235717773,-0.4341325163841247,1.2225487232208252
1629796165659,0.2393597811460495,-0.4473679065704345,-0.3863312602043152,1.21815288066864
1629796165768,0.2209722399711609,-0.4435867965221405,-0.3492399454116821,1.2278311252593994
1629796165862,0.2540372908115387,-0.4380280375480652,-0.325546532869339,1.2339292764663696
1629796165987,0.3806853294372558,-0.4290612339973449,-0.2993823587894439,1.2465938329696655
1629796166067,0.6264370083808899,-0.4180881381034851,-0.2404800057411193,1.259865641593933
1629796166130,0.909351885318756,-0.4010150730609894,-0.1402526646852493,1.269527792930603
1629796166255,1.1386475563049316,-0.3723409473896026,-0.032347060739994,1.2723488807678225
1629796166364,1.2901561260223389,-0.3394193649291992,0.0490628890693187,1.2657610177993774
1629796166474,1.318419337272644,-0.3151828646659851,0.0947824418544769,1.2520065307617188
1629796166552,1.3476539850234983,-0.3027522563934326,0.1165141835808754,1.2387819290161133
1629796166677,1.3786147832870483,-0.2823333442211151,0.1360615491867065,1.2372088432312012
1629796166786,1.412671446800232,-0.2279572337865829,0.1675768792629242,1.2540340423583984
1629796166880,1.4507838487625122,-0.1477925479412078,0.2055046707391739,1.2870091199874878
1629796166989,1.4932888746261597,-0.0718313455581665,0.2351509034633636,1.2870091199874878
1629796167070,1.5406275987625122,-0.0198088344186544,0.247581273317337,1.2870091199874878
1629796167242,1.5943108797073364,0.0082298861816525,0.2452286034822464,1.2870091199874878
1629796167273,1.6567777395248413,0.0220911279320716,0.2374681979417801,1.2870091199874878
1629796167367,1.7294378280639648,0.0301448814570903,0.2311341613531112,1.2870091199874878
1629796167492,1.8099819421768188,0.0346188582479953,0.2244534790515899,1.2870091199874878
1629796167554,1.8099819421768188,0.0359911285340786,0.2065443843603134,1.2870091199874878
1629796167710,1.8099819421768188,0.0322329774498939,0.1645383536815643,1.2870091199874878
1629796167773,1.8099819421768188,0.0195119865238666,0.0962547734379768,1.2870091199874878
1629796167866,1.8099819421768188,-0.0029110731557011,0.0174684002995491,1.2870091199874878
1629796167991,1.8099819421768188,-0.0291489623486995,-0.0434152260422706,1.2226277589797974
1629796168103,-0.0816963389515876,-0.0515796728432178,-0.0748169496655464,1.1813961267471311
1629796168182,-0.1196462735533714,-0.0752348229289054,-0.1009268537163734,1.1540968418121338
1629796168306,-0.1411905139684677,-0.1205800101161003,-0.1539407521486282,1.1469943523406982
1629796168400,-0.138842225074768,-0.2049267739057541,-0.2444740533828735,1.1557575464248655
1629796168510,-0.1174897402524948,-0.3273947238922119,-0.3554913103580475,1.1682671308517456
1629796168619,-0.0901018306612968,-0.455992728471756,-0.4459196627140045,1.1733636856079102
1629796168697,-0.0704216063022613,-0.5418469309806824,-0.4834980368614197,1.1668766736984253
1629796168744,-0.0670595243573188,-0.5676429867744446,-0.4844266176223755,1.15193772315979
1629796168916,-0.0767062827944755,-0.5605047941207886,-0.4805153012275696,1.1339032649993896
1629796169009,-0.0868547707796096,-0.5457887649536133,-0.4884547293186188,1.1179348230361938
1629796169088,-0.0868547707796096,-0.5339607000350952,-0.5051870942115784,1.1179348230361938
1629796169181,-0.0868547707796096,-0.5252249836921692,-0.5068075656890869,1.0949537754058838
1629796169384,-0.0967275500297546,-0.5150552988052368,-0.4576315879821777,1.0761975049972534
1629796169431,-0.1032517328858375,-0.5050964951515198,-0.3546047806739807,1.0664372444152832
1629796169541,-0.1016464084386825,-0.5000603199005127,-0.2443558573722839,1.067792296409607
1629796169603,-0.0891672298312187,-0.4981835782527923,-0.1641371399164199,1.078209638595581
1629796169712,-0.0675501823425293,-0.4842627942562103,-0.1216941550374031,1.0886890888214111
1629796169822,-0.045145496726036,-0.4472539126873016,-0.1066291853785514,1.0867904424667358
1629796169915,-0.0331536158919334,-0.3906443417072296,-0.1022736802697181,1.0617622137069702
1629796169978,-0.041933137923479,-0.3283551633358001,-0.0994115695357322,1.0093722343444824
1629796170134,-0.0796364545822143,-0.2743537425994873,-0.0970251560211181,0.9372608065605164
1629796170217,-0.0796364545822143,-0.2363906502723693,-0.09600280970335,0.9372608065605164
1629796170326,-0.0796364545822143,-0.2175158858299255,-0.0964569300413131,0.9372608065605164
1629796170467,-0.0796364545822143,-0.2096292078495025,-0.0970931276679039,0.9372608065605164
1629796170545,-0.0796364545822143,-0.1972244679927826,-0.0951033234596252,0.9372608065605164
1629796170592,0.3907786011695862,-0.1735754162073135,-0.0910205468535423,1.1759684085845947
1629796170748,0.3907786011695862,-0.1459096074104309,-0.0927636176347732,1.1975773572921753
1629796170842,0.3907786011695862,-0.1252451986074447,-0.1124227792024612,1.1975773572921753
1629796170935,0.3907786011695862,-0.1123776584863662,-0.1512960940599441,1.1975773572921753
1629796170998,0.3907786011695862,-0.1046755984425544,-0.1804034560918808,1.1975773572921753
1629796171107,0.3907786011695862,-0.1006907746195793,-0.1667071282863617,1.1975773572921753
1629796171251,0.3907786011695862,-0.1046140640974044,-0.1215295419096946,1.1975773572921753
1629796171345,0.3907786011695862,-0.1197772994637489,-0.0831073671579361,1.1975773572921753
1629796171439,0.3907786011695862,-0.1468989849090576,-0.0682659596204757,1.1975773572921753
1629796171564,0.3907786011695862,-0.1840416342020034,-0.0667302832007408,1.1975773572921753
1629796171642,0.3907786011695862,-0.2273591607809066,-0.0621812306344509,1.1975773572921753
1629796171751,0.3907786011695862,-0.2713476121425628,-0.05103749781847,1.1975773572921753
1629796171798,0.3907786011695862,-0.3094860017299652,-0.0382189601659774,1.1689143180847168
1629796171954,0.3907786011695862,-0.3430323302745819,-0.0271244924515485,1.1689143180847168
1629796172064,0.3907786011695862,-0.3836085796356201,-0.019283277913928,1.1689143180847168
1629796172126,0.3907786011695862,-0.4403136968612671,-0.0135384909808635,1.1689143180847168
1629796172236,0.3907786011695862,-0.5072330236434937,-0.0080767599865794,1.1689143180847168
1629796172332,0.1628989428281784,-0.5645987391471863,-0.0032624073792248,1.0392874479293823
1629796172426,0.1384568363428115,-0.6038631200790405,-0.0064221965149044,1.0443953275680542
1629796172613,0.1158399358391761,-0.6304346323013306,-0.0327356643974781,1.055324912071228
1629796172676,0.1158399358391761,-0.6587696075439453,-0.0890960320830345,1.0746774673461914
1629796172769,0.1158399358391761,-0.6926016211509705,-0.1567617803812027,1.1261672973632812
1629796172847,0.1158399358391761,-0.7181385159492493,-0.1838948279619217,1.1261672973632812
1629796172988,0.1158399358391761,-0.7143594622612,-0.138333648443222,1.1261672973632812
1629796173038,0.1158399358391761,-0.6809161901473999,-0.056873582303524,1.1261672973632812
1629796173178,0.1158399358391761,-0.6416701078414917,0.0119007490575313,1.1261672973632812
1629796173272,0.1158399358391761,-0.618833065032959,0.0491856783628463,1.1261672973632812
1629796173382,0.1158399358391761,-0.6151982545852661,0.0590199418365955,1.1261672973632812
1629796173444,0.1158399358391761,-0.6206185221672058,0.0548101626336574,1.1261672973632812
1629796173553,0.0757260471582412,-0.6269151568412781,0.0503227449953556,1.1336411237716677
1629796173631,0.0436781756579875,-0.6324594020843506,0.0506473407149314,1.1486705541610718
1629796173803,0.0436781756579875,-0.6356493234634399,0.0558022260665893,1.1697019338607788
1629796173913,0.0436781756579875,-0.6300516128540039,0.0647531524300575,1.2356945276260376
1629796173960,0.0436781756579875,-0.6098772883415222,0.0768642872571945,1.2908635139465332
1629796174069,0.0436781756579875,-0.5805836915969849,0.0903524309396743,1.3351579904556274
1629796174147,0.5397451519966125,-0.5589369535446167,0.1009432002902031,1.3681002855300903
1629796174288,0.5522261261940002,-0.5522680878639221,0.1039745584130287,1.3666586875915527
1629796174366,0.546785295009613,-0.5623145699501038,0.0931102111935615,1.3635478019714355
1629796174506,0.5257624387741089,-0.5887925624847412,0.0604601353406906,1.354689121246338
1629796174631,0.5021719336509705,-0.6310708522796631,0.00272948294878,1.3406559228897097
1629796174678,0.4867196977138519,-0.6793121695518494,-0.0724830403923988,1.324774980545044
1629796174787,0.4800673127174377,-0.7156765460968018,-0.14275424182415,1.3099113702774048
1629796174866,0.4749361872673034,-0.7263144850730896,-0.1860008090734481,1.2965987920761108
1629796175103,0.4650292992591858,-0.713537335395813,-0.2033071964979171,1.284295916557312
1629796175166,0.4480744898319244,-0.685495138168335,-0.2136801183223724,1.2751988172531128
1629796175212,0.4277059435844421,-0.6403663158416748,-0.2290439307689666,1.2722134590148926
1629796175353,0.4090434312820434,-0.5805956721305847,-0.2517971992492676,1.274802327156067
1629796175400,0.3833981454372406,-0.5134485960006714,-0.282951682806015,1.2719022035598757
1629796175462,0.365498423576355,-0.4490798115730285,-0.3281639814376831,1.2629414796829224
1629796175650,0.343460202217102,-0.3974766135215759,-0.3906460702419281,1.2455551624298096
1629796175712,0.3090074360370636,-0.3613343834877014,-0.4634780883789062,1.2217259407043457
1629796175806,0.2785193026065826,-0.3401512503623962,-0.5303546190261841,1.2089029550552368
1629796175900,0.2531457841396332,-0.3258146345615387,-0.5641840696334839,1.196142554283142
1629796175994,0.2415612936019897,-0.298047125339508,-0.4972006380558014,1.1865373849868774
1629796176087,0.2371880114078521,-0.2324816584587097,-0.2882024347782135,1.1826434135437012
1629796176228,0.2256740480661392,-0.1275412738323211,-0.0265175178647041,1.183777093887329
1629796176290,0.1984522491693496,0.000584632565733,0.2209740281105041,1.187713623046875
1629796176447,0.1607351750135421,0.1246103569865226,0.4274725317955017,1.1939139366149902
1629796176493,0.1283072680234909,0.2238415032625198,0.580815315246582,1.2035977840423584
1629796176572,0.1217021197080612,0.2872860729694366,0.681614339351654,1.212219476699829
1629796176696,0.142046645283699,0.3105883002281189,0.7365648150444031,1.2082773447036743
1629796176821,0.1721931248903274,0.3330234587192535,0.7599445581436157,1.178796410560608
1629796176915,0.1721931248903274,0.3301915824413299,0.7674007415771484,1.178796410560608
1629796176993,0.1721931248903274,0.3208076059818268,0.7699177861213684,1.178796410560608
1629796177103,0.1721931248903274,0.3104428052902221,0.7723318934440613,1.178796410560608
1629796177212,0.1721931248903274,0.3047997057437897,0.7764449119567871,1.178796410560608
1629796177290,0.1721931248903274,0.3058487474918365,0.7822008728981018,1.178796410560608
1629796177478,0.1721931248903274,0.3092556595802307,0.7870855927467346,1.178796410560608
1629796177540,0.1721931248903274,0.3077096939086914,0.7866160273551941,1.5553253889083862
1629796177603,0.1721931248903274,0.293392926454544,0.7752568125724792,1.5553253889083862
1629796177743,0.1721931248903274,0.2603897154331207,0.7489117383956909,1.5553253889083862
1629796177852,0.1721931248903274,0.2047283947467804,0.7044686675071716,1.5553253889083862
1629796177931,0.1721931248903274,0.1431257426738739,0.6473501324653625,1.5553253889083862
1629796178056,0.1721931248903274,0.0257718749344348,0.5477580428123474,1.5553253889083862
1629796178180,0.1721931248903274,-0.1128369942307472,0.4214981198310852,1.5553253889083862
1629796178230,0.1721931248903274,-0.1128369942307472,0.3090096414089203,1.5553253889083862
1629796178324,0.1721931248903274,-0.1128369942307472,0.2552708387374878,1.5553253889083862
1629796178402,0.1721931248903274,-0.1087696030735969,0.2592592239379883,1.5553253889083862
1629796178527,0.1721931248903274,-0.0914083570241928,0.2881176471710205,1.5553253889083862
1629796178667,0.1721931248903274,-0.0689319968223571,0.3210087418556213,1.5553253889083862
1629796178839,0.1721931248903274,-0.0474850125610828,0.3496855497360229,1.5553253889083862
1629796178855,0.1721931248903274,-0.0271613411605358,0.3741380870342254,1.5553253889083862
1629796178933,0.1721931248903274,0.0037864490877836,0.4054608941078186,1.5553253889083862
1629796179058,0.1721931248903274,0.0554895512759685,0.4577246606349945,1.5553253889083862
1629796179152,0.1721931248903274,0.0554895512759685,0.4562572240829468,1.5553253889083862
1629796179279,0.1721931248903274,0.0554895512759685,0.4665862917900085,1.5553253889083862
1629796179404,0.1721931248903274,0.0554895512759685,0.479257583618164,1.5553253889083862
1629796179435,0.1721931248903274,0.0554895512759685,0.4232034683227539,1.5553253889083862
1629796179560,0.1721931248903274,0.2347402870655059,0.4889293313026428,1.5553253889083862
1629796179685,0.1721931248903274,0.2314622104167938,0.5099140405654907,1.5553253889083862
1629796179732,0.1721931248903274,0.2053479105234146,0.5002962350845337,1.5553253889083862
1629796179857,0.1721931248903274,0.1811873465776443,0.478545218706131,1.5553253889083862
1629796179982,0.1721931248903274,0.1881757080554962,0.457121878862381,1.5553253889083862
1629796180107,0.1721931248903274,0.2373510003089904,0.4450443387031555,1.5553253889083862
1629796180201,0.1721931248903274,0.2373510003089904,0.4454044997692108,1.5553253889083862
1629796180295,0.1721931248903274,0.2373510003089904,0.4500434100627899,1.5553253889083862
1629796180313,0.1721931248903274,0.2373510003089904,0.4487971067428589,1.5553253889083862
1629796180485,0.1721931248903274,0.2373510003089904,0.437272846698761,1.5553253889083862
1629796180579,0.1721931248903274,0.2373510003089904,0.4183902740478515,1.5553253889083862
1629796180672,0.1721931248903274,0.2214494347572326,0.4138931930065155,1.5553253889083862
1629796180766,0.1721931248903274,0.2159058451652526,0.4016010463237762,1.5553253889083862
1629796180844,0.1721931248903274,0.2077737748622894,0.3728029727935791,1.5553253889083862
1629796180985,0.1721931248903274,0.1867650151252746,0.3256783485412597,1.5553253889083862
1629796181113,0.1721931248903274,0.1587535291910171,0.2683233320713043,1.5553253889083862
1629796181191,0.1721931248903274,0.1342401355504989,0.2141096889972686,1.5553253889083862
1629796181253,0.1721931248903274,0.1167592257261276,0.1730213612318039,1.5553253889083862
1629796181394,0.7258254885673523,0.0943694412708282,0.1415510922670364,1.234225153923035
1629796181487,0.7258254885673523,0.0441065207123756,0.1122245490550994,1.2673691511154177
1629796181550,0.7258254885673523,-0.0569898970425128,0.0747383013367652,1.3108192682266235
1629796181722,0.7258254885673523,0.0016709367046132,0.0200762059539556,1.3108192682266235
1629796181816,0.7258254885673523,0.0982288867235183,-0.0428367145359516,1.3108192682266235
1629796181909,0.7258254885673523,0.1866543889045715,-0.0910621285438537,1.3108192682266235
1629796181987,0.7258254885673523,0.2411797493696212,-0.1089748069643974,1.3108192682266235
1629796182081,0.7258254885673523,0.2598052620887756,-0.1077727526426315,1.3108192682266235
1629796182162,0.7258254885673523,0.2650696933269501,-0.1075040027499198,1.3108192682266235
1629796182302,0.7258254885673523,0.2577475011348724,-0.1177995055913925,1.3108192682266235
1629796182396,0.7258254885673523,0.2435306757688522,-0.1398342847824096,1.3108192682266235
1629796182521,0.7258254885673523,0.2319981753826141,-0.1709664463996887,1.3108192682266235
1629796182615,0.7258254885673523,0.2424710541963577,-0.2024112343788147,1.3232064247131348
1629796182677,0.7258254885673523,0.2878022193908691,-0.2220766395330429,1.3535701036453247
1629796182802,0.7258254885673523,0.3557349145412445,-0.2208771705627441,1.3535701036453247
1629796182959,0.7258254885673523,0.4228606820106506,-0.1952267438173294,1.3535701036453247
1629796183005,0.7258254885673523,0.4734700918197632,-0.1471913158893585,1.3535701036453247
1629796183099,0.7258254885673523,0.5026971101760864,-0.0872929841279983,1.3535701036453247
1629796183227,0.7258254885673523,0.5092275738716125,-0.0345205292105674,1.3535701036453247
1629796183289,0.7258254885673523,0.4930033385753631,-0.005194301251322,1.3535701036453247
1629796183399,0.7258254885673523,0.4608361721038818,-0.0029417481273412,1.3535701036453247
1629796183524,0.7258254885673523,0.4262136816978454,-0.0181943792849779,1.3535701036453247
1629796183602,0.7258254885673523,0.4012556076049804,-0.0374713912606239,1.3535701036453247
1629796183727,0.7258254885673523,0.3882173895835876,-0.0517147593200206,1.3535701036453247
1629796183820,0.7258254885673523,0.3829098343849182,-0.0584324225783348,1.3535701036453247
1629796183945,0.7258254885673523,0.3823493123054504,-0.048470351845026,1.3535701036453247
1629796183995,0.7258254885673523,0.3877179324626922,0.0122292162850499,1.3535701036453247
1629796184135,0.7258254885673523,0.4055246114730835,0.1617189645767212,1.3535701036453247
1629796184245,0.7258254885673523,0.4352534413337707,0.355919599533081,1.3535701036453247
1629796184323,0.7258254885673523,0.4638020694255829,0.5216224193572998,1.3535701036453247
1629796184432,0.7258254885673523,0.4757071435451507,0.6298570036888123,1.3535701036453247
1629796184542,0.7258254885673523,0.4666684865951538,0.6827285289764404,1.3535701036453247
1629796184620,0.7258254885673523,0.4441530108451843,0.6978806257247925,1.3535701036453247
1629796184760,0.7258254885673523,0.4217609465122223,0.6970424652099609,1.3535701036453247
1629796184838,0.7258254885673523,0.4063671231269836,0.6951976418495178,1.3535701036453247
1629796184963,0.7258254885673523,0.3972536921501159,0.6980425715446472,1.3535701036453247
1629796185044,0.7258254885673523,0.392313152551651,0.7055726051330566,1.3535701036453247
1629796185137,0.7258254885673523,0.3923386037349701,0.7158617377281189,1.3535701036453247
1629796185278,0.7258254885673523,0.3979145288467407,0.7266302704811096,1.3535701036453247
1629796185403,0.7258254885673523,0.4075444936752319,0.7357034683227539,1.3535701036453247
1629796185450,0.7158873677253723,0.417267769575119,0.7402029633522034,0.8070161938667297
1629796185544,0.697394847869873,0.4186759293079376,0.7333022952079773,0.9085188508033752
1629796185653,0.6867592334747314,0.3930918574333191,0.7001403570175171,0.9992867708206176
1629796185731,0.6867592334747314,0.3247153460979461,0.6242365837097168,0.9992867708206176
1629796185840,0.6867592334747314,0.2177720665931701,0.4996473491191864,0.9992867708206176
1629796185965,0.6867592334747314,0.1187314987182617,0.3449440598487854,0.9992867708206176
1629796186043,0.6867592334747314,0.0919561237096786,0.2141041904687881,0.9992867708206176
1629796186171,0.6867592334747314,0.130911722779274,0.1526678055524826,0.9992867708206176
1629796186249,0.6867592334747314,0.1733638942241668,0.1404012441635131,0.9992867708206176
1629796186343,0.6867592334747314,0.1940367966890335,0.141183003783226,0.9992867708206176
1629796186468,0.6867592334747314,0.199578583240509,0.1417520940303802,0.9992867708206176
1629796186577,0.6867592334747314,0.2024111151695251,0.1370700299739837,0.9992867708206176
1629796186686,0.6678245067596436,0.2047774195671081,0.1220114976167678,1.0491207838058472
1629796186780,0.6510001420974731,0.2040552198886871,0.0939045175909996,1.1086058616638184
1629796186889,0.6510001420974731,0.2001185715198516,0.0601010285317897,1.1086058616638184
1629796186952,0.6510001420974731,0.1992895901203155,0.0352027714252471,1.1086058616638184
1629796187077,0.6510001420974731,0.2078138142824173,0.028207529336214,1.1086058616638184
1629796187189,0.6510001420974731,0.2234324365854263,0.0367978475987911,1.1086058616638184
1629796187298,0.6510001420974731,0.2351296544075012,0.0523870885372161,1.1086058616638184
1629796187408,0.6510001420974731,0.2325662672519683,0.0673697665333747,1.1086058616638184
1629796187486,0.6510001420974731,0.2070402354001999,0.0779658854007721,1.1086058616638184
1629796187564,0.6510001420974731,0.1570587009191513,0.1259501129388809,1.1086058616638184
1629796187657,0.6510001420974731,0.0920481532812118,0.1538707017898559,1.1086058616638184
1629796187814,0.6510001420974731,0.0323608480393886,0.1655264347791671,1.1086058616638184
1629796187907,0.6510001420974731,-0.0040115127339959,0.1621480733156204,1.1086058616638184
1629796187970,0.6510001420974731,-0.0186507552862167,0.1438348442316055,1.1086058616638184
1629796188110,0.6510001420974731,-0.0266829524189233,0.1160520315170288,1.1086058616638184
1629796188191,0.6510001420974731,-0.0350380726158618,0.0908121839165687,1.1086058616638184
1629796188301,0.6510001420974731,-0.0440156236290931,0.07985620200634,1.3256853818893433
1629796188394,0.7144448757171631,-0.0565579049289226,0.0823754519224166,1.3728172779083252
1629796188519,0.7502004504203796,-0.084046334028244,0.0868454426527023,1.3926838636398315
1629796188629,0.7597960829734802,-0.1357126235961914,0.0857851430773735,1.3885139226913452
1629796188691,0.7493780255317688,-0.2074383944272995,0.074082113802433,1.374656081199646
1629796188738,0.7272425889968872,-0.2800816893577575,0.049990851432085,1.3658338785171509
1629796188910,0.701050341129303,-0.3335042893886566,0.0269645359367132,1.3655157089233398
1629796189006,0.6739450097084045,-0.3602946996688843,0.0102051589637994,1.3680870532989502
1629796189100,0.6462095379829407,-0.3676342964172363,-0.0518632866442203,1.368505358695984
1629796189225,0.6183021664619446,-0.3587478995323181,-0.1015048027038574,1.3668838739395142
1629796189303,0.5929397344589233,-0.3373489081859588,-0.1379235833883285,1.3654582500457764
1629796189428,0.5734891891479492,-0.3108527362346649,-0.1657852083444595,1.3648197650909424
1629796189475,0.5645934343338013,-0.2881845533847809,-0.1871178150177002,1.3756557703018188
1629796189631,0.5700483918190002,-0.2771155834197998,-0.201762393116951,1.3853554725646973
1629796189709,0.570869505405426,-0.2799383699893951,-0.2116708904504776,1.3912959098815918
1629796189803,0.5777521729469299,-0.2919857501983642,-0.2222663611173629,1.3967480659484863
1629796189912,0.6130896806716919,-0.3018479347229004,-0.2359668612480163,1.411171793937683
1629796190021,0.6733394861221313,-0.3017314374446869,-0.2494623959064483,1.4393422603607178
1629796190099,0.7313145399093628,-0.2938199639320373,-0.2561680972576141,1.473229169845581
1629796190224,0.7664535045623779,-0.2843440473079681,-0.2506032288074493,1.4995049238204956
1629796190365,0.7789334654808044,-0.2742868363857269,-0.23711758852005,1.5121935606002808
1629796190428,0.779837965965271,-0.262578547000885,-0.2290430814027786,1.5147080421447754
1629796190521,0.7781021595001221,-0.2528658211231231,-0.2363497614860534,1.512723088264465
1629796190584,0.77846759557724,-0.251542717218399,-0.2640669047832489,1.5092170238494873
1629796190709,0.7831655740737915,-0.2632567882537842,-0.3091625273227691,1.5035884380340576
1629796190834,0.7911653518676758,-0.2847956717014313,-0.3569138646125793,1.494638442993164
1629796190959,0.8139745593070984,-0.3020523488521576,-0.3789721727371216,1.503045678138733
1629796191070,0.8335704803466797,-0.2979353368282318,-0.3597165942192077,1.5115251541137695
1629796191102,0.8502525091171265,-0.2652941644191742,-0.3131301701068878,1.5194578170776367
1629796191195,0.8642876744270325,-0.2136532813310623,-0.2603903412818908,1.525628924369812
1629796191305,0.8661714792251587,-0.1558824777603149,-0.210555762052536,1.5245963335037231
1629796191492,0.8338432312011719,-0.1044581606984138,-0.168249562382698,1.5062406063079834
1629796191570,0.7484326958656311,-0.0671648979187011,-0.137582316994667,1.463510036468506
1629796191633,0.6074240207672119,-0.0457696989178657,-0.1217177882790565,1.4005916118621826
1629796191789,0.4456397891044616,-0.0375171341001987,-0.1208276972174644,1.3355867862701416
1629796191820,0.334625244140625,-0.0377752818167209,-0.1287340223789215,1.2854887247085571
1629796191914,0.3059334754943847,-0.0407293625175952,-0.134729728102684,1.2467665672302246
1629796192101,0.3059334754943847,-0.0425131097435951,-0.1326397061347961,1.2467665672302246
1629796192121,0.3059334754943847,-0.0437419228255748,-0.1196119040250778,1.2467665672302246
1629796192246,0.3059334754943847,-0.0477137863636016,-0.0993065759539604,1.2467665672302246
1629796192324,0.3059334754943847,-0.0570547766983509,-0.0785358771681785,1.2467665672302246
1629796192433,0.3059334754943847,-0.0735638737678527,-0.0656607672572135,1.2467665672302246
1629796192558,0.3059334754943847,-0.0979063436388969,-0.0636231824755668,1.2467665672302246
1629796192699,0.3059334754943847,-0.1315866857767105,-0.0672735646367073,1.2467665672302246
1629796192792,0.3059334754943847,-0.1767250448465347,-0.0712355002760887,1.267446756362915
1629796192857,0.3059334754943847,-0.2378028780221939,-0.0744855776429176,1.2910053730010986
1629796193060,0.1734404265880584,-0.3142664134502411,-0.0761158987879753,1.2919248342514038
1629796193075,0.1573254019021988,-0.3938910663127899,-0.075651042163372,1.2754287719726562
1629796193154,0.1356073468923568,-0.4570448994636535,-0.0713181719183921,1.2504615783691406
1629796193310,0.1356073468923568,-0.4949938356876373,-0.0634510740637779,1.225030779838562
1629796193419,0.1356073468923568,-0.5162370204925537,-0.0552240572869777,1.2045133113861084
1629796193482,0.1356073468923568,-0.5370519161224365,-0.0511317439377307,1.1931861639022827
1629796193638,0.1356073468923568,-0.5595932006835938,-0.0544112771749496,1.1931861639022827
1629796193669,0.1356073468923568,-0.5551652908325195,-0.0679491534829139,1.1931861639022827
1629796193778,0.1356073468923568,-0.4983827173709869,-0.0911569744348526,1.1931861639022827
1629796193935,0.1356073468923568,-0.412669688463211,-0.1208703964948654,1.225683569908142
1629796193966,0.1356073468923568,-0.3408730030059814,-0.1529159247875213,1.2440917491912842
1629796194122,0.1356073468923568,-0.3005993068218231,-0.1851512193679809,1.255016207695007
1629796194153,0.1311704218387603,-0.2814231812953949,-0.2199687063694,1.262975573539734
1629796194298,0.11801378428936,-0.2643174827098846,-0.2597689032554626,1.2665661573410034
1629796194377,0.2183995991945266,-0.2416879683732986,-0.3027975261211395,1.2715216875076294
1629796194517,0.3718608319759369,-0.218374028801918,-0.3459004163742065,1.2891587018966677
1629796194642,0.5470144748687744,-0.1969553232192993,-0.3855748474597931,1.323691487312317
1629796194767,0.6966816782951355,-0.176824688911438,-0.4233926832675934,1.3649027347564695
1629796194798,0.7229703664779663,-0.1564407795667648,-0.4504198729991913,1.3994508981704712
1629796194939,0.7302125096321106,-0.1347286105155944,-0.439889520406723,1.4211422204971311
1629796194986,0.731852114200592,-0.1092589199542999,-0.3788686990737915,1.4304451942443848
1629796195142,0.7357242107391357,-0.0812895447015762,-0.2940744161605835,1.4163159132003784
1629796195204,0.7418455481529236,-0.0604379922151565,-0.2206103354692459,1.4034650325775146
1629796195348,0.7464793920516968,-0.0579400323331356,-0.1733486801385879,1.3915505409240725
1629796195395,0.7454970479011536,-0.0747170075774192,-0.1490379273891449,1.3716295957565308
1629796195520,0.7374394536018372,-0.1014406010508537,-0.1381281018257141,1.3562660217285156
1629796195567,0.7275452017784119,-0.1261996477842331,-0.1325884014368057,1.3428858518600464
1629796195754,0.7234620451927185,-0.1435796320438385,-0.1287400275468826,1.326278567314148
1629796195879,0.7278514504432678,-0.1521001458168029,-0.1255720257759094,1.308190107345581
1629796195910,0.7504457831382751,-0.145544558763504,-0.1246612221002578,1.28947651386261
1629796195988,0.770632266998291,-0.1198038756847381,-0.125914067029953,1.2658289670944214
1629796196131,0.7959496378898621,-0.0821612700819969,-0.1225473284721374,1.2338155508041382
1629796196194,0.8429033160209656,-0.0404410697519779,-0.105535089969635,1.2002053260803225
1629796196335,0.9095396399497986,0.0003073700063396,-0.0804832130670547,1.1763726472854614
1629796196428,0.9728885889053344,0.0323782786726951,-0.0695270895957946,1.1678309440612793
1629796196506,1.012009620666504,0.0479190908372402,-0.0886819586157798,1.1701308488845823
1629796196616,1.0233986377716064,0.0478154942393302,-0.1311430633068084,1.177786111831665
1629796196709,1.0164830684661863,0.0442922338843345,-0.1677304655313491,1.1870917081832886
1629796196834,1.003046631813049,0.0488321222364902,-0.1720655709505081,1.1949567794799805
1629796196913,0.9913616180419922,0.0604451037943363,-0.1465886086225509,1.1993730068206787
1629796197040,0.9861751198768616,0.0701467245817184,-0.1143672466278076,1.2021849155426023
1629796197134,0.9904138445854188,0.0741453915834426,-0.0868258252739906,1.210841178894043
1629796197212,1.0029526948928833,0.0736220404505729,-0.0636042654514312,1.2334476709365845
1629796197337,1.0167229175567627,0.0698227137327194,-0.0440955832600593,1.265903115272522
1629796197399,1.0234384536743164,0.0606074854731559,-0.0291387904435396,1.2951265573501587
1629796197618,1.0172890424728394,0.0431097783148288,-0.0201519280672073,1.31103777885437
1629796197665,0.9934791326522828,0.0152589380741119,-0.0191887579858303,1.3137471675872805
1629796197743,0.9444746971130372,-0.0263304077088832,-0.0295946840196847,1.3104729652404783
1629796197852,0.868409276008606,-0.0824749916791915,-0.0526977591216564,1.3106029033660889
1629796197946,0.7875911593437195,-0.1431584060192108,-0.0798823535442352,1.3216487169265747
1629796198043,0.7124364972114563,-0.186405748128891,-0.0998145565390586,1.3238158226013184
1629796198168,0.6779868602752686,-0.2007629126310348,-0.1089239344000816,1.3260284662246704
1629796198308,0.6872376203536987,-0.2035077065229416,-0.1037903204560279,1.3274922370910645
1629796198340,0.7174190282821655,-0.1908251941204071,-0.1135512813925743,1.3311855792999268
1629796198465,0.7511119246482849,-0.2208276689052581,-0.1374841779470443,1.3420960903167725
1629796198543,0.7794913649559021,-0.2410525679588318,-0.1661678999662399,1.361067771911621
1629796198621,0.7869529724121094,-0.2402024567127227,-0.197210744023323,1.3780511617660522
1629796198793,0.7523233890533447,-0.2240655124187469,0.0560536608099937,1.3771138191223145
1629796198871,0.6620035171508789,-0.2065257430076599,0.1829969584941864,1.3507015705108645
1629796198949,0.5227727293968201,-0.0895625054836273,0.2615479528903961,1.309326410293579
1629796199092,0.5227727293968201,-0.0517252124845981,0.3131070137023926,1.304625391960144
1629796199186,0.5227727293968201,-0.0441868565976619,0.3434093594551086,1.2948545217514038
1629796199217,0.5227727293968201,-0.0429657585918903,0.3594177365303039,1.2808533906936646
1629796199420,0.5227727293968201,-0.0400669649243354,0.3693065047264099,1.2476941347122192
1629796199467,0.5227727293968201,-0.036500483751297,0.3774279356002807,1.173858642578125
1629796199576,0.5227727293968201,-0.0336763374507427,0.3862816989421844,1.1762069463729858
1629796199686,0.5227727293968201,-0.0326964743435382,0.3967061638832092,1.177991271018982
1629796199748,0.5227727293968201,-0.0352724008262157,0.3776796758174896,1.175433874130249
1629796199873,0.5227727293968201,-0.0681224763393402,0.3692077398300171,1.167641282081604
1629796200045,-0.2415988892316818,-0.0799733027815818,0.3637652993202209,1.1550674438476562
1629796200188,-0.1979066133499145,-0.0945784971117973,0.3539232909679413,1.139434814453125
1629796200204,-0.1093634441494941,-0.1053301617503166,0.3372441232204437,1.1224195957183838
1629796200251,-0.0147130619734525,-0.1105133444070816,0.2545877397060394,1.106737494468689
1629796200345,0.0578818395733833,-0.1143689006567001,0.1732483953237533,1.097427487373352
1629796200454,0.1077290400862693,-0.1903680115938186,0.0999281033873558,1.0990700721740725
1629796200616,0.1427602916955948,-0.2338653206825256,0.0441401526331901,1.0854976177215576
1629796200694,0.1755482256412506,-0.2523176372051239,0.0139480624347925,1.0999364852905271
1629796200834,0.2073553800582885,-0.2557125985622406,0.0028071126434952,1.117680549621582
1629796200897,0.2345167100429535,-0.2537872791290283,-0.0004350250528659,1.1286158561706543
1629796200975,0.2535398006439209,-0.2543445825576782,0.0003535973955877,1.1340798139572144
1629796201133,0.2629788815975189,-0.2625092566013336,0.0027541280724108,1.1376343965530396
1629796201226,0.2856927216053009,-0.2760708034038543,0.0016630452591925,1.139485001564026
1629796201320,0.3002689778804779,-0.2882705330848694,-0.0111536988988518,1.1381198167800903
1629796201398,0.3102099895477295,-0.2948024570941925,-0.0417880676686763,1.133745789527893
1629796201507,0.3166605532169342,-0.2983739972114563,-0.0857612416148185,1.1287840604782104
1629796201586,0.3158864080905914,-0.3080096244812011,-0.1298418790102005,1.1250460147857666
1629796201679,0.3067677021026611,-0.3301440775394439,-0.1593363881111145,1.1241086721420288
1629796201835,0.2931401431560516,-0.3626853823661804,-0.1686272174119949,1.125502586364746
1629796201945,0.2805244326591491,-0.3946443796157837,-0.1611654907464981,1.1243531703948977
1629796201992,0.2699616253376007,-0.4090332984924316,-0.1472136229276657,1.1167925596237185
1629796202101,0.2587077021598816,-0.3960675001144409,-0.1372264623641967,1.1044503450393677
1629796202181,0.2408330887556076,-0.3645044267177582,-0.1372999250888824,1.094731330871582
1629796202275,0.2152017951011657,-0.3310627937316894,-0.1451425403356552,1.0942598581314087
1629796202400,0.1857120394706726,-0.3085379004478454,-0.1547705233097076,1.1016191244125366
1629796202509,0.1581553071737289,-0.2974453568458557,-0.1643827855587005,1.1122536659240725
1629796202603,0.1372433006763458,-0.2943263947963714,-0.1758203506469726,1.12628972530365
1629796202728,0.1219435483217239,-0.2913475334644317,-0.1916026324033737,1.1459944248199463
1629796202822,0.1084981113672256,-0.2729288339614868,-0.2111491858959198,1.1696761846542358
1629796202900,0.0969185307621955,-0.2339443266391754,-0.2276694923639297,1.1927555799484253
1629796203025,0.0935423448681831,-0.1883471608161926,-0.2344239056110382,1.2132277488708496
1629796203167,0.1061172261834144,-0.1544745713472366,-0.2262178659439087,1.232535481452942
1629796203199,0.129711627960205,-0.1385666579008102,-0.2078535109758377,1.250167727470398
1629796203341,0.1484104841947555,-0.1350986212491989,-0.1924929022789001,1.2634336948394775
1629796203419,0.1517414152622223,-0.1359754800796508,-0.1910620629787445,1.2717156410217283
1629796203497,0.1395550966262817,-0.1388987898826599,-0.2069910764694214,1.2746145725250244
1629796203669,0.1198083236813545,-0.1460881531238556,-0.2335844784975052,1.2710994482040403
1629796203731,0.0999350100755691,-0.1583252698183059,-0.2605426013469696,1.2599799633026123
1629796203841,0.0825513452291488,-0.170927032828331,-0.2842199206352234,1.2426679134368896
1629796203934,0.0715254321694374,-0.1750826686620712,-0.305564820766449,1.2236840724945068
1629796204044,0.0753462314605712,-0.1688645929098129,-0.3253653645515442,1.2077866792678833
1629796204106,0.0953593179583549,-0.1599749326705932,-0.3442506790161133,1.1951522827148438
1629796204265,0.1241376921534538,-0.1624197512865066,-0.364109456539154,1.1831878423690796
1629796204312,0.151640236377716,-0.1906300038099289,-0.3888632655143738,1.1712483167648315
1629796204484,0.1771159768104553,-0.2476901412010193,-0.4184711873531341,1.162285089492798
1629796204577,0.1994926929473877,-0.3188582360744476,-0.4484741687774658,1.1574347019195557
1629796204624,0.2138203084468841,-0.3743091821670532,-0.4776523411273956,1.1538589000701904
1629796204781,0.2084331065416336,-0.3936298787593841,-0.5082424283027649,1.149619460105896
1629796204859,0.199301078915596,-0.3782353103160858,-0.540279746055603,1.145311951637268
1629796204968,0.1967677026987075,-0.3283526599407196,-0.5709441304206848,1.1458293199539185
1629796205062,0.2080672085285186,-0.2347405403852462,-0.5798113942146301,1.1518232822418213
1629796205171,0.2313798069953918,-0.1174707785248756,-0.5546790957450867,1.1633769273757937
1629796205251,0.2614048719406128,-0.0161669179797172,-0.5085390210151672,1.180539608001709
1629796205345,0.2956714332103729,0.0474160872399807,-0.4587416350841522,1.2026923894882202
1629796205486,0.3283921778202057,0.0724095404148101,-0.4106959998607635,1.2255069017410278
1629796205595,0.3481997549533844,0.0728871151804924,-0.3611080050468445,1.2415657043457031
1629796205642,0.3489499092102051,0.065375342965126,-0.306259274482727,1.2453385591506958
1629796205736,0.3355387449264526,0.0596088841557502,-0.2498473525047302,1.2371309995651243
1629796205829,0.3355387449264526,0.0579371713101863,-0.1938183158636093,1.2243083715438845
1629796205954,0.3355387449264526,0.0588129311800003,-0.1443303078413009,1.2243083715438845
1629796206095,0.3355387449264526,0.0597489476203918,-0.1061073467135429,1.2243083715438845
1629796206173,0.3355387449264526,0.0599574372172355,-0.080448679625988,1.2243083715438845
1629796206270,0.3355387449264526,0.0588017404079437,-0.0631514266133308,1.2243083715438845
1629796206364,0.4686951339244842,0.0531257502734661,-0.0506056658923625,1.3414889574050903
1629796206442,0.429654061794281,0.0342789106070995,-0.0424142442643642,1.3149547576904297
1629796206567,0.3854908347129822,-0.013362955302,-0.0426303930580616,1.284432053565979
1629796206661,0.351280927658081,-0.1050349324941635,-0.0522207245230674,1.263006567955017
1629796206817,0.3305090069770813,-0.2421188503503799,-0.0636552795767784,1.2515934705734253
1629796206911,0.3142505884170532,-0.4013786613941192,-0.0669386088848114,1.2453958988189695
1629796206958,0.296254813671112,-0.527084469795227,-0.0616025477647781,1.2405294179916382
1629796207098,0.277519941329956,-0.5840744376182556,-0.0568989850580692,1.238393783569336
1629796207145,0.2638208568096161,-0.5914005637168884,-0.0635580196976661,1.2412123680114746
1629796207301,0.2573867738246918,-0.5727657079696655,-0.0821668580174446,1.2478437423706057
1629796207395,0.2548356652259826,-0.5417836308479309,-0.1103195995092392,1.252757549285889
1629796207489,0.2518720924854278,-0.5136702060699463,-0.1428133100271225,1.2508666515350342
1629796207582,0.2274770587682724,-0.4970947504043579,-0.175826758146286,1.238700032234192
1629796207692,0.1901284009218216,-0.4886532723903656,-0.2072337567806244,1.213771104812622
1629796207895,0.1436249911785125,-0.4747126698493957,-0.2351140975952148,1.186955451965332
1629796207910,0.103480763733387,-0.4431870579719543,-0.2530939280986786,1.1734217405319214
1629796207989,0.0798438042402267,-0.396097332239151,-0.2548288404941559,1.176962971687317
1629796208098,0.0718823075294494,-0.346729576587677,-0.2410117089748382,1.1871891021728516
1629796208192,0.0739401504397392,-0.306247353553772,-0.2210707664489746,1.1922948360443115
1629796208332,0.0857762768864631,-0.2778990268707275,-0.2075057923793792,1.1907594203948977
1629796208379,0.111810028553009,-0.2584418952465057,-0.2078122496604919,1.1884742975234983
1629796208520,0.1522338688373565,-0.2437188029289245,-0.2168281376361847,1.1908200979232788
1629796208598,0.1986179798841476,-0.2302692085504531,-0.2210072576999664,1.1943328380584717
1629796208692,0.2402025163173675,-0.2139973789453506,-0.2087214887142181,1.191441297531128
1629796208848,0.2782112956047058,-0.1917070895433426,-0.1795994043350219,1.180350422859192
1629796208910,0.3195752501487732,-0.1643059104681015,-0.1402827948331833,1.1688669919967651
1629796208973,0.3612850308418274,-0.1377976834774017,-0.0974676981568336,1.1664258241653442
1629796209129,0.3942290842533111,-0.1205606162548065,-0.058266282081604,1.1751325130462646
1629796209210,0.4127121567726135,-0.1160533651709556,-0.0269117522984743,1.1873605251312256
1629796209335,0.418523907661438,-0.1232122778892517,-0.0057667233049869,1.194280982017517
1629796209413,0.4188517034053802,-0.1401322782039642,0.0052468818612396,1.1930776834487915
1629796209491,0.4180444478988647,-0.1657061427831649,0.0066088088788092,1.1866648197174072
1629796209600,0.4162580966949463,-0.1977414041757583,-0.0007937708287499,1.1802680492401123
1629796209756,0.4116617739200592,-0.2309869825839996,-0.0153892170637846,1.1762639284133911
1629796209866,0.4032090306282043,-0.2587809264659881,-0.0348302870988845,1.1725640296936035
1629796209897,0.3941991031169891,-0.2756374180316925,-0.0554248914122581,1.1666048765182495
1629796210022,0.3877029120922088,-0.2791324555873871,-0.0728741064667701,1.159629464149475
1629796210085,0.3839937150478363,-0.2736380398273468,-0.0859361141920089,1.155920386314392
1629796210181,0.3795793354511261,-0.2718871235847473,-0.0963877588510513,1.1584012508392334
1629796210431,0.3626689314842224,-0.2855516672134399,-0.1135504841804504,1.1629345417022705
1629796210462,0.3249339759349823,-0.3143937289714813,-0.1470735371112823,1.164670705795288
1629796210509,0.2734516859054565,-0.3425377011299133,-0.2003208100795745,1.1625231504440308
1629796210634,0.2355024516582489,-0.3485323786735534,-0.2631770670413971,1.1571385860443115
1629796210728,0.2449921816587448,-0.3309805691242218,-0.3187954127788543,1.1485596895217896
1629796210806,0.2988436818122864,-0.3075129091739654,-0.3558909595012665,1.1370428800582886
1629796210978,0.361716091632843,-0.2920777499675751,-0.3787313997745514,1.1257330179214478
1629796211040,0.4128460586071014,-0.2835187613964081,-0.3946045041084289,1.1217488050460815
1629796211134,0.448234498500824,-0.273598313331604,-0.4051814675331116,1.1292845010757446
1629796211213,0.4697247147560119,-0.2598135471343994,-0.4040970206260681,1.1294206380844116
1629796211292,0.4896231591701507,-0.2455174624919891,-0.378706693649292,1.13357675075531
1629796211402,0.5046601891517639,-0.2309191673994064,-0.2999913096427917,1.1396325826644895
1629796211558,0.5123798251152039,-0.2060308307409286,-0.1591526865959167,1.1408079862594604
1629796211683,0.5137823820114136,-0.1639004945755005,0.0002908545429818,1.132312893867493
1629796211792,0.5146910548210144,-0.1113526821136474,0.1318646967411041,1.1149688959121704
1629796211886,0.5273469686508179,-0.0655480623245239,0.2194796502590179,1.0968011617660522
1629796211980,0.5582786202430725,-0.0388838127255439,0.2700262665748596,1.0818425416946411
1629796211995,0.6036398410797119,-0.0322007536888122,0.2992801070213318,1.067615628242493
1629796212203,0.6500508785247803,-0.0397526025772094,0.3182537853717804,1.0555070638656616
1629796212249,0.6786457300186157,-0.0528574474155902,0.3296925127506256,1.0607244968414309
1629796212343,0.6786457300186157,-0.0643089860677719,0.3350518941879272,1.0607244968414309
1629796212437,0.6786457300186157,-0.0707156062126159,0.337598979473114,1.0607244968414309
1629796212546,0.6786457300186157,-0.0736961960792541,0.3414486050605774,1.0607244968414309
1629796212656,0.6786457300186157,-0.0777324438095092,0.3478247821331024,1.0607244968414309
1629796212765,0.6786457300186157,-0.0837521851062774,0.355146199464798,1.0607244968414309
1629796212880,0.6786457300186157,-0.0904945284128189,0.3602530360221863,1.143638253211975
1629796212974,0.9165173768997192,-0.1006986126303672,0.355693519115448,1.1646584272384644
1629796213055,0.8899331092834473,-0.1243180409073829,0.3285028338432312,1.1864584684371948
1629796213165,0.8517670035362244,-0.1722794026136398,0.2685134708881378,1.1954301595687866
1629796213258,0.8129690289497375,-0.2482653707265854,0.1765938252210617,1.1937689781188965
1629796213430,0.7756712436676025,-0.3414241075515747,0.0715665593743324,1.1880946159362793
1629796213508,0.7410588264465332,-0.4247670769691467,-0.0195069834589958,1.179327130317688
1629796213586,0.7147884964942932,-0.4722147583961487,-0.0859470441937446,1.166382908821106
1629796213680,0.7017996907234192,-0.4713635444641113,-0.1323854923248291,1.154720902442932
1629796213758,0.7032700777053833,-0.4347029328346252,-0.1557004302740097,1.1589181423187256
1629796213883,0.7154479026794434,-0.3814714550971985,-0.1494411081075668,1.186161756515503
1629796214039,0.7316759824752808,-0.3273736834526062,-0.1204873621463775,1.225683569908142
1629796214108,0.7460463643074036,-0.278681606054306,-0.0895266532897949,1.261531114578247
1629796214217,0.7520874738693237,-0.2370611131191253,-0.0715437084436416,1.2947089672088623
1629796214296,0.739941418170929,-0.2044602334499359,-0.0690423175692558,1.3177074193954468
1629796214358,0.7142174243927002,-0.1767012625932693,-0.079110600054264,1.327944278717041
1629796214452,0.6852055191993713,-0.148530900478363,-0.1007721126079559,1.325369358062744
1629796214592,0.6618459820747375,-0.1207464337348938,-0.1341517269611358,1.3166097402572632
1629796214749,0.6452303528785706,-0.0951272025704383,-0.1723611801862716,1.311126470565796
1629796214811,0.6351993680000305,-0.0670317560434341,-0.1999259740114212,1.3141599893569946
1629796214905,0.6339078545570374,-0.0328683108091354,-0.208341434597969,1.3231176137924194
1629796214999,0.641712486743927,0.0001409367687301,-0.2016294598579406,1.3331453800201416
1629796215092,0.6520656943321228,0.0212716739624738,-0.1835745871067047,1.34169340133667
1629796215217,0.6576241850852966,0.0272004585713148,-0.1559718996286392,1.3473751544952393
1629796215342,0.6591877937316895,0.0231174621731042,-0.1260421425104141,1.346988320350647
1629796215389,0.6733797192573547,0.0154662858694791,-0.110318124294281,1.3365663290023804
1629796215530,0.7261103391647339,0.0043287491425871,-0.1192846968770027,1.3150312900543213
1629796215623,0.8212076425552368,-0.0139741888269782,-0.1446857005357742,1.285346746444702
1629796215670,0.9356483221054076,-0.0406972728669643,-0.1623941361904144,1.2537498474121094
1629796215858,1.0399190187454224,-0.0665575116872787,-0.1452445685863495,1.2267037630081177
1629796215967,1.1161211729049685,-0.0817838013172149,-0.0851859152317047,1.2056978940963743
1629796216014,1.161446452140808,-0.085820198059082,-0.0006974657881073,1.1907187700271606
1629796216155,1.1874052286148071,-0.0870954692363739,0.0822840481996536,1.1820766925811768
1629796216250,1.217045783996582,-0.0930059030652046,0.1470977962017059,1.1828025579452517
1629796216297,1.2490779161453247,-0.1056971177458763,0.1879156082868576,1.1950849294662476
1629796216422,1.2600438594818115,-0.1156348437070846,0.2102634906768798,1.2196069955825806
1629796216547,1.2716591358184814,-0.1055691689252853,0.2216138392686844,1.2507644891738892
1629796216672,1.2819868326187134,-0.0744771361351013,0.2250739783048629,1.2782554626464844
1629796216719,1.289011836051941,-0.0417094975709915,0.2224266827106475,1.2957541942596436
1629796216797,1.2912663221359253,-0.0259112138301134,0.2215473502874374,1.3029046058654783
1629796216953,1.2861807346343994,-0.029963569715619,0.232582688331604,1.302830457687378
1629796217047,1.267083764076233,-0.0401874929666519,0.2552382946014404,1.2994898557662964
1629796217172,1.2244075536727903,-0.0418719872832298,0.2773786783218384,1.297634482383728
1629796217250,1.1476263999938965,-0.0309837255626916,0.287311315536499,1.2994184494018557
1629796217360,1.033820390701294,-0.0181188192218542,0.2789211869239807,1.3046979904174805
1629796217453,0.8961342573165894,-0.0167519934475421,0.2505829334259033,1.3111146688461304
1629796217547,0.7692040801048279,-0.0302344523370265,0.2033643722534179,1.3165417909622192
1629796217641,0.7392334342002869,-0.0494838282465934,0.1437568217515945,1.3188327550888062
1629796217750,0.711592435836792,-0.0625174641609191,0.0848380029201507,1.3145897388458252
1629796217859,0.6877527236938477,-0.0651133954524993,0.0420205369591712,1.3001863956451416
1629796217969,0.6516096591949463,-0.0687273740768432,0.0185855906456708,1.2738161087036133
1629796218047,0.6076767444610596,-0.0896757021546363,0.0069334572181105,1.241498947143555
1629796218141,0.5613542795181274,-0.1313228905200958,-0.0013461780035868,1.2155143022537231
1629796218269,0.5300894379615784,-0.1802035123109817,-0.0135957961902022,1.2026705741882324
1629796218378,0.5369624495506287,-0.2084788084030151,-0.041895430535078,1.202802300453186
1629796218456,0.6229458451271057,-0.1945073008537292,-0.097880832850933,1.2250667810440063
1629796218519,0.6008485555648804,-0.1522434055805206,-0.1801865994930267,1.2205326557159424
1629796218675,0.5759164690971375,-0.1135428175330162,-0.2667007446289062,1.2183088064193726
1629796218769,0.5647024512290955,-0.092728279531002,-0.3166288435459137,1.219986081123352
1629796218894,0.5760204195976257,-0.0731338486075401,-0.3011157512664795,1.2241451740264893
1629796218972,0.6045704483985901,-0.014044907875359,-0.2989333271980285,1.232566237449646
1629796219065,0.6409724354743958,0.0933295711874961,-0.2892895936965942,1.2489299774169922
1629796219128,0.6834074854850769,0.2057266533374786,-0.2783105969429016,1.272434949874878
1629796219286,0.7328760027885437,0.2833012640476227,-0.1775890290737152,1.2971538305282593
1629796219349,0.7879171967506409,0.3180457353591919,-0.1166927590966224,1.318556547164917
1629796219458,0.8473409414291382,0.3211110532283783,-0.0836066901683807,1.3372009992599487
1629796219583,0.9126004576683044,0.312018871307373,-0.0621595606207847,1.3554587364196775
1629796219677,0.9126004576683044,0.3020932972431183,-0.0339686572551727,1.3554587364196775
1629796219802,0.9126004576683044,0.2960379719734192,0.0186993964016437,1.3554587364196775
1629796219896,0.9126004576683044,0.2920246124267578,0.0955323949456214,1.3554587364196775
1629796219974,0.9126004576683044,0.2838787734508514,0.1740618050098419,1.3554587364196775
1629796220130,1.0782372951507568,0.2684384882450104,0.2341166287660598,1.3554587364196775
1629796220192,1.0582051277160645,0.2502133548259735,0.2684307396411896,1.3554587364196775
1629796220286,1.012305498123169,0.235642209649086,0.2790849804878235,1.3554587364196775
1629796220429,0.963063418865204,0.2206683903932571,0.2717757523059845,1.3554587364196775
1629796220476,0.9202509522438048,0.1844105422496795,0.248307392001152,1.4790321588516235
1629796220570,0.88357013463974,0.0997094735503196,0.2259804159402847,1.432786226272583
1629796220695,0.8516022562980652,-0.0493584871292114,0.2049073576927185,1.3944854736328125
1629796220820,0.8231741189956665,-0.2457431256771087,0.1748179346323013,1.3662258386611938
1629796220898,0.7958242297172546,-0.4220189154148102,0.1488576978445053,1.344942927360535
1629796220961,0.7675052881240845,-0.4905503392219543,0.1281237304210662,1.3265281915664673
1629796221101,0.7386175394058228,-0.4715532660484314,0.1099389865994453,1.3089052438735962
1629796221148,0.7386175394058228,-0.4073150753974914,0.0890325382351875,1.2932227849960327
1629796221367,0.7345490455627441,-0.3272595703601837,0.053879290819168,1.2932227849960327
1629796221398,0.6889548301696777,-0.2451870143413543,-0.009381609968841,1.2932227849960327
1629796221507,0.5925785303115845,-0.1587563753128051,-0.1020106226205825,1.2932227849960327
1629796221585,0.459323525428772,-0.0667705088853836,-0.2067175209522247,1.2932227849960327
1629796221663,0.3362438082695007,0.0161619577556848,-0.2933607101440429,1.2256726026535034
1629796221804,0.2720397412776947,0.0750342458486557,-0.3456720411777496,1.181725025177002
1629796221929,0.2482723593711853,0.1067556589841842,-0.3809885382652282,1.1535247564315796
1629796221991,0.226670503616333,0.1193315461277961,-0.4132593274116516,1.1351383924484253
1629796222116,0.1962139457464218,0.1232209429144859,-0.4365172982215881,1.1283859014511108
1629796222197,0.1488308608531952,0.1237257868051529,-0.4466823041439056,1.128843903541565
1629796222275,0.1488308608531952,0.1228455305099487,-0.4472055435180664,1.125516057014465
1629796222385,0.1488308608531952,0.1223556622862815,-0.4443508684635162,1.125516057014465
1629796222525,0.1488308608531952,0.1214946657419204,-0.4410151839256286,1.125516057014465
1629796222603,0.1488308608531952,0.1163973361253738,-0.4330648779869079,1.125516057014465
1629796222744,0.1488308608531952,0.1026323959231376,-0.4190016686916351,1.125516057014465
1629796222853,0.2028277367353439,0.0776996612548828,-0.4033086597919464,1.178484320640564
1629796222884,0.2172440290451049,0.0400100275874137,-0.391405701637268,1.1722886562347412
1629796223009,0.2372204512357711,-0.015619964338839,-0.3901330530643463,1.1831085681915283
1629796223134,0.2491589933633804,-0.0958816930651664,-0.4005570709705353,1.198641061782837
1629796223212,0.2449994832277298,-0.196314662694931,-0.4122938811779022,1.2096632719039917
1629796223337,0.229583203792572,-0.295438677072525,-0.4134077131748199,1.2118083238601685
1629796223400,0.2142546027898788,-0.3661001324653625,-0.3966131210327148,1.205460548400879
1629796223509,0.2022761404514312,-0.4055297076702118,-0.3687174916267395,1.193801999092102
1629796223587,0.1921115815639495,-0.4248225390911102,-0.3424117863178253,1.1827380657196045
1629796223744,0.189968392252922,-0.4262139797210693,-0.3250308036804199,1.1785985231399536
1629796223853,0.204393982887268,-0.411015510559082,-0.3184922039508819,1.182536244392395
1629796223997,0.2315956354141235,-0.3913983404636383,-0.3195303976535797,1.1890699863433838
1629796224075,0.261466920375824,-0.3740085065364837,-0.3239761888980865,1.1854486465454102
1629796224153,0.2801253497600555,-0.3555621802806854,-0.3320406079292297,1.1866308450698853
1629796224215,0.2851593196392059,-0.3319056630134582,-0.3461337387561798,1.192520260810852
1629796224387,0.2901940643787384,-0.3024092018604278,-0.3624917864799499,1.200622797012329
1629796224497,0.2917914390563965,-0.2587678432464599,-0.3728025555610657,1.2048368453979492
1629796224575,0.2886151969432831,-0.1874201595783233,-0.3717449307441711,1.2021347284317017
1629796224653,0.2859266400337219,-0.0958735197782516,-0.364358514547348,1.1933122873306274
1629796224747,0.2931641340255737,-0.0073890606872737,-0.3606680333614349,1.1825385093688965
1629796224809,0.3136237263679504,0.0602294132113456,-0.3602395355701446,1.176421880722046
1629796224965,0.341364711523056,0.1045525223016738,-0.3554439842700958,1.1808984279632568
1629796225077,0.3745912909507751,0.1310451924800872,-0.3419123291969299,1.1986362934112549
1629796225155,0.4171031415462494,0.1460722982883453,-0.326251208782196,1.2247260808944702
1629796225233,0.4626653790473938,0.1530711352825164,-0.3175292611122131,1.246340274810791
1629796225374,0.4626653790473938,0.1538301855325698,-0.3188530802726745,1.246340274810791
1629796225452,0.4626653790473938,0.1501726061105728,-0.326301246881485,1.246340274810791
1629796225577,0.4626653790473938,0.143121525645256,-0.334587037563324,1.246340274810791
1629796225640,0.4626653790473938,0.1333084404468536,-0.3378799557685852,1.246340274810791
1629796225780,0.4626653790473938,0.1221266910433769,-0.3277322053909302,1.214228272438049
1629796225843,0.2241289615631103,0.1110737398266792,-0.3033390641212463,1.1778942346572876
1629796225936,0.2318585067987442,0.0959179997444152,-0.2731753289699554,1.1584463119506836
1629796226046,0.2462684661149978,0.0653988495469093,-0.2449147403240203,1.1533291339874268
1629796226233,0.2553410530090332,0.0095371855422854,-0.217646911740303,1.1512423753738403
1629796226280,0.2574351131916046,-0.0728505998849868,-0.1875592470169067,1.1469889879226685
1629796226343,0.2524265050888061,-0.1697427034378051,-0.1557960510253906,1.1443263292312622
1629796226514,0.2425112128257751,-0.2624067366123199,-0.1298316419124603,1.149541974067688
1629796226593,0.230480745434761,-0.3342505395412445,-0.1146119609475135,1.1648608446121216
1629796226655,0.2193419784307479,-0.3826037049293518,-0.1080209612846374,1.1875736713409424
1629796226811,0.2092445641756057,-0.4101621508598327,-0.1060106679797172,1.2106295824050903
1629796226889,0.1989476382732391,-0.420961856842041,-0.1054252386093139,1.227797269821167
1629796226967,0.1869814097881317,-0.4156224727630615,-0.1048093810677528,1.2309852838516235
1629796227157,0.1761164665222168,-0.3963331282138824,-0.1039784178137779,1.230943202972412
1629796227188,0.1668932437896728,-0.3679922223091125,-0.106120117008686,1.2327853441238403
1629796227251,0.1620045751333236,-0.3396371006965637,-0.1160595938563346,1.2393198013305664
1629796227423,0.1602760404348373,-0.3206791877746582,-0.1336463391780853,1.249314546585083
1629796227485,0.1520591229200363,-0.3138793110847473,-0.1515036225318908,1.262164831161499
1629796227579,0.1369338780641555,-0.3116869926452636,-0.1594689637422561,1.2706743478775024
1629796227688,0.1193426400423049,-0.27855384349823,-0.1557342112064361,1.2794722318649292
1629796227797,0.1024105697870254,-0.179817795753479,-0.1504409462213516,1.2909352779388428
1629796227907,0.0900095328688621,-0.0462268032133579,-0.1566993445158004,1.3036190271377563
1629796228016,0.0839148834347724,0.0688449144363403,-0.1785643994808197,1.3128550052642822
1629796228126,0.0834924429655075,0.140466958284378,-0.2099804729223251,1.3137050867080688
1629796228191,0.0849464163184166,0.1714853942394256,-0.2366516441106796,1.30241596698761
1629796228300,0.0881510972976684,0.1779544353485107,-0.2483139038085937,1.279904842376709
1629796228425,0.0977666229009628,0.1757522970438003,-0.2408815175294876,1.2523999214172363
1629796228503,0.1243258044123649,0.170744776725769,-0.2172911018133163,1.229843020439148
1629796228628,0.1243258044123649,0.1648609191179275,-0.1815069019794464,1.2194823026657104
1629796228800,0.1243258044123649,0.1583253741264343,-0.1385601609945297,1.230000615119934
1629796228800,0.1243258044123649,0.1519851833581924,-0.0970185026526451,1.2419956922531128
1629796228909,0.1243258044123649,0.1480228900909423,-0.0653354227542877,1.247883439064026
1629796229018,-0.181921437382698,0.1478960067033767,-0.0488899871706962,1.229206681251526
1629796229097,-0.2022335976362228,0.1499122232198715,-0.048554603010416,1.2212800979614258
1629796229239,-0.2070780992507934,0.1421830654144287,-0.0616100318729877,1.215139389038086
1629796229317,-0.203758493065834,0.1040075942873954,-0.0810963213443756,1.2125298976898191
1629796229411,-0.1976702213287353,0.0205349158495664,-0.096341460943222,1.2110730409622192
1629796229536,-0.1983600258827209,-0.1060991287231445,-0.1004853993654251,1.2066768407821655
1629796229614,-0.2082850784063339,-0.2436046451330185,-0.0968890115618705,1.1964786052703855
1629796229692,-0.2266697734594345,-0.3346501886844635,-0.095652274787426,1.1813527345657349
1629796229880,-0.246217668056488,-0.355433851480484,-0.1031626909971237,1.164595127105713
1629796229958,-0.2583268880844116,-0.3346343338489532,-0.1212522238492965,1.152477741241455
1629796230007,-0.2534090876579284,-0.3005755543708801,-0.1489405930042266,1.1503198146820068
1629796230117,-0.2534090876579284,-0.2683895826339721,-0.1858145743608474,1.1503198146820068
1629796230242,-0.2710027992725372,-0.2311953455209732,-0.2304549366235733,1.1417707204818726
1629796230320,-0.2820146083831787,-0.1666146516799926,-0.2724470794200897,1.1331003904342651
1629796230460,-0.2870989143848419,-0.0714533552527427,-0.2924719452857971,1.1236087083816528
1629796230570,-0.2856606543064117,0.0230253003537654,-0.2783443331718445,1.1142611503601074
1629796230632,-0.2846821844577789,0.0898321494460105,-0.2434440404176712,1.1052324771881104
1629796230695,-0.2917196452617645,0.1226305589079856,-0.210544928908348,1.0944446325302124
1629796230820,-0.3094775676727295,0.1327162981033325,-0.1909622400999069,1.0776844024658203
1629796230945,-0.3409698009490967,0.1363288015127182,-0.1837717890739441,1.0533034801483154
1629796231072,-0.3744568228721618,0.1429436802864074,-0.1832101643085479,1.0257205963134766
1629796231166,-0.3923103213310241,0.1517346501350402,-0.1808245182037353,1.0074437856674194
1629796231276,-0.3923103213310241,0.1580481678247451,-0.1700279265642166,1.0074437856674194
1629796231354,-0.3923103213310241,0.1583576947450637,-0.1439314186573028,1.0074437856674194
1629796231432,-0.3923103213310241,0.1531435996294021,-0.0962016656994819,1.0074437856674194
1629796231510,-0.3923103213310241,0.1481622755527496,-0.0213571172207593,1.0074437856674194
1629796231682,0.863046407699585,0.1484987586736679,0.0702349320054054,1.4822357892990112
1629796231775,0.863046407699585,0.1493861973285675,0.158798336982727,1.4822357892990112
1629796231869,0.863046407699585,0.1334392130374908,0.2316930145025253,1.4822357892990112
1629796231916,0.863046407699585,0.0840039327740669,0.2874868214130401,1.4822357892990112
1629796232057,0.863046407699585,0.0021269326098263,0.3329178392887115,1.4822357892990112
1629796232213,0.863046407699585,-0.0903046503663063,0.3742752969264984,1.4822357892990112
1629796232291,0.863046407699585,-0.1608867347240448,0.4091670215129852,1.4822357892990112
1629796232354,0.863046407699585,-0.2011466324329376,0.434688001871109,1.4822357892990112
1629796232478,0.863046407699585,-0.2297262549400329,0.4519333839416504,1.4822357892990112
1629796232572,0.863046407699585,-0.2613298892974853,0.4640616476535797,1.4822357892990112
1629796232650,0.863046407699585,-0.2928967475891113,0.4723164141178131,1.4822357892990112
1629796232744,0.863046407699585,-0.3151087760925293,0.4764545857906341,1.4822357892990112
1629796232882,0.863046407699585,-0.3234843909740448,0.4785647988319397,1.4822357892990112
1629796233006,0.863046407699585,-0.325578361749649,0.4788471460342407,1.4822357892990112
1629796233100,0.863046407699585,-0.3350348770618438,0.4730207026004791,1.4822357892990112
1629796233134,0.863046407699585,-0.3619841635227203,0.4565351903438568,1.4822357892990112
1629796233290,0.863046407699585,-0.4043330550193786,0.4287729263305664,1.4822357892990112
1629796233368,0.6729820370674133,-0.4415695071220398,0.3915073573589325,1.4500279426574707
1629796233509,0.6484716534614563,-0.4444815814495086,0.3452316224575043,1.4376258850097656
1629796233587,0.6276777982711792,-0.3948216140270233,0.2866572737693786,1.4191761016845703
1629796233696,0.5999091267585754,-0.3127354085445404,0.2129283547401428,1.398733139038086
1629796233759,0.5649535059928894,-0.2372775673866272,0.133296325802803,1.3783535957336426
1629796233884,0.5351296663284302,-0.1901563853025436,0.063507854938507,1.3555147647857666
1629796233962,0.5246517062187195,-0.1691215485334396,0.0106787234544754,1.328754186630249
1629796234087,0.5325405597686768,-0.1562281847000122,-0.0306709706783294,1.300392746925354
1629796234167,0.5489199161529541,-0.1356941014528274,-0.0662178918719291,1.2747153043746948
1629796234324,0.5699172019958496,-0.1070532798767089,-0.0944605767726898,1.2551223039627075
1629796234402,0.5930048227310181,-0.0755951628088951,-0.1248286142945289,1.2448365688323977
1629796234480,0.6151507496833801,-0.0453999824821949,-0.1695337891578674,1.246364951133728
1629796234558,0.620084285736084,-0.019508296623826,-0.2375152260065078,1.2389880418777466
1629796234699,0.6265540719032288,-0.0019635343924164,-0.3251206576824188,1.228987216949463
1629796234839,0.6376140117645264,0.0064269774593412,-0.4075449407100677,1.2113176584243774
1629796234917,0.652635395526886,0.0096624884754419,-0.4499460756778717,1.1879650354385376
1629796235011,0.6729915142059326,0.0123106855899095,-0.4389891922473907,1.170801877975464
1629796235105,0.697410523891449,0.0112340971827507,-0.4020053148269653,1.1673016548156738
1629796235214,0.7226611971855164,-0.0007940624491311,-0.3704994320869446,1.1748872995376587
1629796235355,0.743135929107666,-0.0241368785500526,-0.3542110919952392,1.1887882947921753
1629796235417,0.7551910281181335,-0.0478345341980457,-0.3427512645721435,1.2101869583129885
1629796235542,0.7557470798492432,-0.0612625889480114,-0.3207512497901916,1.2418664693832395
1629796235636,0.7460757493972778,-0.0674279034137725,-0.2808586061000824,1.2867333889007568
1629796235730,0.7281234860420227,-0.0776322185993194,-0.2278120666742324,1.3495341539382937
1629796235823,0.7028560638427734,-0.0980585366487503,-0.1759785264730453,1.4240942001342771
1629796235964,0.6725342869758606,-0.1294595599174499,-0.1335440427064895,1.4913171529769895
1629796236026,0.6402647495269775,-0.1675830483436584,-0.105923980474472,1.5342402458190918
1629796236167,0.6114832758903503,-0.206778347492218,-0.0919318795204162,1.5509638786315918
1629796236214,0.5888177752494812,-0.2385105490684509,-0.0885955020785331,1.552253246307373
1629796236326,0.5664557218551636,-0.2592526972293854,-0.0945470556616783,1.5507323741912842
1629796236482,0.5375535488128662,-0.2769050598144531,-0.1055249869823455,1.5511932373046875
1629796236560,0.491685539484024,-0.3066385090351105,-0.1149747967720031,1.551076054573059
1629796236669,0.4293747842311859,-0.3570218682289123,-0.1178265511989593,1.5491114854812622
1629796236732,0.3776082098484039,-0.4177675545215606,-0.1133755221962928,1.5461220741271973
1629796236810,0.3979149162769317,-0.4634797573089599,-0.1029215455055236,1.543095946311951
1629796236966,0.3812695443630218,-0.4779640138149261,-0.0896530449390411,1.5403929948806765
1629796237029,0.3768749535083771,-0.4717017710208893,-0.079501561820507,1.5372343063354492
1629796237185,0.3805398344993591,-0.4647758305072784,-0.0808802917599678,1.5276551246643066
1629796237232,0.3935987055301666,-0.4616856575012207,-0.1000453308224678,1.501129388809204
1629796237344,0.4139916598796844,-0.4574001431465149,-0.1341088563203811,1.4493526220321655
1629796237437,0.4347536861896515,-0.4423484206199646,-0.1751228719949722,1.3796061277389526
1629796237562,0.4501025378704071,-0.410856544971466,-0.2073532193899154,1.3202887773513794
1629796237625,0.455845445394516,-0.3601985871791839,-0.2180299460887909,1.2823984622955322
1629796237781,0.4532290995121002,-0.2838109731674194,-0.2040085792541504,1.2717053890228271
1629796237875,0.4531168639659881,-0.1884135603904724,-0.1769078224897384,1.2761985063552856
1629796237937,0.474898099899292,-0.0957760959863662,-0.1544519811868667,1.2851166725158691
1629796238081,0.474898099899292,-0.0278263092041015,-0.1452235132455825,1.2954212427139282
1629796238127,0.474898099899292,0.0074048666283488,-0.1430690288543701,1.304615139961243
1629796238252,0.474898099899292,0.0170557238161563,-0.1388365626335144,1.311092972755432
1629796238362,0.474898099899292,0.0167072974145412,-0.1318375319242477,1.314519286155701
1629796238456,0.474898099899292,0.0172239299863576,-0.1304040849208831,1.3115652799606323
1629796238565,0.474898099899292,0.0211282204836606,-0.1396560221910476,1.293845534324646
1629796238674,0.474898099899292,0.0274920742958784,-0.1570088267326355,1.293845534324646
1629796238737,0.474898099899292,0.0362188518047332,-0.1760615557432174,1.293845534324646
1629796238830,0.474898099899292,0.048225313425064,-0.1916657239198684,1.293845534324646
1629796238971,0.474898099899292,0.0640559047460556,-0.2018022537231445,1.293845534324646
1629796239098,0.6013482213020325,0.0815016701817512,-0.2065777331590652,1.2233797311782837
1629796239162,0.7222944498062134,0.0960960015654563,-0.210580289363861,1.2050350904464722
1629796239271,0.7984843254089355,0.0980079397559166,-0.2213965207338333,1.187047243118286
1629796239380,0.8274667859077454,0.078943982720375,-0.2417476773262024,1.175553560256958
1629796239427,0.8213787078857422,0.0392564944922924,-0.2628206014633178,1.1685664653778076
1629796239630,0.8003028631210327,-0.0075713149271905,-0.2761592268943786,1.1669819355010986
1629796239677,0.7773202657699585,-0.0423254892230033,-0.2860053181648254,1.180944800376892
1629796239787,0.7558472752571106,-0.0592892505228519,-0.3039895892143249,1.2131552696228027
1629796239865,0.7369956970214844,-0.0694047063589096,-0.3360493779182434,1.249100923538208
1629796239958,0.7204762697219849,-0.0834023058414459,-0.3766403496265411,1.270879864692688
1629796240068,0.7049168348312378,-0.1032501310110092,-0.4142809510231018,1.2750639915466309
1629796240177,0.6872066855430603,-0.126896247267723,-0.438896507024765,1.2687846422195437
1629796240305,0.6811372637748718,-0.1537879258394241,-0.4441678524017334,1.2672199010849
1629796240508,0.6692866086959839,-0.1853241920471191,-0.4376705288887024,1.2641193866729736
1629796240523,0.6473615169525146,-0.2266559451818466,-0.4322025775909424,1.2650588750839231
1629796240586,0.6038872003555298,-0.2850033044815063,-0.4402573406696319,1.2710195779800415
1629796240664,0.5301148891448975,-0.3680613040924072,-0.4606336653232574,1.2789053916931152
1629796240851,0.4318119883537292,-0.4730756282806396,-0.4849116206169128,1.2836740016937256
1629796240914,0.3345654606819153,-0.5711984038352966,-0.502939760684967,1.2841053009033203
1629796241007,0.2726354300975799,-0.6132605671882629,-0.5163504481315613,1.2839314937591553
1629796241101,0.2496974468231201,-0.5837341547012329,-0.5339719653129578,1.284891128540039
1629796241211,0.2416945993900299,-0.526350200176239,-0.5591413974761963,1.279314041137695
1629796241304,0.2288535684347152,-0.4789887070655823,-0.5801604986190796,1.2582048177719116
1629796241414,0.1997195929288864,-0.4492190182209015,-0.5750470161437988,1.2210625410079956
1629796241492,0.1577749103307724,-0.4220432639122009,-0.5401732325553894,1.179780125617981
1629796241632,0.1192993819713592,-0.3849048614501953,-0.4999353289604187,1.1454917192459106
1629796241695,0.1090543195605278,-0.34086674451828,-0.4766088724136352,1.1201601028442385
1629796241820,0.1286691427230835,-0.3018468618392944,-0.4781665205955505,1.097357153892517
1629796241914,0.1552411913871765,-0.2758328020572662,-0.4930697083473205,1.0748751163482666
1629796242101,0.1728990823030471,-0.2616657018661499,-0.5032591819763184,1.0578229427337646
1629796242148,0.1884191781282425,-0.2475015670061111,-0.4841166734695434,1.057302474975586
1629796242258,0.2011416852474212,-0.2015490382909774,-0.3956195414066314,1.0871602296829224
1629796242291,0.2143827676773071,-0.0997145846486091,-0.2104826867580413,1.079334378242493
1629796242401,0.2260668128728866,0.0289745219051837,0.0030488467309623,1.076954364776611
1629796242463,0.2265533357858657,0.1362711042165756,0.172888308763504,1.0738677978515625
1629796242635,0.2043518126010894,0.2008398026227951,0.2789624333381653,1.063612461090088
1629796242760,0.1649474501609802,0.2294078916311264,0.3293088972568512,1.0474778413772583
1629796242838,0.1349050849676132,0.2421877235174179,0.3449248671531677,1.0328729152679443
1629796242963,0.1485951244831085,0.2561788558959961,0.3458965122699737,1.0319428443908691
1629796242994,0.2053129374980926,0.2723541557788849,0.3419697880744934,1.0532124042510986
1629796243135,0.2053129374980926,0.2833628058433532,0.3364437222480774,1.0978562831878662
1629796243229,0.2053129374980926,0.2868342399597168,0.3321414887905121,1.1249395608901978
1629796243354,0.2053129374980926,0.2855254709720611,0.3318309783935547,1.1439697742462158
1629796243416,0.2053129374980926,0.283909797668457,0.3367355465888977,1.1481651067733765
1629796243541,0.2950203120708465,0.283706784248352,0.3454039394855499,1.128024339675903
1629796243635,0.3172244131565094,0.2825362086296081,0.3524208664894104,1.0674340724945068
1629796243713,0.317521184682846,0.270194262266159,0.3464130163192749,0.9086957573890686
1629796243869,0.3212309777736664,0.2302581816911697,0.3084073066711426,0.9064427018165588
1629796243931,0.3438922166824341,0.1511230617761612,0.2202521115541458,0.8933696150779724
1629796244025,0.380090057849884,0.0412516817450523,0.0770044699311256,0.8840094804763794
1629796244153,0.4158370196819305,-0.063509464263916,-0.0966953709721565,0.893058180809021
1629796244215,0.4395104348659515,-0.1239612251520156,-0.2270118147134781,0.917491614818573
1629796244325,0.4466907083988189,-0.1467118263244629,-0.2584073841571808,0.941276490688324
1629796244465,0.4376494884490967,-0.1654159724712371,-0.2310112714767456,0.955091953277588
1629796244590,0.4172907173633575,-0.1873586624860763,-0.1970573812723159,0.959845781326294
1629796244700,0.3924294114112854,-0.195402592420578,-0.1727156639099121,0.9602871537208556
1629796244778,0.375883400440216,-0.1834749281406402,-0.1579850316047668,0.965191662311554
1629796244825,0.3619396090507507,-0.1595284640789032,-0.1489996612071991,0.9749130606651306
1629796244950,0.3431403338909149,-0.1355636566877365,-0.1452183276414871,0.988755464553833
1629796245075,0.3190755844116211,-0.1174862459301948,-0.1486629843711853,1.003528714179993
1629796245155,0.2959146499633789,-0.1056255772709846,-0.1566218882799148,1.0179109573364258
1629796245280,0.2798888981342315,-0.0958278849720954,-0.1574313342571258,1.0367138385772705
1629796245359,0.2658086121082306,-0.0820647031068801,-0.1413458734750747,1.0666269063949585
1629796245468,0.2435235232114792,-0.0648648142814636,-0.109814740717411,1.105687141418457
1629796245530,0.2066777795553207,-0.0469907000660896,-0.0756314694881439,1.144288182258606
1629796245687,0.1555074900388717,-0.0290738195180892,-0.051452662795782,1.1729700565338137
1629796245780,0.0997186303138732,-0.0125800464302301,-0.0416045300662517,1.1894443035125732
1629796245858,0.0549679733812809,-0.0007094476022757,-0.0427824482321739,1.1973730325698853
1629796245968,0.0374324806034565,0.004154925700277,-0.0497178398072719,1.2011680603027344
1629796246062,0.0503627173602581,0.0022670475300401,-0.0565643496811389,1.204461932182312
1629796246155,0.0818544849753379,-0.0047208382748067,-0.0616855323314666,1.210334539413452
1629796246312,0.1175116747617721,-0.0139439636841416,-0.0669866204261779,1.2208808660507202
1629796246374,0.1481681317090988,-0.0238859467208385,-0.0745899826288223,1.2366087436676023
1629796246499,0.1691117733716964,-0.034044574946165,-0.085990272462368,1.2556878328323364
1629796246624,0.1808309108018875,-0.0449324250221252,-0.0982435867190361,1.273828625679016
1629796246671,0.1864585429430008,-0.0562149323523044,-0.1077300086617469,1.2861016988754272
1629796246764,0.1874313205480575,-0.0663958489894867,-0.1173898056149482,1.290140986442566
1629796246921,0.182895228266716,-0.0747690647840499,-0.1365029960870742,1.2871744632720947
1629796246999,0.1727410554885864,-0.0815652385354042,-0.1705019325017929,1.2816709280014038
1629796247139,0.1596239656209945,-0.0914079770445823,-0.2131974995136261,1.2764337062835691
1629796247218,0.1459656953811645,-0.1108004748821258,-0.2483740895986557,1.2720685005187988
1629796247296,0.1346232742071151,-0.139692947268486,-0.2667125761508941,1.2686285972595217
1629796247405,0.1364920884370803,-0.1695622503757476,-0.2727134227752685,1.2669817209243774
1629796247546,0.1602383404970169,-0.1950882226228714,-0.2747550904750824,1.2664878368377686
1629796247624,0.1982860416173935,-0.2214561104774475,-0.2759733200073242,1.2657511234283447
1629796247686,0.2358286529779434,-0.2544296681880951,-0.2724805474281311,1.2649712562561035
1629796247780,0.2650922238826751,-0.2920100390911102,-0.2632912695407867,1.2659145593643188
1629796247936,0.2848995923995971,-0.3247803449630737,-0.2529604136943817,1.267328143119812
1629796247967,0.2891439199447632,-0.3449828624725342,-0.2459883242845535,1.2664518356323242
1629796248095,0.2987591326236725,-0.3472127616405487,-0.2393575757741928,1.255945324897766
1629796248251,0.3135499656200409,-0.3196096420288086,-0.2214550673961639,1.2482372522354126
1629796248298,0.3322528302669525,-0.2381391823291778,-0.1582012176513672,1.2461135387420654
1629796248392,0.3539021909236908,-0.1094000190496444,-0.0435549318790435,1.2464860677719116
1629796248501,0.3783586025238037,0.0211338307708501,0.0802037343382835,1.243254542350769
1629796248642,0.4060203731060028,0.1159720569849014,0.1744184792041778,1.2344623804092407
1629796248751,0.4398240149021148,0.1667025536298751,0.2262747138738632,1.2230770587921145
1629796248814,0.4816608130931854,0.1831289529800415,0.2422939389944076,1.2136871814727783
1629796248939,0.5223712921142578,0.1829695105552673,0.2387491911649704,1.2104851007461548
1629796249066,0.5477357506752014,0.1798523962497711,0.2287169098854065,1.2214292287826538
1629796249144,0.5477357506752014,0.1789853423833847,0.2187249958515167,1.2522494792938232
1629796249191,0.5477357506752014,0.179291158914566,0.2110339850187301,1.2522494792938232
1629796249316,0.5477357506752014,0.1785622686147689,0.2060469835996627,1.2522494792938232
1629796249425,0.5477357506752014,0.1758778989315033,0.2027284055948257,1.2522494792938232
1629796249566,0.5477357506752014,0.1727445423603058,0.2004246860742569,1.2522494792938232
1629796249613,0.1733255237340927,0.1697234511375427,0.199300467967987,1.0730928182601929
1629796249769,0.1638041734695434,0.161141961812973,0.1987789571285247,1.1013740301132202
1629796249832,0.138337180018425,0.1304973065853119,0.1850984990596771,1.1275149583816528
1629796249941,0.1119637936353683,0.0564046651124954,0.1388807445764541,1.1419014930725098
1629796250084,0.0943771302700042,-0.0754660218954086,0.0505718812346458,1.14708411693573
1629796250146,0.0929693505167961,-0.2591807842254638,-0.0672225803136825,1.1524654626846311
1629796250225,0.1109063178300857,-0.4511702954769134,-0.1735351085662841,1.1653685569763184
1629796250318,0.1411146223545074,-0.575946033000946,-0.2266194969415664,1.1832962036132812
1629796250474,0.1679141819477081,-0.6233717799186707,-0.2365586161613464,1.1998367309570312
1629796250553,0.1779424846172332,-0.6419835090637207,-0.232251837849617,1.208959937095642
1629796250631,0.1699411422014236,-0.6489766836166382,-0.2233522683382034,1.2094786167144775
1629796250709,0.1514170467853546,-0.6334958672523499,-0.2110831439495086,1.2036014795303345
1629796250849,0.1330577284097671,-0.5987334251403809,-0.1984530538320541,1.1985172033309937
1629796250959,0.1142881661653518,-0.5674195289611816,-0.1894973218441009,1.198115587234497
1629796251037,0.0955401360988617,-0.5606784820556641,-0.1857245564460754,1.1990951299667358
1629796251149,0.0835091322660446,-0.5807771682739258,-0.1899327784776687,1.196513056755066
1629796251274,0.0822773277759552,-0.6129111647605896,-0.2078626900911331,1.1885565519332886
1629796251336,0.0872681215405464,-0.6360485553741455,-0.2410346567630767,1.179492473602295
1629796251477,0.0913560464978218,-0.6355389952659607,-0.2803554236888885,1.1783409118652344
1629796251555,0.0960632413625717,-0.6130885481834412,-0.3125177025794983,1.1888725757598877
1629796251696,0.1044903844594955,-0.580042839050293,-0.3337074220180511,1.2025631666183472
1629796251789,0.1122434139251709,-0.5469134449958801,-0.3483504056930542,1.206872582435608
1629796251899,0.1076206490397453,-0.5200861096382141,-0.3594635426998138,1.1968615055084229
1629796251961,0.0908905416727066,-0.5018197894096375,-0.3655359745025635,1.1778762340545654
1629796252071,0.0808886066079139,-0.4945452213287353,-0.3687412738800049,1.1606117486953735
1629796252164,0.1068597882986068,-0.4969021081924438,-0.368144541978836,1.1524065732955933
1629796252242,0.1969207972288131,-0.4914857447147369,-0.3379579186439514,1.1551741361618042
1629796252383,0.3688021004199981,-0.4268688857555389,-0.197888508439064,1.162871241569519
1629796252508,0.5871416330337524,-0.2856915593147278,0.0373574160039424,1.173001766204834
1629796252602,0.7779598236083984,-0.1276708990335464,0.2555996179580688,1.1837681531906128
1629796252649,0.9083878397941588,-0.0067272125743329,0.405335396528244,1.194998025894165
1629796252804,0.9801319241523744,0.0641630142927169,0.4861453771591186,1.2075496912002563
1629796252849,1.010216236114502,0.0950333327054977,0.5168765187263489,1.2194339036941528
1629796253005,1.0205068588256836,0.1034855768084526,0.5226669311523438,1.2216734886169434
1629796253083,1.047463297843933,0.1028677225112915,0.5217947363853455,1.2035406827926636
1629796253208,1.0752507448196411,0.0992093160748481,0.5213114619255066,1.1634337902069092
1629796253287,1.1040596961975098,0.096261166036129,0.5225080251693726,1.1137030124664309
1629796253365,1.1028276681900024,0.0965180918574333,0.5254735350608826,1.1055153608322144
1629796253458,1.1034884452819824,0.1012354120612144,0.5291352868080139,1.0981701612472534
1629796253646,1.1048537492752075,0.1098909601569175,0.5320271253585815,1.0684829950332642
1629796253693,1.1033328771591189,0.1191220507025718,0.5327088832855225,1.0139508247375488
1629796253771,1.093083381652832,0.1220805868506431,0.5278361439704895,0.989633858203888
1629796253880,1.0612369775772097,0.1053851321339607,0.5036395788192749,0.9894557595252992
1629796254005,0.9858719110488892,0.0598960034549236,0.4377675950527191,1.0103516578674316
1629796254130,0.8505055904388428,0.0010664683068171,0.3158375322818756,1.0454671382904053
1629796254208,0.6561132669448853,-0.0347604751586914,0.1477041691541671,1.08302104473114
1629796254333,0.4417318403720855,-0.0281443204730749,-0.0106521509587764,1.110857605934143
1629796254396,0.287423700094223,-0.0017295060679316,-0.0860500037670135,1.122852802276611
1629796254474,0.2175561636686325,0.0163985639810562,-0.0942323133349418,1.1221357583999634
1629796254630,0.211115762591362,0.0211969874799251,-0.0927002355456352,1.1186692714691162
1629796254708,0.2144887447357177,0.0213536955416202,-0.0953068360686302,1.1229084730148315
1629796254896,0.2144887447357177,0.0208435021340847,-0.0950588434934616,1.1229084730148315
1629796254927,0.2137222290039062,0.0244247671216726,-0.0904533267021179,1.118677258491516
1629796254989,0.2067974358797073,0.0380644090473651,-0.0832749530673027,1.1234363317489624
1629796255132,0.1976865231990814,0.0625042393803596,-0.0711132064461708,1.138591170310974
1629796255242,0.1942423433065414,0.0881350636482238,-0.0439378246665,1.1598386764526367
1629796255289,0.1985779106616974,0.1045559495687484,0.0062540085054934,1.1823999881744385
1629796255445,0.2065508961677551,0.1082756444811821,0.0690293610095977,1.2015175819396973
1629796255554,0.2133525609970092,0.0981734693050384,0.123779296875,1.2122163772583008
1629796255601,0.2105447500944137,0.0652894750237464,0.1531815379858017,1.2084709405899048
1629796255710,0.1924231797456741,0.0028590350411832,0.153886541724205,1.1866002082824707
1629796255789,0.1665432751178741,-0.0795513913035392,0.1363893449306488,1.1516491174697876
1629796255898,0.1665432751178741,-0.1508398056030273,0.1183142513036727,1.1516491174697876
1629796256057,0.1665432751178741,-0.1842648535966873,0.1103191897273063,1.1516491174697876
1629796256135,0.1665432751178741,-0.1852755695581436,0.1122897788882255,1.1516491174697876
1629796256213,0.1665432751178741,-0.174125075340271,0.1163164973258972,1.1516491174697876
1629796256338,0.1863456815481186,-0.1584462076425552,0.1165840551257133,0.7400601506233215
1629796256432,0.2767811119556427,-0.1471498608589172,0.1125417873263359,0.7683770060539246
1629796256526,0.3348156213760376,-0.149653673171997,0.1064373925328254,0.8233516216278076
1629796256682,0.372707188129425,-0.1679149121046066,0.0972081571817398,0.8858112096786499
1629796256791,0.4001181125640869,-0.1875892877578735,0.0767175704240799,0.9363827109336852
1629796256854,0.4151309132575989,-0.1935169696807861,0.0328580811619758,0.9636017680168152
1629796256963,0.4139333069324493,-0.1844222098588943,-0.040810290724039,0.9682723879814148
1629796257044,0.3979761600494385,-0.1685087233781814,-0.1376226097345352,0.9622800946235656
1629796257169,0.3758507370948791,-0.1491204351186752,-0.2369312494993209,0.9628248810768129
1629796257278,0.3562480211257934,-0.1248389184474945,-0.3151305615901947,0.98077130317688
1629796257387,0.3417150676250458,-0.0977455973625183,-0.3640566170215606,1.012984037399292
1629796257434,0.3285388648509979,-0.0749179571866989,-0.3937005698680877,1.0480351448059082
1629796257528,0.333600252866745,-0.0623295828700065,-0.409820020198822,1.0888967514038086
1629796257653,0.3295790255069732,-0.0624155588448047,-0.4130421876907348,1.119758129119873
1629796257715,0.3154222667217254,-0.0722138062119484,-0.4071457684040069,1.1362850666046145
1629796257856,0.2956700325012207,-0.0885508805513382,-0.3996367752552032,1.1385406255722046
1629796257981,0.2785604894161224,-0.1096243411302566,-0.3983725607395172,1.1288808584213257
1629796258109,0.2651774287223816,-0.136799156665802,-0.4041055738925934,1.111067533493042
1629796258171,0.2498467862606048,-0.171047642827034,-0.4080529510974884,1.0892434120178225
1629796258233,0.2252790480852127,-0.2084216475486755,-0.4035291373729706,1.0700771808624268
1629796258327,0.2000784575939178,-0.2399768978357315,-0.3934746086597442,1.061292290687561
1629796258499,0.1966777294874191,-0.2581046223640442,-0.3819337487220764,1.0649210214614868
1629796258577,0.2275679111480713,-0.2676038742065429,-0.367962509393692,1.0731922388076782
1629796258671,0.2761656641960144,-0.2837974429130554,-0.3442766964435577,1.0758016109466553
1629796258749,0.3188174962997436,-0.3170666694641113,-0.3101146221160888,1.0695343017578125
1629796258843,0.347413420677185,-0.3661913871765136,-0.276351660490036,1.0624152421951294
1629796258921,0.3673988580703735,-0.4179290533065796,-0.2554786801338196,1.064147710800171
1629796259126,0.3853166997432709,-0.4541136026382446,-0.2527574598789215,1.0756231546401978
1629796259189,0.4009124934673309,-0.4644607305526733,-0.2670570909976959,1.0917760133743286
1629796259267,0.4088451564311981,-0.4579862654209137,-0.2915650010108948,1.1121410131454468
1629796259376,0.4051066040992737,-0.4472997486591339,-0.3186034560203552,1.139321208000183
1629796259517,0.3899427056312561,-0.4354011416435241,-0.3394780457019806,1.1742069721221924
1629796259548,0.3684744834899902,-0.4219371676445007,-0.3518636524677276,1.2113587856292725
1629796259720,0.3460912704467773,-0.4062164723873138,-0.3595845103263855,1.2430429458618164
1629796259814,0.3272019624710083,-0.3931048214435577,-0.3676182925701141,1.265302658081055
1629796259892,0.3101768493652344,-0.3887730240821838,-0.3691924810409546,1.2809981107711792
1629796259985,0.2865452170372009,-0.3965996503829956,-0.3574000597000122,1.2961511611938477
1629796260079,0.2466449737548828,-0.4102882444858551,-0.3322921097278595,1.3133453130722046
1629796260206,0.1871791332960128,-0.4153254628181457,-0.3062483072280884,1.328815221786499
1629796260347,0.1150810196995735,-0.4061661660671234,-0.2902829945087433,1.336257815361023
1629796260425,0.0413186885416507,-0.3900535404682159,-0.2855589389801025,1.3313367366790771
1629796260472,-0.0289607942104339,-0.3757057189941406,-0.2810472846031189,1.314807653427124
1629796260582,-0.0966959372162818,-0.3650336265563965,-0.2628309428691864,1.2935460805892944
1629796260695,-0.1595801264047622,-0.3528374433517456,-0.2257303297519683,1.2773348093032837
1629796260773,-0.2032962441444397,-0.3371355533599853,-0.1816864013671875,1.271136999130249
1629796260976,-0.2179177552461624,-0.322003036737442,-0.1465141773223877,1.2718610763549805
1629796261039,-0.1990329176187515,-0.3109921216964721,-0.1285571157932281,1.2715879678726196
1629796261117,-0.153431549668312,-0.3023212850093841,-0.1254299581050872,1.264752745628357
1629796261195,-0.0968964248895645,-0.2923526465892792,-0.1313649117946624,1.2511470317840576
1629796261304,-0.0416035875678062,-0.2779757976531982,-0.140974149107933,1.234227180480957
1629796261382,0.0038818316534161,-0.2561106979846954,-0.1545626372098922,1.219395637512207
1629796261523,0.0375123582780361,-0.2290833890438079,-0.1740337759256363,1.2094578742980957
1629796261617,0.0622558519244194,-0.2065032422542572,-0.2003198862075805,1.2041226625442505
1629796261711,0.0821935310959816,-0.1976776719093322,-0.230640172958374,1.2010657787322998
1629796261804,0.099261961877346,-0.2037509083747863,-0.2603733837604522,1.1997326612472534
1629796261929,0.112281359732151,-0.2179669290781021,-0.2859290838241577,1.1981360912322998
1629796261994,0.123284213244915,-0.232805460691452,-0.3104646205902099,1.1937413215637207
1629796262135,0.1442110389471054,-0.2424076050519943,-0.3386463522911072,1.1841198205947876
1629796262229,0.1919640749692917,-0.238346055150032,-0.3646222352981567,1.170877456665039
1629796262307,0.2625393867492676,-0.2173280268907547,-0.3696998953819275,1.160883903503418
1629796262416,0.335066020488739,-0.1845503896474838,-0.3455928266048431,1.1636720895767212
1629796262525,0.3908788561820984,-0.151884913444519,-0.3050458133220672,1.1829696893692017
1629796262604,0.4251331984996795,-0.1262023597955703,-0.2633411288261413,1.214531421661377
1629796262744,0.4440867006778717,-0.110480822622776,-0.2256940901279449,1.254117131233215
1629796262885,0.4557612836360931,-0.1069260537624359,-0.1937237530946731,1.3010419607162476
1629796262994,0.4651284217834472,-0.1170864850282669,-0.1706180274486541,1.3485753536224363
1629796263044,0.47394460439682,-0.1346972435712814,-0.1563388556241989,1.3857181072235107
1629796263153,0.4809268116950989,-0.1494093239307403,-0.1482990533113479,1.4073015451431274
1629796263216,0.4861063361167907,-0.1538283079862594,-0.1447535157203674,1.4198726415634155
1629796263356,0.4895693361759186,-0.1490906029939651,-0.1434506177902221,1.4331814050674438
1629796263481,0.491629809141159,-0.1412615925073623,-0.1408886164426803,1.450979232788086
1629796263559,0.4913365542888641,-0.135168120265007,-0.1357435584068298,1.470309853553772
1629796263622,0.4837097227573395,-0.1352472603321075,-0.1300961673259735,1.4871625900268557
1629796263747,0.4611829817295074,-0.1504490375518798,-0.1325850039720535,1.4991436004638672
1629796263809,0.4241260290145874,-0.1860252171754837,-0.1502577513456344,1.5058295726776123
1629796263950,0.3856716752052307,-0.2375883013010025,-0.1816471666097641,1.5070862770080566
1629796264092,0.3686375617980957,-0.288321703672409,-0.2145812809467315,1.5051889419555664
1629796264186,0.3866626918315887,-0.3239360153675079,-0.2384712547063827,1.502286434173584
1629796264249,0.4277152121067047,-0.3463859260082245,-0.2508465349674225,1.4962879419326782
1629796264327,0.4667586386203766,-0.3657296895980835,-0.2538513541221618,1.4808372259140017
1629796264467,0.4875562489032745,-0.3842789828777313,-0.2480646073818206,1.4534552097320557
1629796264577,0.4907839298248291,-0.397965133190155,-0.2371435165405273,1.4209126234054563
1629796264670,0.4921532273292541,-0.4010453522205353,-0.2280632257461547,1.3942497968673706
1629796264749,0.5096952319145203,-0.3938028216361999,-0.2254855334758758,1.376458764076233
1629796264858,0.5447370409965515,-0.3787853717803955,-0.2295887321233749,1.3617268800735474
1629796264952,0.5816531777381897,-0.3588975071907043,-0.2374626100063324,1.3471338748931885
1629796265108,0.6077786087989807,-0.3375656306743622,-0.2456591576337814,1.335229516029358
1629796265204,0.6208388209342957,-0.3148111701011657,-0.2529610395431518,1.3275879621505735
1629796265313,0.6257847547531128,-0.2891186773777008,-0.2553093433380127,1.321289300918579
1629796265376,0.6243469715118408,-0.2625740766525268,-0.2492678761482238,1.3098279237747192
1629796265469,0.612825334072113,-0.2422054260969162,-0.2351968586444854,1.2881652116775513
1629796265548,0.5865979194641113,-0.2344749569892883,-0.2206712961196899,1.2534791231155396
1629796265626,0.5433326363563538,-0.2397008538246154,-0.2142862677574157,1.2091034650802612
1629796265766,0.4881435930728912,-0.2503404319286346,-0.2192775756120681,1.168428897857666
1629796265922,0.4348643124103546,-0.2552317678928375,-0.231309100985527,1.1475632190704346
1629796265969,0.4000011384487152,-0.2485615462064743,-0.2433382123708725,1.148880958557129
1629796266079,0.3848374485969543,-0.2372874617576599,-0.251109629869461,1.1604878902435305
1629796266157,0.370944082736969,-0.2324524968862533,-0.2565873265266418,1.1710227727890017
1629796266250,0.335765391588211,-0.2399259358644485,-0.2598505318164825,1.178314447402954
1629796266438,0.2741764485836029,-0.2589026093482971,-0.2548907101154327,1.1852779388427734
1629796266485,0.2082951068878173,-0.2860914468765259,-0.2371013462543487,1.1917754411697388
1629796266594,0.1723184287548065,-0.318027138710022,-0.2122145295143127,1.196502447128296
1629796266688,0.1826199889183044,-0.3528475761413574,-0.1936236023902893,1.2025707960128784
1629796266782,0.2185265719890594,-0.3887427747249603,-0.1923852264881134,1.2149052619934082
1629796266875,0.2592061758041382,-0.4213609993457794,-0.2099653035402298,1.2339218854904177
1629796267016,0.2962276339530945,-0.4429244697093963,-0.2397514879703521,1.2550418376922607
1629796267141,0.3254034221172333,-0.4513863623142242,-0.2710410356521606,1.2729123830795288
1629796267188,0.3467405140399933,-0.4556058347225189,-0.2928005754947662,1.2862393856048584
1629796267282,0.3612988591194153,-0.4663896858692169,-0.2992173433303833,1.2937895059585571
1629796267422,0.3663707971572876,-0.4904615879058838,-0.2910365760326385,1.3013488054275513
1629796267453,0.369482547044754,-0.5261267423629761,-0.2739693820476532,1.3025805950164795
1629796267625,0.376427948474884,-0.5637001395225525,-0.2579962015151977,1.3008424043655396
1629796267703,0.3917323648929596,-0.5907254219055176,-0.2484651952981948,1.299597144126892
1629796267797,0.4141605794429779,-0.6018056273460388,-0.2442028075456619,1.2994993925094604
1629796267922,0.4379660487174988,-0.6032424569129944,-0.2422651201486587,1.2981679439544678
1629796267969,0.4564557075500488,-0.5978336930274963,-0.2439061254262924,1.2935316562652588
1629796268078,0.4661409556865692,-0.5782771706581116,-0.2490857541561126,1.3219761848449707
1629796268250,0.4653229415416717,-0.538457453250885,-0.253100037574768,1.307956337928772
1629796268362,0.4560078680515289,-0.4862057864665985,-0.2492869943380355,1.271989822387695
1629796268393,0.439278244972229,-0.4342656135559082,-0.2379435002803802,1.2228502035140991
1629796268518,0.439278244972229,-0.3931835293769836,-0.2232603579759597,1.1696696281433103
1629796268612,0.439278244972229,-0.3651225864887237,-0.2067645490169525,1.120416522026062
1629796268737,0.439278244972229,-0.3448399603366852,-0.1890783309936523,1.0792794227600098
1629796268815,0.439278244972229,-0.3277685940265655,-0.1709451824426651,1.0477219820022583
1629796268987,0.1556914001703262,-0.3131209909915924,-0.1537483781576156,1.0450774431228638
1629796269035,0.135451465845108,-0.3027792572975158,-0.1370209902524948,1.0527963638305664
1629796269115,0.1242251470685005,-0.2955420315265655,-0.1179462969303131,1.0671181678771973
1629796269208,0.1276972889900207,-0.2822736203670501,-0.0934691727161407,1.0864611864089966
1629796269302,0.1363003104925155,-0.25138059258461,-0.0672167539596557,1.1064897775650024
1629796269427,0.1389493346214294,-0.2007936090230941,-0.0480884723365306,1.1217707395553589
1629796269568,0.1329592019319534,-0.1450126767158508,-0.0425505340099334,1.12878155708313
1629796269661,0.1267470568418502,-0.1032735705375671,-0.047950591892004,1.0832327604293823
1629796269771,0.1270522624254226,-0.0841723904013633,-0.0536366552114486,1.064802646636963
1629796269849,0.1365071684122085,-0.0820245891809463,-0.0511944591999053,1.0587000846862793
1629796269927,0.1577540785074234,-0.0860371738672256,-0.0391337797045707,1.0594379901885986
1629796270086,0.1888607889413833,-0.0888800099492073,-0.0219020619988441,1.0639753341674805
1629796270149,0.2314939647912979,-0.0919499024748802,-0.0060222372412681,1.071078896522522
1629796270289,0.2869987189769745,-0.0973765403032302,0.0065370961092412,1.07517671585083
1629796270321,0.3467312455177307,-0.1012108623981475,0.0161729827523231,1.070981502532959
1629796270430,0.394871324300766,-0.0973848849534988,0.0230261366814374,1.0573729276657104
1629796270539,0.4249002635478973,-0.0857692435383796,0.0266741998493671,1.0349043607711792
1629796270664,0.4427400827407837,-0.0735721364617347,0.0279220361262559,1.0039622783660889
1629796270758,0.4613019824028015,-0.0709132105112075,0.0263134092092514,0.964983344078064
1629796270930,0.487400472164154,-0.0867659822106361,0.020238546654582,0.9262873530387878
1629796271039,0.5478205680847168,-0.1834585964679718,-0.0059055066667497,0.9045743942260742
1629796271039,0.5186516642570496,-0.1256426870822906,0.0081038363277912,0.9029871821403505
1629796271136,0.5683888792991638,-0.2447142452001571,-0.0175474099814891,0.9225510358810424
1629796271246,0.5803602337837219,-0.2933365106582641,-0.0284769721329212,0.9447454214096068
1629796271371,0.5868291854858398,-0.3295836746692657,-0.0423398502171039,0.9650957584381104
1629796271480,0.5874766111373901,-0.366377979516983,-0.0585492737591266,0.9831435084342957
1629796271542,0.5791036486625671,-0.4100154340267181,-0.0738179609179496,0.9995853304862976
1629796271636,0.5595005750656128,-0.4510591924190521,-0.0883222296833992,1.0173921585083008
1629796271730,0.5259436964988708,-0.4789228141307831,-0.1073377877473831,1.0384809970855713
1629796271871,0.4808034896850586,-0.4955004751682281,-0.1348278224468231,1.059883952140808
1629796271980,0.4360325038433075,-0.5053139328956604,-0.1691165715456009,1.076740860939026
1629796272042,0.4039419293403625,-0.5075106024742126,-0.2081755697727203,1.0866397619247437
1629796272183,0.3824243247509002,-0.5002738237380981,-0.2497060149908065,1.092392921447754
1629796272277,0.3546928167343139,-0.4913991689682007,-0.2885053157806396,1.096338391304016
1629796272370,0.3108119666576385,-0.4872916936874389,-0.3163844645023346,1.0961263179779053
1629796272495,0.2566143274307251,-0.4859266281127929,-0.3284641206264496,1.0901461839675903
1629796272620,0.211335003376007,-0.4813461899757385,-0.3310821056365967,1.0829622745513916
1629796272683,0.1924894303083419,-0.4739858210086822,-0.3306593298912048,1.0844125747680664
1629796272761,0.1945966184139251,-0.4680712819099426,-0.3236550390720367,1.095675349235535
1629796272891,0.2010284811258316,-0.4661263227462768,-0.3080126643180847,1.1087814569473269
1629796272985,0.2033993303775787,-0.4663922786712646,-0.2924134135246277,1.115642547607422
1629796273125,0.2046730369329452,-0.4638983607292175,-0.2887900471687317,1.115213394165039
1629796273219,0.2084473818540573,-0.4498757719993591,-0.2976991534233093,1.1077816486358645
1629796273297,0.2162868529558181,-0.4245170652866363,-0.3087257146835327,1.0945698022842407
1629796273407,0.2306320965290069,-0.3991729915142059,-0.3085798025131225,1.0800645351409912
1629796273500,0.2551191747188568,-0.3916621208190918,-0.2966268062591553,1.0722752809524536
1629796273610,0.2912978529930115,-0.4101148247718811,-0.2779629826545715,1.077504277229309
1629796273750,0.336026132106781,-0.4484674632549286,-0.2577336430549621,1.094763159751892
1629796273813,0.3806570172309875,-0.486964613199234,-0.2369531393051147,1.1174609661102295
1629796273906,0.4177570044994354,-0.5048413276672363,-0.211356371641159,1.1395183801651
1629796274031,0.4435936510562897,-0.4973830282688141,-0.1776590794324875,1.157581806182861
1629796274094,0.4602927565574646,-0.4772736132144928,-0.1377431601285934,1.169181227684021
1629796274188,0.4739272594451904,-0.4572361409664154,-0.1002134829759597,1.1725529432296753
1629796274331,0.4912227690219879,-0.4405271410942077,-0.0771946236491203,1.1703357696533203
1629796274425,0.5116515755653381,-0.4229916036128998,-0.0741573721170425,1.1695362329483032
1629796274519,0.5309816598892212,-0.403517484664917,-0.0863386988639831,1.1758331060409546
1629796274581,0.5458676815032959,-0.3890552222728729,-0.1023894771933555,1.1884052753448486
1629796274706,0.556708574295044,-0.3907252848148346,-0.1114675402641296,1.2039631605148315
1629796274800,0.5649409294128418,-0.4119344055652618,-0.1092005297541618,1.2197414636611938
1629796274972,0.5691741704940796,-0.4480664730072021,-0.1009474992752075,1.2339255809783936
1629796275019,0.5664999485015869,-0.4844235181808471,-0.0956815257668495,1.243846416473389
1629796275159,0.556812584400177,-0.5051788687705994,-0.0999180823564529,1.2474253177642822
1629796275206,0.5518769025802612,-0.4974754452705383,-0.1150255724787712,1.2538487911224363
1629796275350,0.5429828763008118,-0.4534974992275238,-0.1378415673971176,1.2560431957244873
1629796275397,0.5356197953224182,-0.3633375167846679,-0.1589954048395156,1.2560179233551023
1629796275522,0.5326715111732483,-0.2472719401121139,-0.159918412566185,1.254335641860962
1629796275647,0.5304954648017883,-0.1393793523311615,-0.1281407922506332,1.2500749826431274
1629796275756,0.520910918712616,-0.0604032352566719,-0.0755648910999298,1.242965817451477
1629796275803,0.4954380393028259,-0.0117174740880727,-0.0223318096250295,1.234218716621399
1629796275928,0.4529898762702942,0.0146536873653531,0.0233218781650066,1.225354552268982
1629796276056,0.4008236229419708,0.0300197470933198,0.0618580132722854,1.216296672821045
1629796276134,0.354931503534317,0.0398920848965644,0.094036653637886,1.2057766914367676
1629796276228,0.3225272297859192,0.0463070683181285,0.1154783815145492,1.1902185678482056
1629796276337,0.3225272297859192,0.0513020269572734,0.1241462454199791,1.1902185678482056
1629796276462,0.3225272297859192,0.0572580993175506,0.1216489970684051,1.1902185678482056
1629796276540,0.3225272297859192,0.0647332370281219,0.1126762256026268,1.1902185678482056
1629796276634,0.3225272297859192,0.0723800286650657,0.1027177944779396,1.1902185678482056
1629796276806,0.3225272297859192,0.0785460621118545,0.0955899506807327,1.1902185678482056
1629796276868,0.3177018463611603,0.0797995179891586,0.0915266945958137,1.2704668045043943
1629796276946,0.350506067276001,0.0652726218104362,0.0858511254191398,1.3054842948913574
1629796277055,0.3683218359947204,0.0261665135622024,0.0731151551008224,1.3394899368286133
1629796277137,0.3596279621124267,-0.0312043447047472,0.0518754124641418,1.35743510723114
1629796277247,0.329810082912445,-0.0824195072054863,0.0271641258150339,1.3554844856262207
1629796277403,0.2920601963996887,-0.1046765148639679,0.0054941172711551,1.3387054204940796
1629796277481,0.2555267214775085,-0.0992742255330085,-0.0146713880822062,1.3160334825515747
1629796277590,0.2220415323972702,-0.0852725133299827,-0.0391588918864727,1.2953691482543943
1629796277684,0.1906675100326538,-0.0726870447397232,-0.0685978382825851,1.279608964920044
1629796277778,0.1652630567550659,-0.0616815239191055,-0.0947388410568237,1.2672739028930664
1629796277871,0.1518600881099701,-0.0539658144116401,-0.1111251339316368,1.2553342580795288
1629796277965,0.1512186080217361,-0.051751434803009,-0.1148526296019554,1.2414958477020264
1629796278043,0.1277245581150055,-0.0542579479515552,-0.1039087101817131,1.2194668054580688
1629796278201,0.1277018338441848,-0.0597003959119319,-0.0790099501609802,1.1989964246749878
1629796278248,0.1258548349142074,-0.0703842341899871,-0.0424223579466342,1.1784297227859497
1629796278373,0.1213977858424186,-0.0890278667211532,0.0028758943080902,1.1547132730484009
1629796278467,0.1331467628479004,-0.1142697259783744,0.0489109270274639,1.1338891983032229
1629796278592,0.0988196283578872,-0.1408835649490356,0.0831024497747421,1.1275650262832642
1629796278670,0.0782309770584106,-0.170435681939125,0.0958780795335769,1.1383998394012451
1629796278795,0.081947885453701,-0.2126808762550354,0.0874132588505745,1.1194887161254885
1629796278904,0.1775291413068771,-0.2744956314563751,0.0697613656520843,1.114970326423645
1629796278983,0.2465166747570037,-0.3497089445590973,0.0594300553202629,1.1213476657867432
1629796279092,0.3200514614582062,-0.4179584980010986,0.0645371675491333,1.1305137872695925
1629796279204,0.3978148102760315,-0.4592754542827606,0.0801926106214523,1.1375538110733032
1629796279282,0.4623474180698395,-0.4733690023422241,0.097003236413002,1.171238899230957
1629796279376,0.503461480140686,-0.4746599793434143,0.1078873351216316,1.1901904344558716
1629796279470,0.527712345123291,-0.4743236005306244,0.1112179905176162,1.2058550119400024
1629796279595,0.5453410148620605,-0.4745753109455108,0.1080645024776458,1.230817794799805
1629796279641,0.5626066327095032,-0.4669285118579864,0.1001446396112442,1.2658406496047974
1629796279798,0.5818483233451843,-0.4463214874267578,0.087325818836689,1.3006350994110107
1629796279907,0.5987017750740051,-0.4173005223274231,0.0690739080309867,1.3262373208999634
1629796280001,0.6026957035064697,-0.3911837935447693,0.0492363758385181,1.333834528923035
1629796280095,0.598141610622406,-0.3713258802890777,0.0338350310921669,1.3192278146743774
1629796280173,0.5880409479141235,-0.3581984043121338,0.0244613867253065,1.2858725786209106
1629796280298,0.5751966834068298,-0.3470482528209686,0.017848027870059,1.277613639831543
1629796280407,0.5601378083229065,-0.336503118276596,0.00866643153131,1.269917130470276
1629796280501,0.5507877469062805,-0.329906702041626,-0.0063640610314905,1.2705856561660769
1629796280594,0.5447947382926941,-0.3365139663219452,-0.0283648315817117,1.2811535596847534
1629796280704,0.5284451246261597,-0.3599867522716522,-0.053518496453762,1.2811535596847534
1629796280766,0.5083308815956116,-0.3946630656719208,-0.0686991736292839,1.273974061012268
1629796280907,0.4949972033500671,-0.4144619703292846,-0.0550878196954727,1.2753134965896606
1629796281016,0.4885898530483246,-0.386521965265274,-0.0068248738534748,1.2828415632247925
1629796281126,0.4838752746582031,-0.2948585152626037,0.0638206377625465,1.2880465984344482
1629796281206,0.4781905710697174,-0.1683591157197952,0.1397231072187423,1.2865514755249023
1629796281300,0.4671422243118286,-0.0528976991772651,0.2099933177232742,1.2816364765167236
1629796281394,0.445010095834732,0.0261146854609251,0.2674779295921325,1.2770472764968872
1629796281503,0.4095779359340668,0.0683112815022468,0.307284951210022,1.2722238302230835
1629796281612,0.3699976205825805,0.0871414914727211,0.3305248618125915,1.395390510559082
1629796281706,0.3699976205825805,0.1006471812725067,0.3442525267601013,1.4188066720962524
1629796281816,0.3699976205825805,0.1156440749764442,0.3578108847141266,1.461800456047058
1629796281909,0.3699976205825805,0.1301779597997665,0.3743545711040497,1.461800456047058
1629796282005,0.3699976205825805,0.1422055661678314,0.3920540809631347,1.461800456047058
1629796282115,0.3699976205825805,0.1516266614198684,0.408456027507782,1.461800456047058
1629796282224,0.3699976205825805,0.1586160957813263,0.4226558804512024,1.461800456047058
1629796282349,0.3699976205825805,0.1628809571266174,0.4329633414745331,1.461800456047058
1629796282474,0.3699976205825805,0.1611109226942062,0.4358397126197815,1.461800456047058
1629796282521,0.3699976205825805,0.1472416818141937,0.427960991859436,1.461800456047058
1629796282630,0.3699976205825805,0.1121897101402282,0.4083003997802734,1.461800456047058
1629796282708,0.3699976205825805,0.0506656505167484,0.3802213668823242,1.461800456047058
1629796282896,0.3699976205825805,-0.0271370746195316,0.351816177368164,1.461800456047058
1629796282992,0.3699976205825805,-0.0937303975224495,0.3303399384021759,1.461800456047058
1629796283039,0.3699976205825805,-0.1272047609090805,0.3174421191215515,1.461800456047058
1629796283132,0.3699976205825805,-0.1351727396249771,0.3071893155574798,1.461800456047058
1629796283242,0.3699976205825805,-0.141130581498146,0.2936214804649353,1.461800456047058
1629796283320,0.3699976205825805,-0.1513412594795227,0.2748551666736603,1.461800456047058
1629796283429,0.3699976205825805,-0.157493308186531,0.2559913992881775,1.461800456047058
1629796283554,0.3699976205825805,-0.1544655114412307,0.2445144653320312,1.461800456047058
1629796283648,0.3699976205825805,-0.1405038982629776,0.2455737590789795,1.461800456047058
1629796283757,0.3699976205825805,-0.1197312399744987,0.2544024288654327,1.461800456047058
1629796283835,0.3699976205825805,-0.0977730378508567,0.2622890174388885,1.461800456047058
1629796283945,0.3699976205825805,-0.0745426192879676,0.2654230892658233,1.461800456047058
1629796284088,0.3699976205825805,-0.0465752258896827,0.2659724950790405,1.461800456047058
1629796284166,0.3699976205825805,-0.0160090066492557,0.266465425491333,1.461800456047058
1629796284275,0.3699976205825805,0.006398185621947,0.263376772403717,1.461800456047058
1629796284353,0.3699976205825805,0.0103165879845619,0.24745674431324,1.461800456047058
1629796284462,0.3699976205825805,-0.0031333973165601,0.2139927446842193,1.461800456047058
1629796284556,0.3699976205825805,-0.0175202246755361,0.1706227511167526,1.461800456047058
1629796284681,0.3699976205825805,-0.0078423246741294,0.1424673348665237,1.461800456047058
1629796284775,0.3699976205825805,0.0349353961646556,0.1521308422088623,1.461800456047058
1629796284915,0.3699976205825805,0.0915420800447464,0.1912033408880233,1.461800456047058
1629796284962,0.3699976205825805,0.1361914128065109,0.2339517772197723,1.461800456047058
1629796285088,0.3699976205825805,0.1570205986499786,0.2646671235561371,1.461800456047058
1629796285152,0.3699976205825805,0.1562472581863403,0.2831254005432129,1.461800456047058
1629796285355,0.3699976205825805,0.145694151520729,0.2979562282562256,1.461800456047058
1629796285433,0.3699976205825805,0.1363406479358673,0.3133145570755005,1.461800456047058
1629796285512,0.3699976205825805,0.1306488662958145,0.3281587362289428,1.461800456047058
1629796285558,0.3699976205825805,0.1277703493833542,0.3443799316883087,1.461800456047058
1629796285652,0.3699976205825805,0.1256487667560577,0.3638135194778442,1.461800456047058
1629796285761,0.3699976205825805,0.1225981637835502,0.3830827474594116,1.461800456047058
1629796285933,0.3699976205825805,0.1187272444367408,0.3969759941101074,1.461800456047058
1629796285996,0.3699976205825805,0.1140578612685203,0.4030601382255554,1.461800456047058
1629796286058,0.3699976205825805,0.1064801812171936,0.4034083187580108,1.461800456047058
1629796286201,0.3699976205825805,0.0857905820012092,0.3993570804595947,1.461800456047058
1629796286295,0.3699976205825805,0.0415163114666938,0.3900396525859833,1.461800456047058
1629796286389,0.3699976205825805,-0.0246205348521471,0.3756165206432342,1.461800456047058
1629796286498,0.3699976205825805,-0.0923416391015052,0.3578421771526336,1.461800456047058
1629796286607,0.3699976205825805,-0.1307764798402786,0.3364877104759216,1.461800456047058
1629796286717,0.3699976205825805,-0.1232931688427925,0.3078010082244873,1.461800456047058
1629796286779,0.3699976205825805,-0.0863827913999557,0.2695969343185425,1.461800456047058
1629796286889,0.3699976205825805,-0.0477234199643135,0.2287522852420807,1.461800456047058
1629796286982,0.3699976205825805,-0.0241972859948873,0.1940010339021682,1.461800456047058
1629796287123,0.3699976205825805,-0.0222119018435478,0.1606303602457046,1.461800456047058
1629796287217,0.3699976205825805,-0.0381460413336753,0.1166323572397232,1.461800456047058
1629796287298,0.3699976205825805,-0.0604259483516216,0.0610238499939441,1.461800456047058
1629796287407,0.3699976205825805,-0.0793247148394584,0.0085671097040176,1.461800456047058
1629796287485,0.4620996117591858,-0.0911904200911521,-0.0213880557566881,1.1470741033554075
1629796287595,0.4611874222755432,-0.0991353988647461,-0.027782954275608,1.1548320055007937
1629796287720,0.4559971690177917,-0.1065046489238739,-0.0277309902012348,1.1443206071853638
1629796287845,0.454580694437027,-0.1153651848435401,-0.0370509810745716,1.1300864219665527
1629796287923,0.4613717496395111,-0.1266642957925796,-0.0558065213263034,1.1251893043518066
1629796288016,0.4750459790229797,-0.139227420091629,-0.072919987142086,1.1342264413833618
1629796288141,0.4875789880752563,-0.1535898596048355,-0.0761497244238853,1.1495089530944824
1629796288188,0.4919661283493042,-0.179012730717659,-0.0646682903170585,1.1595617532730105
1629796288329,0.4846101999282837,-0.2272110879421234,-0.049740944057703,1.158760905265808
1629796288423,0.4702909886837005,-0.2977832853794098,-0.0432792790234088,1.1499531269073486
1629796288532,0.4541961848735809,-0.3723513782024383,-0.0480189658701419,1.1393386125564575
1629796288641,0.4541961848735809,-0.4283441007137298,-0.0565713196992874,1.1393386125564575
1629796288719,0.4569655358791351,-0.4573732614517212,-0.058803204447031,1.146599054336548
1629796288844,0.4570149183273315,-0.4633710384368896,-0.0478367507457733,1.1492698192596436
1629796288954,0.4538764655590057,-0.4434869587421417,-0.0241098068654537,1.1450215578079224
1629796289047,0.4509941041469574,-0.3927375078201294,0.008123249746859,1.1362054347991943
1629796289159,0.45026296377182,-0.3231807053089142,0.0433528572320938,1.130486249923706
1629796289269,0.4528405368328094,-0.2570968270301819,0.0741025283932685,1.1355643272399902
1629796289347,0.4538113474845886,-0.2121726274490356,0.09389229118824,1.1483979225158691
1629796289409,0.4444405436515808,-0.1911471337080001,0.1011481508612632,1.1575148105621338
1629796289581,0.4139418601989746,-0.1855880916118621,0.0984622612595558,1.148391604423523
1629796289675,0.3574243485927582,-0.183496817946434,0.0898343026638031,1.1128194332122805
1629796289768,0.3574243485927582,-0.1796215325593948,0.0804401636123657,1.1128194332122805
1629796289846,0.3574243485927582,-0.170699268579483,0.0775065124034881,1.1128194332122805
1629796289909,0.3574243485927582,-0.1565171629190445,0.0872498303651809,1.1128194332122805
1629796290034,0.3574243485927582,-0.1387829333543777,0.1073124408721923,1.1128194332122805
1629796290161,0.4929216504096985,-0.1194524317979812,0.1272559314966201,0.839611828327179
1629796290271,0.4606393575668335,-0.1000659167766571,0.1389818638563156,0.8321701288223267
1629796290411,0.4281074404716491,-0.0847123339772224,0.1404018700122833,0.8670656681060791
1629796290458,0.4082435369491577,-0.0793057903647422,0.1324504911899566,0.9234710335731506
1629796290536,0.4008984267711639,-0.0904317870736122,0.1147976219654083,0.9800764918327332
1629796290661,0.397442877292633,-0.1201529651880264,0.0865573137998581,1.0241715908050537
1629796290786,0.389533519744873,-0.160125121474266,0.0508293621242046,1.05488920211792
1629796290895,0.3774228990077972,-0.1910326480865478,0.0146808996796607,1.0761606693267822
1629796290989,0.3655453622341156,-0.1994542330503463,-0.0166200678795576,1.0908252000808716
1629796291052,0.3559237122535705,-0.1937284767627716,-0.0405690558254718,1.0977894067764282
1629796291130,0.3501149415969848,-0.1936211287975311,-0.0530763044953346,1.099140763282776
1629796291242,0.3476326465606689,-0.205694168806076,-0.0534662827849388,1.0998517274856567
1629796291414,0.3448106348514557,-0.2252511233091354,-0.0510738901793956,1.1113215684890747
1629796291460,0.3478943705558777,-0.2437190264463424,-0.0592085421085357,1.1384211778640747
1629796291617,0.3678069412708282,-0.2550325393676758,-0.0822853818535804,1.1725034713745115
1629796291679,0.4042501449584961,-0.2576373219490051,-0.1120195239782333,1.2008239030838013
1629796291773,0.4412441253662109,-0.2545816898345947,-0.1382075697183609,1.2157747745513916
1629796291835,0.4633604884147644,-0.2471717745065689,-0.1587988436222076,1.21668803691864
1629796292023,0.4684580266475677,-0.2289782911539077,-0.1762553006410598,1.2064881324768066
1629796292132,0.4656043350696563,-0.1925199478864669,-0.1889455318450927,1.189857840538025
1629796292195,0.4634900689125061,-0.1411915719509124,-0.1936520785093307,1.1726293563842771
1629796292307,0.4644221067428589,-0.0930113866925239,-0.1906229108572006,1.158905267715454
1629796292369,0.4656781256198883,-0.0642579570412635,-0.1822866648435592,1.147381067276001
1629796292479,0.4647416174411773,-0.0591337196528911,-0.1734453439712524,1.1336501836776731
1629796292604,0.4629886746406555,-0.0689684674143791,-0.1713536083698272,1.1190476417541504
1629796292713,0.4614737629890442,-0.0788173228502273,-0.1845928281545639,1.1080201864242554
1629796292823,0.4615874290466308,-0.0787529572844505,-0.2136767655611038,1.1012316942214966
1629796292911,0.4603645205497741,-0.0704783573746681,-0.2457328736782074,1.0893620252609253
1629796293008,0.4537145793437958,-0.0623642951250076,-0.2676555514335632,1.0647728443145752
1629796293087,0.4377176165580749,-0.0618430338799953,-0.2795027494430542,1.0296891927719116
1629796293243,0.4145644903182983,-0.07159473747015,-0.291554182767868,0.994801700115204
1629796293305,0.3944102525711059,-0.0884109362959861,-0.3029694557189941,0.9680655002593994
1629796293430,0.3944488167762756,-0.1091382950544357,-0.3027231097221374,0.9512547850608826
1629796293524,0.4178453981876373,-0.1372820883989334,-0.2898528277873993,0.9459608793258668
1629796293665,0.447717547416687,-0.1824266016483307,-0.2757468223571777,0.9529961943626404
1629796293727,0.4669677913188934,-0.24940887093544,-0.2641447782516479,0.9711496829986572
1629796293836,0.4769898355007171,-0.3265310525894165,-0.249029278755188,0.9978163242340088
1629796293930,0.4924231171607971,-0.3845282196998596,-0.2266800105571746,1.0311468839645386
1629796294023,0.5237614512443542,-0.4019273221492767,-0.2003363966941833,1.068340301513672
1629796294089,0.5615142583847046,-0.3916131854057312,-0.1764931380748748,1.102575182914734
1629796294292,0.5903697609901428,-0.3808731734752655,-0.1611548811197281,1.1285784244537354
1629796294339,0.6036825776100159,-0.3861012756824493,-0.1593194007873535,1.147207498550415
1629796294448,0.6043573021888733,-0.4067415297031402,-0.1735704690217971,1.1628128290176392
1629796294526,0.6005595922470093,-0.4311470091342926,-0.2005902230739593,1.178762912750244
1629796294667,0.5955381393432617,-0.4464253187179565,-0.2304853498935699,1.1948508024215698
1629796294714,0.5884214639663696,-0.4463986158370971,-0.2531011998653412,1.2109062671661377
1629796294792,0.5776299834251404,-0.4335822761058807,-0.2666937410831451,1.2271332740783691
1629796294932,0.5605550408363342,-0.4137181639671325,-0.276866614818573,1.2447353601455688
1629796295057,0.5361564755439758,-0.391339510679245,-0.287907063961029,1.26133930683136
1629796295123,0.5096513628959656,-0.3697289228439331,-0.2997369170188904,1.272941827774048
1629796295279,0.4925862848758697,-0.3539532124996185,-0.3139505386352539,1.2763632535934448
1629796295326,0.4871306121349334,-0.3464334011077881,-0.3335888087749481,1.270909070968628
1629796295419,0.4827747642993927,-0.3473316133022308,-0.3608354330062866,1.2583491802215576
1629796295544,0.4675160944461822,-0.353141725063324,-0.391085535287857,1.2414984703063965
1629796295701,0.4442378580570221,-0.3586565852165222,-0.4083402454853058,1.2240400314331057
1629796295732,0.4241029620170593,-0.3593244552612304,-0.4006079435348511,1.208396315574646
1629796295841,0.4137284755706787,-0.3508058786392212,-0.3742552101612091,1.1959339380264282
1629796295935,0.4101803600788116,-0.3364555835723877,-0.3499036729335785,1.1864051818847656
1629796296044,0.4033603072166443,-0.3248642683029175,-0.3393206000328064,1.1769963502883911
1629796296125,0.3918590843677521,-0.3194991648197174,-0.3407778441905975,1.163565158843994
1629796296282,0.3849649727344513,-0.3161304891109466,-0.3453140258789062,1.1441004276275637
1629796296360,0.392096996307373,-0.3097057044506073,-0.346225380897522,1.1217583417892456
1629796296469,0.4112642705440521,-0.3014377951622009,-0.3416820168495178,1.1017589569091797
1629796296563,0.4350069761276245,-0.2905863225460052,-0.33407923579216,1.090783715248108
1629796296656,0.4548083543777466,-0.2719112634658813,-0.3249312341213226,1.0906221866607666
1629796296750,0.4690103828907013,-0.2449700981378555,-0.3106487989425659,1.0978864431381226
1629796296922,0.4798566699028015,-0.220608040690422,-0.2856858670711517,1.104167103767395
1629796297016,0.4868768155574798,-0.2106509953737259,-0.2535776495933532,1.104750394821167
1629796297078,0.4862501323223114,-0.2170579731464386,-0.2277032881975174,1.101651906967163
1629796297159,0.4739166796207428,-0.2328311949968338,-0.2222455292940139,1.0993422269821167
1629796297268,0.4533170163631439,-0.2513339221477508,-0.2390034049749374,1.0990650653839111
1629796297347,0.4331066608428955,-0.2722862660884857,-0.266654908657074,1.097371220588684
1629796297487,0.4189906120300293,-0.2950057685375213,-0.288872629404068,1.0929118394851685
1629796297581,0.4102650880813598,-0.3146795928478241,-0.2978700399398803,1.08855938911438
1629796297659,0.4046447873115539,-0.3267796039581299,-0.295880526304245,1.090677261352539
1629796297784,0.4010685384273529,-0.333207368850708,-0.2918237745761871,1.10135817527771
1629796297893,0.4004222154617309,-0.3393079340457916,-0.2932714521884918,1.1173330545425415
1629796297956,0.4063271582126617,-0.344982236623764,-0.3023169934749603,1.1317707300186155
1629796298082,0.4210075139999389,-0.3521185517311096,-0.3145695626735687,1.140254259109497
1629796298191,0.4419986605644226,-0.3685904145240783,-0.328171044588089,1.1418602466583252
1629796298303,0.4561781585216522,-0.3960805237293243,-0.3511582612991333,1.135686278343201
1629796298381,0.4541003704071045,-0.4172896444797516,-0.396567553281784,1.123815417289734
1629796298490,0.4441205561161041,-0.4105762243270874,-0.4640515446662903,1.1102159023284912
1629796298584,0.4584256112575531,-0.3780915439128876,-0.5233378410339355,1.0985394716262815
1629796298724,0.5148601531982422,-0.3427643477916717,-0.5315185189247131,1.0879056453704834
1629796298802,0.5922906398773193,-0.3186972439289093,-0.4858009219169616,1.0762975215911863
1629796298896,0.6596421003341675,-0.3050029575824737,-0.4210191965103149,1.0619571208953855
1629796298974,0.7034391164779663,-0.2964866161346435,-0.3625355660915375,1.0456057786941528
1629796299099,0.726486325263977,-0.2907612025737762,-0.3182049393653869,1.029977798461914
1629796299240,0.7368019223213196,-0.2892245054244995,-0.2889512777328491,1.0153568983078003
1629796299349,0.740397036075592,-0.2953779101371765,-0.2727510631084442,0.9991343021392822
1629796299396,0.7386720776557922,-0.3101129829883575,-0.2652246952056885,0.9800541996955872
1629796299505,0.7306538224220276,-0.3294649720191955,-0.2634476721286773,0.9562357664108276
1629796299615,0.7161705493927002,-0.3489578068256378,-0.2664344012737274,0.9254277348518372
1629796299755,0.6989208459854126,-0.3681330978870392,-0.2690191268920898,0.8934493064880371
1629796299787,0.6841103434562683,-0.3913946449756622,-0.2656675577163696,0.8781343102455139
1629796299927,0.6739550232887268,-0.4246702492237091,-0.260189801454544,0.8892845511436462
1629796300005,0.664751410484314,-0.466388076543808,-0.2595653533935547,0.9152613282203674
1629796300134,0.6441404223442078,-0.5095320343971252,-0.2632525563240051,0.93996661901474
1629796300212,0.603649914264679,-0.5436462759971619,-0.2632570564746856,0.9622195959091188
1629796300306,0.5435957312583923,-0.5652081966400146,-0.2528087198734283,0.986764132976532
1629796300415,0.4753039479255676,-0.5765212178230286,-0.2340767681598663,1.015342354774475
1629796300540,0.4146570861339569,-0.5830962061882019,-0.2137558162212371,1.0440913438796997
1629796300634,0.3773489594459533,-0.5881898403167725,-0.196752518415451,1.070348858833313
1629796300743,0.3740992248058319,-0.5915802121162415,-0.1864190995693206,1.0923700332641602
1629796300806,0.406277060508728,-0.5863442420959473,-0.1777361035346985,1.1093045473098757
1629796300931,0.463287204504013,-0.5695444345474243,-0.1615206450223922,1.1182007789611816
1629796301040,0.5221845507621765,-0.5509703159332275,-0.1342056989669799,1.1189073324203491
1629796301121,0.5641898512840271,-0.5393366813659668,-0.1000984609127044,1.114634394645691
1629796301246,0.5828933715820312,-0.530566394329071,-0.0685561671853065,1.1054924726486206
1629796301324,0.588277280330658,-0.5136326551437378,-0.0445858314633369,1.0876630544662476
1629796301418,0.5946414470672607,-0.4865661859512329,-0.02651347219944,1.0618617534637451
1629796301605,0.6174405217170715,-0.4429811239242553,-0.000902262632735,1.0275717973709106
1629796301605,0.6070414781570435,-0.460034430027008,-0.0108820684254169,1.038249969482422
1629796301793,0.618431568145752,-0.4316601455211639,-0.0029001859948039,1.0290923118591309
1629796301824,0.6118404865264893,-0.4174112975597381,-0.0180427581071853,1.0321030616760254
1629796301965,0.6052415370941162,-0.3979845643043518,-0.038147147744894,1.0288496017456057
1629796302058,0.6057871580123901,-0.3758773803710937,-0.0522795766592025,1.0176297426223757
1629796302124,0.6104128956794739,-0.3528268039226532,-0.0566287375986576,0.9988697171211244
1629796302265,0.6082053184509277,-0.3293133378028869,-0.0546480827033519,0.9778773188591005
1629796302390,0.5903875827789307,-0.3057604432106018,-0.0547691546380519,0.9632140398025512
1629796302437,0.5552521347999573,-0.2858910858631134,-0.065375380218029,0.964150846004486
1629796302546,0.512505292892456,-0.2704760730266571,-0.088535726070404,0.9839407801628112
1629796302687,0.4734450876712799,-0.2618575096130371,-0.1216012015938758,1.011175513267517
1629796302734,0.4527152478694916,-0.2610802352428436,-0.1572218984365463,1.024177312850952
1629796302812,0.4488563537597656,-0.2683927714824676,-0.184190034866333,1.0380886793136597
1629796302983,0.4505455493927002,-0.2803222239017486,-0.1779802590608596,1.0531375408172607
1629796303062,0.4480905532836914,-0.2928524017333984,-0.119466446340084,1.0645376443862915
1629796303155,0.4447593092918396,-0.3011360466480255,-0.0282630585134029,1.066435933113098
1629796303283,0.4464231729507446,-0.3036758005619049,0.0598267577588558,1.056041240692139
1629796303361,0.4548826217651367,-0.2976541817188263,0.1236767023801803,1.0378893613815308
1629796303439,0.4670090675354004,-0.2824531197547912,0.1584181487560272,1.019831657409668
1629796303564,0.4783754348754883,-0.2647075653076172,0.1697862297296524,1.0117262601852417
1629796303658,0.4894019961357116,-0.252310186624527,0.1673494279384613,1.0216546058654783
1629796303783,0.504594624042511,-0.2495322376489639,0.1610271334648132,1.0502454042434692
1629796303923,0.504594624042511,-0.2560469210147857,0.1598109751939773,1.0502454042434692
1629796303970,0.504594624042511,-0.2652225792407989,0.1686143726110458,1.0502454042434692
1629796304033,0.504594624042511,-0.275137186050415,0.1850553900003433,1.0502454042434692
1629796304204,0.504594624042511,-0.2850741446018219,0.2032141685485839,1.0502454042434692
1629796304285,0.504594624042511,-0.292624682188034,0.21685691177845,1.0502454042434692
1629796304425,0.4305832982063293,-0.2909134328365326,0.2223903089761734,1.0185229778289795
1629796304503,0.4307087659835815,-0.2740677297115326,0.2138022184371948,1.0167280435562134
1629796304581,0.4328919351100921,-0.2465742826461792,0.1808663457632064,1.0087708234786987
1629796304628,0.4371096491813659,-0.2192460596561432,0.1177818700671196,0.9946910738945008
1629796304831,0.4371096491813659,-0.1984708458185196,0.0298669189214706,0.9852488040924072
1629796304909,0.4371096491813659,-0.1859022080898285,-0.0612492784857749,0.9852488040924072
1629796305019,0.4371096491813659,-0.1780836731195449,-0.113936461508274,0.9852488040924072
1629796305128,0.4371096491813659,-0.1684245467185974,-0.1006256714463234,0.9852488040924072
1629796305175,0.4371096491813659,-0.1558407098054886,-0.0435535944998264,0.9852488040924072
1629796305287,0.4371096491813659,-0.1451103538274765,0.0129147367551922,0.9852488040924072
1629796305381,0.4371096491813659,-0.1430810987949371,0.0423455312848091,0.9852488040924072
1629796305537,0.4371096491813659,-0.1525148749351501,0.0412258766591548,0.9852488040924072
1629796305568,0.411895751953125,-0.1670314967632293,0.0217772293835878,0.9574785828590392
1629796305724,0.4149066805839538,-0.1780054569244384,0.0014721264597028,0.952753245830536
1629796305802,0.4313749074935913,-0.1826912611722946,-0.006169362924993,0.9561337232589722
1629796305943,0.4313749074935913,-0.1861259639263153,0.0011549239279702,0.94921213388443
1629796306005,0.4313749074935913,-0.1967010498046875,0.0147912064567208,0.94921213388443
1629796306146,0.4313749074935913,-0.2135863900184631,0.0262223277240991,0.94921213388443
1629796306255,0.4313749074935913,-0.2279850095510482,0.0321775823831558,0.94921213388443
1629796306365,0.4313749074935913,-0.2351124733686447,0.0326822809875011,0.94921213388443
1629796306412,0.4313749074935913,-0.2411646693944931,0.0290472842752933,0.94921213388443
1629796306521,0.4313749074935913,-0.2548415660858154,0.0205940082669258,0.94921213388443
1629796306630,0.4313749074935913,-0.2774700224399566,0.0069617545232176,0.94921213388443
1629796306708,0.4313749074935913,-0.3032073974609375,-0.0094627616927027,0.94921213388443
1629796306849,0.4313749074935913,-0.32594695687294,-0.0235049705952405,0.94921213388443
1629796306943,0.4313749074935913,-0.3420257866382599,-0.0304677113890647,0.94921213388443
1629796306989,0.4313749074935913,-0.3498343527317047,-0.0297213103622198,0.94921213388443
1629796307130,0.4313749074935913,-0.3494421541690826,-0.0262736994773149,0.94921213388443
1629796307255,0.4313749074935913,-0.3359988927841186,-0.0282935425639152,0.94921213388443
1629796307349,0.4313749074935913,-0.3073184788227081,-0.0393671803176403,0.94921213388443
1629796307427,0.4313749074935913,-0.2728769779205322,-0.055014569312334,0.94921213388443
1629796307536,0.4313749074935913,-0.2473987191915512,-0.0658434927463531,0.94921213388443
1629796307677,0.4313749074935913,-0.2386321723461151,-0.0669676512479782,0.94921213388443
1629796307708,0.4313749074935913,-0.2441583126783371,-0.0610923282802104,0.94921213388443
1629796307880,0.7587916851043701,-0.2566494047641754,-0.0532994978129863,0.8777498602867126
1629796307974,0.711807370185852,-0.2721838057041168,-0.0495810359716415,0.8502181172370911
1629796308052,0.6844093203544617,-0.2893974184989929,-0.0607978217303752,0.8271921277046204
1629796308151,0.660690426826477,-0.3064742386341095,-0.1001433357596397,0.8157778382301331
1629796308213,0.660690426826477,-0.3187853395938873,-0.1720984578132629,0.8157778382301331
1629796308323,0.660690426826477,-0.3199271261692047,-0.257472425699234,0.8157778382301331
1629796308479,0.660690426826477,-0.3044991493225097,-0.3076069951057434,0.8157778382301331
1629796308588,0.660690426826477,-0.2745780348777771,-0.2761740982532501,0.8157778382301331
1629796308619,0.660690426826477,-0.2427686899900436,-0.1851769089698791,0.8157778382301331
1629796308729,0.660690426826477,-0.2262739092111587,-0.0894365683197975,0.8157778382301331
1629796308838,0.660690426826477,-0.2349911481142044,-0.0213110614567995,0.8157778382301331
1629796308932,0.660690426826477,-0.262552261352539,0.0124889528378844,0.8157778382301331
1629796309088,0.5780172348022461,-0.2911272048950195,0.0192209184169769,0.7727600932121277
1629796309170,0.4946653544902801,-0.3059687912464142,0.0142688956111669,0.7418091893196106
1629796309264,0.4626948237419128,-0.3055821061134338,0.0097980014979839,0.7255703806877136
1629796309358,0.4626948237419128,-0.2940577268600464,0.0102905696257948,0.7255703806877136
1629796309498,0.4626948237419128,-0.2734669744968414,0.0134358843788504,0.7255703806877136
1629796309545,0.4626948237419128,-0.2506945133209228,0.0170340463519096,0.7255703806877136
1629796309670,0.4626948237419128,-0.2369683980941772,0.0225251857191324,0.7255703806877136
1629796309779,-0.0114325461909174,-0.2372477501630783,0.0327341593801975,1.0088971853256226
1629796309873,-0.0320210307836532,-0.2476548999547958,0.0444995574653148,0.962317168712616
1629796309998,-0.0305045451968908,-0.2625537812709808,0.0474480204284191,0.9260333776474
1629796310045,-0.0110122403129935,-0.2798295319080353,0.027252335101366,0.9083200693130492
1629796310188,-0.0110122403129935,-0.2954357862472534,-0.0242155101150274,0.9083200693130492
1629796310297,-0.0110122403129935,-0.3032511472702026,-0.1006120219826698,0.9083200693130492
1629796310376,-0.0110122403129935,-0.3000643849372864,-0.1707102805376052,0.9083200693130492
1629796310501,-0.0110122403129935,-0.292267382144928,-0.1848557144403457,0.9083200693130492
1629796310579,-0.0110122403129935,-0.2877583801746368,-0.1331818252801895,0.9083200693130492
1629796310672,-0.0110122403129935,-0.2909921109676361,-0.0616044998168945,0.9083200693130492
1629796310782,-0.0110122403129935,-0.3046843707561493,-0.006540423259139,0.9083200693130492
1629796310860,-0.0110122403129935,-0.3310716450214386,0.0258677620440721,0.9083200693130492
1629796310985,-0.0327552184462547,-0.3680075705051422,0.0440552942454814,0.8432779908180237
1629796311110,-0.0478928834199905,-0.4064145386219024,0.0543789342045784,0.782683253288269
1629796311172,-0.0423768684267997,-0.4336801469326019,0.0570426508784294,0.7396116852760315
1629796311297,-0.0423768684267997,-0.4446285963058471,0.0521792620420455,0.7396116852760315
1629796311375,-0.0423768684267997,-0.4450857639312744,0.0453156232833862,0.7396116852760315
1629796311532,-0.0423768684267997,-0.4451836943626404,0.0439315699040889,0.7396116852760315
1629796311625,-0.0423768684267997,-0.4520852863788605,0.0499075092375278,0.7396116852760315
1629796311672,-0.0423768684267997,-0.4681489467620849,0.0608666092157363,0.7396116852760315
1629796311813,-0.0423768684267997,-0.4889287948608398,0.0757766887545585,0.7396116852760315
1629796311875,-0.0423768684267997,-0.4982875287532806,0.0912094488739967,0.7396116852760315
1629796312002,-0.0423768684267997,-0.479536235332489,0.0924290344119072,0.7396116852760315
1629796312143,-0.0423768684267997,-0.4351531565189361,0.0662726163864135,0.7396116852760315
1629796312252,-0.0423768684267997,-0.3831500709056854,0.013854774646461,0.7396116852760315
1629796312268,-0.0423768684267997,-0.3331654071807861,-0.0453471057116985,0.7396116852760315
1629796312455,-0.0423768684267997,-0.2846425473690033,-0.0877870172262191,0.7396116852760315
1629796312487,-0.0423768684267997,-0.2363683581352234,-0.103449247777462,0.7396116852760315
1629796312580,-0.0423768684267997,-0.1941528916358947,-0.0992203205823898,0.7396116852760315
1629796312721,-0.0423768684267997,-0.1636455804109573,-0.0864647701382637,0.7396116852760315
1629796312835,0.7326658368110657,-0.1412206292152404,-0.0759276151657104,1.098674178123474
1629796312950,0.8468832969665527,-0.1203580051660537,-0.0755412876605987,1.1448850631713867
1629796313012,0.9265297651290894,-0.1002553328871727,-0.0851506888866424,1.1580867767333984
1629796313092,0.9642984867095948,-0.0854728743433952,-0.098341129720211,1.1495128870010376
1629796313186,0.9236947894096376,-0.0790868699550628,-0.1097924783825874,1.1082311868667605
1629796313358,0.8705146312713623,-0.0799116939306259,-0.1221353858709335,1.0692462921142578
1629796313467,0.819096565246582,-0.0879591852426529,-0.1416684836149215,1.03698468208313
1629796313545,0.7759655714035034,-0.1042521893978118,-0.1649466007947921,1.013445496559143
1629796313639,0.7429569959640503,-0.12889164686203,-0.1794843524694442,0.9981603026390076
1629796313748,0.7239218950271606,-0.1589225530624389,-0.1795163303613662,0.98691987991333
1629796313780,0.7212004661560059,-0.1933337450027465,-0.1747892200946808,0.976405382156372
1629796314016,0.7279342412948608,-0.2342012375593185,-0.1769865453243255,0.9655911326408386
1629796314048,0.7332550287246704,-0.2814284265041351,-0.1898124516010284,0.9599199295043944
1629796314188,0.7300461530685425,-0.3257756531238556,-0.209817960858345,0.9613263607025146
1629796314235,0.7228738069534302,-0.3536199927330017,-0.2259753942489624,0.9658142328262328
1629796314376,0.7052214741706848,-0.3698166310787201,-0.2271511852741241,0.9362977743148804
1629796314470,0.6929088234901428,-0.3888706862926483,-0.203477457165718,0.910882294178009
1629796314563,0.6872178316116333,-0.4180645644664764,-0.1637393534183502,0.893711268901825
1629796314673,0.6883227825164795,-0.45086869597435,-0.1265836358070373,0.8894758820533752
1629796314704,0.6964155435562134,-0.4789514243602752,-0.1028410047292709,0.8986338973045349
1629796314876,0.7083443403244019,-0.4981923997402191,-0.0890190675854682,0.9152174592018129
1629796314938,0.7194023132324219,-0.504526674747467,-0.0774576589465141,0.9319002628326416
1629796315016,0.7254026532173157,-0.4894930422306061,-0.0663008838891983,0.9448547959327698
1629796315144,0.7263585329055786,-0.4477182924747467,-0.0598182752728462,0.9522604942321776
1629796315253,0.7208613753318787,-0.3909520208835602,-0.0559545755386352,0.9571641087532043
1629796315331,0.7068760395050049,-0.339035153388977,-0.047803945839405,0.9639190435409546
1629796315441,0.6856755018234253,-0.3039240837097168,-0.0351942516863346,0.9743558764457704
1629796315550,0.662667989730835,-0.289308488368988,-0.0261766426265239,0.9822498559951782
1629796315644,0.6458494663238525,-0.2915253639221191,-0.0215626079589128,0.9834654927253724
1629796315753,0.6356449723243713,-0.3043297529220581,-0.0152097875252366,0.9810107350349426
1629796315878,0.6211873888969421,-0.3194902241230011,-0.0017101018456742,0.983540177345276
1629796316003,0.5910096764564514,-0.332202136516571,0.0093992557376623,0.9943756461143494
1629796316049,0.5478559732437134,-0.3415112495422363,0.0058504538610577,1.0126826763153076
1629796316131,0.5163617134094238,-0.3454832434654236,-0.0140053993090987,1.0418492555618286
1629796316240,0.5212824940681458,-0.3386988639831543,-0.0424722619354724,1.0824054479599
1629796316381,0.556903064250946,-0.3181115090847015,-0.0723030194640159,1.1256531476974487
1629796316506,0.5962553024291992,-0.2894566655158996,-0.1021029725670814,1.158212184906006
1629796316584,0.6242967247962952,-0.2669131457805633,-0.1304630637168884,1.177470326423645
1629796316662,0.6365799307823181,-0.262915700674057,-0.1525322198867797,1.190459132194519
1629796316787,0.6397145390510559,-0.2767906188964844,-0.1699706614017486,1.203638195991516
1629796316912,0.6378674507141113,-0.2932113707065582,-0.1891825050115585,1.2163548469543457
1629796316990,0.6353822946548462,-0.2947027385234833,-0.209471508860588,1.226807951927185
1629796317134,0.633972704410553,-0.2774854600429535,-0.219494879245758,1.2354706525802612
1629796317197,0.6322889924049377,-0.2535168826580047,-0.2149961292743683,1.2432996034622192
1629796317290,0.6449652910232544,-0.2345876842737198,-0.2059229612350464,1.256818413734436
1629796317431,0.6544074416160583,-0.2220226228237152,-0.2044859677553177,1.2707343101501465
1629796317478,0.662022590637207,-0.2097850441932678,-0.2056243270635604,1.284027934074402
1629796317634,0.6697272658348083,-0.1884407699108123,-0.1842820793390274,1.2945560216903689
1629796317743,0.668390691280365,-0.1569377779960632,-0.131400004029274,1.294947385787964
1629796317822,0.6430413722991943,-0.1241732165217399,-0.0676109567284584,1.2783972024917605
1629796317884,0.5832012295722961,-0.1019056960940361,-0.0199776515364646,1.2462142705917358
1629796317946,0.4956249594688415,-0.0972743928432464,0.0019023711793124,1.214648962020874
1629796318072,0.4055470824241638,-0.1083283498883247,0.0047314795665442,1.198576807975769
1629796318185,0.351805567741394,-0.1268159002065658,0.0009510010713711,1.1961960792541504
1629796318404,0.3331536948680877,-0.1435160934925079,-0.0011874269694089,1.1934621334075928
1629796318466,0.3331536948680877,-0.1534526050090789,0.0006204621167853,1.1934621334075928
1629796318513,0.3331536948680877,-0.1586366891860962,0.0051850075833499,1.1934621334075928
1629796318622,0.3331536948680877,-0.1647602915763855,0.0072006504051387,1.1934621334075928
1629796318669,0.3331536948680877,-0.1756178885698318,0.0009288337314501,1.1934621334075928
1629796318857,0.3331536948680877,-0.1901052594184875,-0.0174256637692451,1.0480657815933228
1629796318919,0.3485362827777862,-0.2065362483263015,-0.0470166988670825,1.0374599695205688
1629796319013,0.3016096949577331,-0.2272829711437225,-0.0832286551594734,1.0122292041778564
1629796319091,0.2649704813957214,-0.2601072192192077,-0.1286508291959762,0.9818623065948486
1629796319216,0.2418739348649978,-0.3110612034797668,-0.1856179237365722,0.9491716027259828
1629796319325,0.2309135496616363,-0.3785752654075622,-0.2401972860097885,0.9139699935913086
1629796319419,0.2294254302978515,-0.4491681754589081,-0.2575075626373291,0.8770139217376709
1629796319544,0.2341122776269912,-0.5005277395248413,-0.222373679280281,0.8428106904029846
1629796319638,0.2407420128583908,-0.5201659202575684,-0.1659384220838546,0.8155789375305176
1629796319716,0.2443094253540039,-0.510687530040741,-0.1209431439638137,0.7969459891319275
1629796319778,0.2468533962965011,-0.4815702736377716,-0.093107670545578,0.7855604290962219
1629796319903,0.253044843673706,-0.4408855438232422,-0.0710791572928428,0.7773152589797974
1629796320060,0.2634618580341339,-0.3963397443294525,-0.0461884289979934,0.7595281600952148
1629796320122,0.2543471157550812,-0.3568212389945984,-0.0184043794870376,0.7399437427520752
1629796320231,0.2540558874607086,-0.3267588019371032,0.0047272909432649,0.7320241332054138
1629796320356,0.2641441524028778,-0.3042817711830139,0.0188529826700687,0.7371479868888855
1629796320419,0.2882875204086303,-0.2829660773277282,0.0254860706627368,0.7473980784416199
1629796320513,0.3211875557899475,-0.2603675127029419,0.0271302759647369,0.749799907207489
1629796320664,0.3496858775615692,-0.2400930076837539,0.0239667277783155,0.7447634339332581
1629796320727,0.3633346855640411,-0.2261171042919159,0.0140760783106088,0.743007242679596
1629796320852,0.3608821630477905,-0.2168800830841064,-0.0061970623210072,0.7513046860694885
1629796320945,0.3491262197494507,-0.2091655731201172,-0.0417730063199996,0.7665536403656006
1629796320992,0.3371433913707733,-0.2034450769424438,-0.0929307341575622,0.7812524437904358
1629796321148,0.3313433825969696,-0.2037161588668823,-0.1503358036279678,0.7939993739128113
1629796321289,0.3349885940551758,-0.2136338502168655,-0.1971002370119094,0.8132893443107605
1629796321398,0.3508414328098297,-0.2358853965997696,-0.2232487946748733,0.8489561676979065
1629796321445,0.3804116547107696,-0.275592029094696,-0.2419271916151046,0.8972871899604797
1629796321539,0.4198862910270691,-0.3360839188098907,-0.2752953767776489,0.94263756275177
1629796321664,0.4571040570735931,-0.4090197384357452,-0.3304512202739715,0.9671892523765564
1629796321711,0.4824833273887634,-0.4703982770442962,-0.3891845643520355,0.9660672545433044
1629796382372,0.0,0.0,0.0,0.0
1629796382452,0.0,0.0,0.0,0.0
1629796382546,0.0,0.0,0.0,0.0
1629796382624,0.0,0.0,0.0,0.0
1629796382733,0.0,0.0,0.0,0.0
1629796382858,0.0,0.0,0.0,0.0
1629796382971,0.0,0.0,0.0,0.0
1629796383049,0.0,0.0,0.0,0.0
1629796383143,0.0,0.0,0.0,0.0
1629796383255,0.0,0.0,0.0,0.0
1629796383318,0.0,0.0,0.0,0.0
1629796383474,0.0,0.0,0.0,0.0
1629796383568,0.0,0.0,0.0,0.0
1629796383662,0.0,0.0,0.0,0.0
1629796383740,0.0,0.0,0.0,0.0
1629796383849,0.0,0.0,0.0,0.0
1629796383958,0.0,0.0,0.0,0.0
1629796384086,0.0,0.0,0.0,0.0
1629796384180,0.0,0.0,0.0,0.0
1629796384273,0.0,0.0,0.0,0.0
1629796384367,0.0,0.0,0.0,0.0
1629796384461,0.0,0.0,0.0,0.0
1629796384570,0.0,-0.0226260833442211,-0.1188385263085365,0.0
1629796384726,0.0,0.016458410769701,0.006109912879765,0.7306597232818604
1629796384789,0.7617833018302917,0.0454237535595893,0.0696212276816368,0.7749160528182983
1629796384883,0.7617833018302917,0.0628790482878685,0.0790079832077026,0.7762037515640259
1629796384992,0.7617833018302917,0.0690845251083374,0.0540933012962341,0.7762037515640259
1629796385057,0.7617833018302917,0.0686207488179206,0.0201871208846569,0.7762037515640259
1629796385166,0.7617833018302917,0.0721750929951667,-0.0066388864070177,0.7762037515640259
1629796385307,0.7617833018302917,0.0838638395071029,-0.0235628560185432,0.7762037515640259
1629796385401,0.7617833018302917,0.0959087759256362,-0.0332851409912109,0.7762037515640259
1629796385494,0.7617833018302917,0.1012489646673202,-0.0395843125879764,0.7762037515640259
1629796385588,0.7617833018302917,0.101278468966484,-0.0451289229094982,0.7762037515640259
1629796385697,0.7617833018302917,0.1016513705253601,-0.0507143475115299,0.7762037515640259
1629796385791,0.7617833018302917,0.1168479844927787,-0.0425671823322773,0.7762037515640259
1629796385947,0.7617833018302917,0.1285254061222076,-0.0233270712196826,0.8214545845985413
1629796386060,0.7617833018302917,0.1350600570440292,-0.0069765783846378,0.8636504411697388
1629796386138,0.7617833018302917,0.1414113193750381,-0.0100511480122804,0.852119505405426
1629796386263,0.7617833018302917,0.1516067236661911,-0.03412451967597,0.8120083212852478
1629796386294,0.7617833018302917,0.1620798408985138,-0.0604811422526836,0.7598842978477478
1629796386497,0.9173762202262878,0.166336253285408,-0.0680495575070381,0.7149792909622192
1629796386622,0.8793450593948364,0.1608366668224334,-0.0561593957245349,0.6646155714988708
1629796386731,0.8268501162528992,0.1465990394353866,-0.0412321686744689,0.610198438167572
1629796386763,0.7824245095252991,0.1238222196698188,-0.0331830121576786,0.5662652850151062
1629796386841,0.7617559432983398,0.0934069901704788,-0.0319163650274276,0.5419432520866394
1629796386934,0.7596604824066162,0.0600313134491443,-0.0367129854857921,0.5335763096809387
1629796387044,0.7595189213752747,0.0302422624081373,-0.0465874373912811,0.5282167196273804
1629796387125,0.751671314239502,0.0070528364740312,-0.0594232529401779,0.5185022354125977
1629796387281,0.751671314239502,-0.0131505094468593,-0.0747203975915908,0.5185022354125977
1629796387375,0.751671314239502,-0.0340300761163234,-0.0909705534577369,0.5185022354125977
1629796387453,0.751671314239502,-0.0566810443997383,-0.0977520272135734,0.5185022354125977
1629796387503,0.751671314239502,-0.0851873531937599,-0.0775317475199699,0.5185022354125977
1629796387628,0.7422387003898621,-0.1283059120178222,-0.0321237221360206,0.486957848072052
1629796387753,0.7114209532737732,-0.194051593542099,0.0143857654184103,0.438069999217987
1629796387831,0.6628819704055786,-0.2777965068817138,0.0402877554297447,0.3835714757442474
1629796387940,0.6176877021789551,-0.3527252376079559,0.0428298041224479,0.3465767800807953
1629796388050,0.6061006188392639,-0.3776531219482422,0.0361265204846859,0.3424367308616638
1629796388113,0.6399688720703125,-0.3459981381893158,0.0335830375552177,0.3745662569999695
1629796388224,0.691981852054596,-0.2920065224170685,0.0381461717188358,0.4197182655334472
1629796388349,0.691981852054596,-0.2482890188694,0.0504127517342567,0.4197182655334472
1629796388443,0.691981852054596,-0.2231480479240417,0.0695559233427047,0.4197182655334472
1629796388584,0.691981852054596,-0.2138733863830566,0.0906291306018829,0.4197182655334472
1629796388646,0.691981852054596,-0.217405080795288,0.1059637144207954,0.4197182655334472
1629796388724,0.5052453279495239,-0.2307301610708236,0.1129453405737876,0.6547001004219055
1629796388865,0.5311847925186157,-0.2482007890939712,0.1116975545883178,0.6181240677833557
1629796388974,0.573757529258728,-0.2615991234779358,0.0958359465003013,0.5983373522758484
1629796389099,0.6056644916534424,-0.2663410604000091,0.053243201225996,0.6005531549453735
1629796389180,0.6150331497192383,-0.2625636756420135,-0.0202601067721843,0.6180030703544617
1629796389227,0.6304743885993958,-0.2486092895269394,-0.1115701869130134,0.6527976989746094
1629796389337,0.7090192437171936,-0.2261086553335189,-0.1916073560714721,0.7218815088272095
1629796389462,0.8576430678367615,-0.203123465180397,-0.2384412735700607,0.8311934471130371
1629796389571,1.0055230855941772,-0.1918815672397613,-0.2595987617969513,0.943420946598053
1629796389727,1.1037918329238892,-0.1988921016454696,-0.272601842880249,1.021944284439087
1629796389758,1.1467058658599854,-0.2202119380235672,-0.288236528635025,1.0561774969100952
1629796389868,1.1487698554992676,-0.2447782158851623,-0.3211813569068908,1.0556293725967407
1629796389993,1.150922179222107,-0.2647669911384582,-0.3800935447216034,1.0519291162490845
1629796390102,1.174148440361023,-0.2778446078300476,-0.4515612125396728,1.0683963298797607
1629796390214,1.2005815505981443,-0.2818899750709533,-0.4848548471927643,1.0886905193328855
1629796390277,1.2289495468139648,-0.2650700211524963,-0.4281121790409088,1.1141589879989624
1629796390371,1.257703185081482,-0.2116309106349945,-0.2884467840194702,1.144392013549805
1629796390464,1.286936640739441,-0.135466381907463,-0.1294178366661071,1.177086353302002
1629796390589,1.3196065425872805,-0.0648780018091201,-0.0020130577031522,1.2108124494552612
1629796390730,1.3596681356430054,-0.0167614556849002,0.0785863772034645,1.245952606201172
1629796390808,1.4045053720474243,0.0109399808570742,0.1177165657281875,1.2809616327285769
1629796390933,1.4391465187072754,0.0280782934278249,0.1334975063800811,1.3061771392822266
1629796390995,1.4372528791427612,0.0399947613477706,0.1438201665878296,1.2991387844085691
1629796391105,1.373665452003479,0.0474938973784446,0.1564771831035614,1.2355101108551023
1629796391183,1.373665452003479,0.0553143322467803,0.1734549254179,1.2355101108551023
1629796391311,1.373665452003479,0.0694580152630806,0.1937308311462402,1.2355101108551023
1629796391404,1.373665452003479,0.0902043357491493,0.2163852006196975,1.2355101108551023
1629796391529,1.373665452003479,0.1127515658736229,0.2383562624454498,1.2355101108551023
1629796391623,1.373665452003479,0.1326568126678466,0.2553891837596893,1.2355101108551023
1629796391701,1.373665452003479,0.1481317728757858,0.2632851898670196,1.2355101108551023
1629796391811,1.373665452003479,0.1581898629665374,0.2596237957477569,1.2355101108551023
1629796391889,1.373665452003479,0.1646471172571182,0.2373517453670501,1.2355101108551023
1629796392045,1.373665452003479,0.172359436750412,0.1926791965961456,1.2355101108551023
1629796392107,1.373665452003479,0.1832036972045898,0.1336337327957153,1.2355101108551023
1629796392217,1.373665452003479,0.1915202289819717,0.0820238590240478,1.2355101108551023
1629796392313,1.373665452003479,0.1902460753917694,0.0571556761860847,1.2355101108551023
1629796392391,1.373665452003479,0.1795081496238708,0.0524357929825782,1.2355101108551023
1629796392500,1.373665452003479,0.1698224544525146,0.0481400415301322,1.2355101108551023
1629796392641,1.373665452003479,0.1714188307523727,0.0346223190426826,1.2355101108551023
1629796392797,1.373665452003479,0.1830293238162994,0.0108888251706957,1.2355101108551023
1629796392844,1.373665452003479,0.1935198605060577,-0.0182691309601068,1.2355101108551023
1629796392937,1.373665452003479,0.1949177235364914,-0.0431065261363983,1.2355101108551023
1629796393024,1.373665452003479,0.1880028247833252,-0.0504587702453136,1.2355101108551023
1629796393149,1.373665452003479,0.1776721477508545,-0.0364813581109046,1.2355101108551023
1629796393227,1.373665452003479,0.1675416082143783,-0.0124766584485769,1.2355101108551023
1629796393337,1.373665452003479,0.15686796605587,0.0086036035791039,1.2355101108551023
1629796393477,1.373665452003479,0.1374579221010208,0.0254608206450939,1.2355101108551023
1629796393540,1.373665452003479,0.1013407781720161,0.0404722541570663,1.2355101108551023
1629796393649,1.373665452003479,0.0492653660476207,0.0529257729649543,1.2355101108551023
1629796393727,1.373665452003479,-0.0026094152126461,0.0578945502638816,1.2355101108551023
1629796393837,1.373665452003479,-0.03670359775424,0.0555232986807823,1.2355101108551023
1629796393930,1.373665452003479,-0.0512046702206134,0.0508840307593345,1.2355101108551023
1629796394040,1.373665452003479,-0.0620009750127792,0.0475605241954326,1.2355101108551023
1629796394136,1.373665452003479,-0.0817697271704673,0.0444786697626113,1.2355101108551023
1629796394214,1.373665452003479,-0.1138858199119567,0.0410742871463298,1.2355101108551023
1629796394355,0.6825320720672607,-0.1454918533563614,0.0415753051638603,1.2355101108551023
1629796394480,0.6235650181770325,-0.1531839221715927,0.0461592487990856,1.2355101108551023
1629796394573,0.5699076056480408,-0.1266074329614639,0.0466902740299701,1.2355101108551023
1629796394636,0.4861046075820923,-0.0818374752998352,0.0345409885048866,0.3373856544494629
1629796394761,0.4818530082702636,-0.0431186147034168,0.0113954888656735,0.2801489233970642
1629796394823,0.4616920053958893,-0.020948426797986,-0.0113481068983674,0.2372891306877136
1629796394933,0.4474363625049591,-0.0111570274457335,-0.0240841824561357,0.2276609241962433
1629796395042,0.4530045390129089,-0.003406552132219,-0.0289913434535264,0.255882203578949
1629796395154,0.4790080785751343,0.0095014115795493,-0.0331653319299221,0.3096339106559753
1629796395279,0.5178972482681274,0.0268525350838899,-0.0350172743201255,0.3739766478538513
1629796395388,0.5576213598251343,0.0427704118192195,-0.0298598706722259,0.4351772367954254
1629796395419,0.5576213598251343,0.0521526075899601,-0.0176280289888381,0.4351772367954254
1629796395544,0.5576213598251343,0.055704329162836,-0.0032655890099704,0.4351772367954254
1629796395700,0.5576213598251343,0.0562877245247364,0.0135181276127696,0.4351772367954254
1629796395763,0.5576213598251343,0.0609377026557922,0.0389809682965278,0.4351772367954254
1629796395872,0.5780444145202637,0.0702004134654998,0.0706994831562042,0.437954306602478
1629796395982,0.5886826515197754,0.0745997801423072,0.0982986614108085,0.4408781230449676
1629796396060,0.5905382037162781,0.0637925863265991,0.1147772222757339,0.4529674649238586
1629796396140,0.5937548279762268,0.0370300635695457,0.122776873409748,0.4825349450111389
1629796396315,0.6120084524154663,0.0047297612763941,0.1278359293937683,0.5321462154388428
1629796396393,0.6502822637557983,-0.0207212474197149,0.1301548331975937,0.593286395072937
1629796396533,0.701306164264679,-0.0373673141002655,0.1269748359918594,0.6565315127372742
1629796396580,0.701306164264679,-0.0523195378482341,0.1200820431113243,0.6565315127372742
1629796396658,0.701306164264679,-0.0699252337217331,0.1156293302774429,0.6565315127372742
1629796396799,0.701306164264679,-0.0898024886846542,0.1153115406632423,0.6565315127372742
1629796396892,0.701306164264679,-0.1068648174405098,0.1156472861766815,0.6565315127372742
1629796397049,0.701306164264679,-0.114849179983139,0.1147779077291488,0.6565315127372742
1629796397111,0.701306164264679,-0.1127075627446174,0.1164095699787139,0.6565315127372742
1629796397174,0.701306164264679,-0.105570837855339,0.1213265210390091,0.6565315127372742
1629796397283,0.701306164264679,-0.1020588800311088,0.1209052205085754,0.6565315127372742
1629796397392,0.701306164264679,-0.1031519919633865,0.1064527928829193,0.6565315127372742
1629796397486,0.701306164264679,-0.0989375859498977,0.0789099186658859,0.6413484215736389
1629796397627,0.701306164264679,-0.0799668282270431,0.052685547620058,0.8095643520355225
1629796397752,1.1513417959213257,-0.0494132936000824,0.0437839403748512,0.9998819231987
1629796397814,1.2888031005859375,-0.0197526421397924,0.0524353347718715,0.9998819231987
1629796397955,1.3451517820358276,-0.0027071330696344,0.0635292828083038,0.9998819231987
1629796398017,1.34263014793396,-0.0007656837115064,0.062782384455204,0.9998819231987
1629796398127,1.34263014793396,-0.0080028781667351,0.0493447072803974,0.9998819231987
1629796398205,1.34263014793396,-0.0147904912009835,0.0329270176589489,0.9998819231987
1629796398411,1.34263014793396,-0.0152915054932236,0.0228411350399255,0.9998819231987
1629796398442,1.34263014793396,-0.0133283119648695,0.0220116768032312,0.9998819231987
1629796398536,1.2916388511657717,-0.0167369525879621,0.0256181079894304,0.9660499691963196
1629796398630,1.2554042339324951,-0.0258335899561643,0.0258763711899518,0.9660499691963196
1629796398708,1.2412065267562866,-0.0326900221407413,0.0209661517292261,1.009029984474182
1629796398864,1.244953989982605,-0.0350958853960037,0.0135796945542097,1.0598320960998535
1629796398911,1.2834484577178955,-0.0423893965780735,0.0059477682225406,1.278794765472412
1629796399098,1.3024165630340576,-0.0664462000131607,-0.0041830535046756,1.381587028503418
1629796399161,1.3097660541534424,-0.1070362776517868,-0.0214381273835897,1.395277976989746
1629796399223,1.2821027040481567,-0.1467320472002029,-0.0480172038078308,1.382479906082153
1629796399382,1.2167470455169678,-0.1657497584819793,-0.0778476148843765,1.334516525268555
1629796399429,1.1011419296264648,-0.1597355753183365,-0.1026289090514183,1.295748591423035
1629796399554,1.020248293876648,-0.1435416340827942,-0.1124558597803115,1.2566312551498413
1629796399616,0.9833447337150574,-0.1304941624403,-0.10564536601305,1.2147021293640137
1629796399757,0.94598388671875,-0.1256213635206222,-0.0876463055610656,1.1720876693725586
1629796399804,0.9101065397262572,-0.1261036098003387,-0.0671878308057785,1.1311191320419312
1629796399960,0.8771972060203552,-0.1262856125831604,-0.0550941042602062,1.0931696891784668
1629796400069,0.8709918856620789,-0.1228070482611656,-0.0573765076696872,1.0821031332015991
1629796400163,0.8516071438789368,-0.1186358928680419,-0.0718059539794921,1.0500128269195557
1629796400272,0.8222517371177673,-0.1196833848953247,-0.0948692485690116,1.0228731632232666
1629796400366,0.7321242094039917,-0.1253798753023147,-0.1231891214847564,1.005136489868164
1629796400444,0.5717589855194092,-0.1228446587920188,-0.1492721885442733,0.90558922290802
1629796400569,0.3597762286663055,-0.1011383160948753,-0.1610326468944549,0.8945363759994507
1629796400663,0.3597762286663055,-0.0702948272228241,-0.1541737467050552,0.987076997756958
1629796400741,0.3597762286663055,-0.0511362180113792,-0.1388650238513946,0.987076997756958
1629796400835,0.3597762286663055,-0.0542959980666637,-0.1286015659570694,0.9808165431022644
1629796400994,0.2854385673999786,-0.0755054354667663,-0.124777540564537,0.9771469831466676
1629796401072,0.1961684226989746,-0.1008935794234275,-0.1235777139663696,0.9839272499084472
1629796401151,0.1225568801164627,-0.1205297857522964,-0.1257304847240448,1.005356788635254
1629796401236,0.0916067883372306,-0.1344740539789199,-0.1385267376899719,1.0212855339050293
1629796401345,0.1475604474544525,-0.1476472169160843,-0.1663697361946106,1.0356378555297852
1629796401439,0.1922269314527511,-0.1588547378778457,-0.2017982751131057,1.0493251085281372
1629796401519,0.2501173317432403,-0.1618700623512268,-0.2300876230001449,1.0642918348312378
1629796401628,0.2501173317432403,-0.1524633914232254,-0.2392505407333374,1.0796810388565063
1629796401753,0.2501173317432403,-0.1342321336269378,-0.2307663708925247,1.0955804586410522
1629796401892,0.2501173317432403,-0.1172640174627304,-0.2110265493392944,1.1208540201187134
1629796401970,0.8093618750572205,-0.1131473407149314,-0.1844546645879745,1.1597888469696045
1629796402077,1.0536092519760132,-0.12827929854393,-0.1545898765325546,1.191965103149414
1629796402140,1.1807695627212524,-0.1572639048099517,-0.1272356659173965,1.194682478904724
1629796402279,1.2315329313278198,-0.1856388300657272,-0.1061872094869613,1.2489800453186035
1629796402389,1.2312278747558594,-0.1982402801513672,-0.0918182209134101,1.2617123126983645
1629796402517,1.2312278747558594,-0.1888605058193206,-0.0807594805955886,1.2491071224212646
1629796402593,1.2312278747558594,-0.1659464985132217,-0.0704416558146476,1.225462794303894
1629796402672,1.2312278747558594,-0.1427098363637924,-0.0623845867812633,1.199797749519348
1629796402767,1.2312278747558594,-0.1230136230587959,-0.0568366162478923,1.1934053897857666
1629796402835,1.2328975200653076,-0.0998205542564392,-0.049561757594347,1.1931740045547483
1629796403007,1.2379992008209229,-0.0679617449641227,-0.032514464110136,1.1972249746322632
1629796403085,1.2423245906829834,-0.0347758792340755,0.0001857077586464,1.2006359100341797
1629796403183,1.200292706489563,-0.0138751287013292,0.0427603721618652,1.2006797790527344
1629796403297,1.160891056060791,-0.014372007921338,0.0823921635746955,1.1957603693008425
1629796403375,1.1238998174667358,-0.0328926593065261,0.1074896827340126,1.1779991388320925
1629796403484,1.0636566877365112,-0.0597090274095535,0.1137435138225555,1.131165623664856
1629796403583,0.9501073956489564,-0.0861473828554153,0.1039156764745712,1.0416178703308103
1629796403686,0.774933934211731,-0.1082605719566345,0.0858114361763,0.9114263653755188
1629796403795,0.559985876083374,-0.1231705471873283,0.0686488226056099,0.7694821953773499
1629796403857,0.4009381830692291,-0.1255970746278762,0.0620745308697223,0.6755233407020569
1629796403998,0.4866969585418701,-0.1149994879961013,0.0803174674510955,0.6821821928024292
1629796404075,0.4866969585418701,-0.09588323533535,0.1265477538108825,0.6836549043655396
1629796404219,0.4866969585418701,-0.0727357491850853,0.1867375075817108,0.7005334496498108
1629796404329,0.4866969585418701,-0.0518118701875209,0.2374564260244369,0.715447187423706
1629796404375,0.4960487782955169,-0.0418213158845901,0.2649407684803009,0.717768669128418
1629796404500,0.4946397542953491,-0.0502723418176174,0.2682550847530365,0.7049025297164917
1629796404594,0.4888820648193359,-0.0777985230088234,0.2519559562206268,0.6849881410598755
1629796404690,0.4909201562404632,-0.1150985956192016,0.2222286164760589,0.6722432374954224
1629796404847,0.5103632807731628,-0.1477427780628204,0.1874370723962783,0.6790472269058228
1629796404956,0.548084557056427,-0.1678980886936187,0.1569641530513763,0.7098621129989624
1629796405003,0.5758973956108093,-0.1741437166929245,0.1371109187602996,0.7585168480873108
1629796405112,0.6039945483207703,-0.1649513840675354,0.1263371556997299,0.7992208003997803
1629796405175,0.6174411773681641,-0.1430973559617996,0.1182814016938209,0.8185412287712097
1629796405302,0.6021064519882202,-0.1197752505540847,0.1071571707725524,0.8082296848297119
1629796405442,0.5463759899139404,-0.1080786883831024,0.0890837758779525,0.7603803277015686
1629796405521,0.436132401227951,-0.1073171347379684,0.0514859668910503,0.641133725643158
1629796405635,0.5688413977622986,-0.1020639091730117,-0.0199676156044006,0.6917104721069336
1629796405744,0.5688413977622986,-0.08145222812891,-0.1343501508235931,0.6917104721069336
1629796405807,0.5688413977622986,-0.0500919409096241,-0.2777506411075592,0.6917104721069336
1629796405916,0.5688413977622986,-0.0189288686960935,-0.4051253497600555,0.7320314049720764
1629796406060,0.5688413977622986,0.0075725773349404,-0.4697943925857544,0.7222808003425598
1629796406123,0.5688413977622986,0.0312299691140651,-0.4767235517501831,0.6953704953193665
1629796406232,0.5496008992195129,0.0517806261777877,-0.4578457474708557,0.6773194670677185
1629796406341,0.5572750568389893,0.0690334364771843,-0.4229010343551636,0.6786251068115234
1629796406451,0.5572750568389893,0.0863666906952858,-0.3513191342353821,0.6970481276512146
1629796406513,0.5706807374954224,0.1101383343338966,-0.2379993349313736,0.728321373462677
1629796406669,0.582733154296875,0.141678899526596,-0.1102739572525024,0.7650673985481262
1629796406794,0.6050630807876587,0.1778091937303543,-0.0029962360858917,0.7725591063499451
1629796406904,0.6489860415458679,0.2128802835941314,0.0683699995279312,0.7880329489707947
1629796406982,0.7091174721717834,0.2432589530944824,0.1056729257106781,0.8104484677314758
1629796407078,0.7091174721717834,0.2704273760318756,0.1204564422369003,0.8264827728271484
1629796407157,0.7091174721717834,0.2965726554393768,0.1262003481388092,0.8145495057106018
1629796407297,0.7091174721717834,0.3192290365695953,0.1317950040102005,0.8145495057106018
1629796407360,0.7091174721717834,0.33270063996315,0.138942152261734,0.8145495057106018
1629796407453,0.7091174721717834,0.3329822719097137,0.1451221853494644,0.7929129004478455
1629796407546,0.7091174721717834,0.3226512670516968,0.1475900560617447,0.8144108057022095
1629796407640,0.7091174721717834,0.3087193965911865,0.1466188132762909,0.8695693612098694
1629796407718,0.7091174721717834,0.2964898347854614,0.1442525088787078,0.9331167340278624
1629796407879,0.7091174721717834,0.2867910265922546,0.1412703096866607,0.9331167340278624
1629796408004,0.7091174721717834,0.2774108350276947,0.1315714865922927,0.9331167340278624
1629796408067,0.7091174721717834,0.2635863721370697,0.1064577549695968,0.9331167340278624
1629796408192,0.7091174721717834,0.2412246465682983,0.0618972852826118,0.9331167340278624
1629796408285,0.7091174721717834,0.2089458405971527,0.0042206025682389,0.9331167340278624
1629796408379,0.6781599521636963,0.1704667508602142,-0.0533661916851997,1.0146379470825195
1629796408504,0.7308256030082703,0.1304225623607635,-0.0988764762878418,1.055467963218689
1629796408614,0.8639942407608032,0.0828043147921562,-0.1265992373228073,1.1267908811569214
1629796408692,1.0621328353881836,0.0119980284944176,-0.1362034827470779,1.1267908811569214
1629796408770,1.2331501245498655,-0.0903235971927642,-0.1311786770820617,1.1267908811569214
1629796408863,1.3368384838104248,-0.2108913362026214,-0.1186118051409721,1.1267908811569214
1629796408942,1.3762454986572266,-0.3094231784343719,-0.1046712175011634,1.1267908811569214
1629796409082,1.3762454986572266,-0.3553986549377441,-0.092305488884449,1.1267908811569214
1629796409244,1.3762454986572266,-0.3637225925922394,-0.0813098400831222,1.1267908811569214
1629796409291,1.3762454986572266,-0.3621247410774231,-0.0726316347718238,1.1267908811569214
1629796409400,1.3762454986572266,-0.3607197701931,-0.0709911063313484,1.1267908811569214
1629796409463,1.3762454986572266,-0.3628014624118805,-0.0791961848735809,1.1267908811569214
1629796409588,1.4179389476776123,-0.370255708694458,-0.0972019359469413,1.1850686073303225
1629796409669,1.4609628915786743,-0.3842751383781433,-0.1120162159204483,1.2287331819534302
1629796409825,1.5073699951171875,-0.4043804407119751,-0.1025501415133476,1.2287331819534302
1629796409934,1.561805009841919,-0.4294049739837646,-0.0620013661682605,1.2287331819534302
1629796409981,1.6251388788223269,-0.4568092226982116,-0.0104045392945408,1.2287331819534302
1629796410059,1.6856311559677124,-0.4815559685230255,0.0278418287634849,1.2287331819534302
1629796410156,1.6856311559677124,-0.4972339272499084,0.0412078388035297,1.2287331819534302
1629796410344,1.6856311559677124,-0.4976136982440948,0.0382572524249553,1.2287331819534302
1629796410391,1.6856311559677124,-0.4803405404090881,0.0397207103669643,1.2287331819534302
1629796410532,1.6856311559677124,-0.4536224007606506,0.0576735399663448,1.2287331819534302
1629796410595,1.6856311559677124,-0.4334985315799713,0.0848161652684211,1.2287331819534302
1629796410674,1.6856311559677124,-0.4300346076488495,0.1056018993258476,1.2287331819534302
1629796410767,1.6856311559677124,-0.4406644403934479,0.1165409088134765,1.2287331819534302
1629796410955,1.6856311559677124,-0.4558605253696441,0.1259982585906982,1.2287331819534302
1629796411034,1.6856311559677124,-0.4683950245380401,0.1403454095125198,1.2287331819534302
1629796411064,1.6856311559677124,-0.4761130511760711,0.1552165299654007,0.6924397945404053
1629796411222,1.6856311559677124,-0.4751339256763458,0.159553661942482,0.7185325026512146
1629796411299,0.7319614291191101,-0.4639148712158203,0.1467109322547912,0.7773032188415527
1629796411361,0.7986034750938416,-0.4359365403652191,0.1230910569429397,0.8388287425041199
1629796411521,0.8306670784950256,-0.3937089443206787,0.1067517772316932,0.8844394087791443
1629796411632,0.8306670784950256,-0.3410321176052093,0.1165251210331916,0.9087263941764832
1629796411706,0.8306670784950256,-0.2901397943496704,0.1572342216968536,0.9158266186714172
1629796411786,0.8306670784950256,-0.2832586169242859,0.2162109911441803,0.9158266186714172
1629796411895,0.8306670784950256,-0.2836522161960602,0.273233950138092,0.9158266186714172
1629796412033,0.8306670784950256,-0.2902842164039612,0.3151428997516632,0.9158266186714172
1629796412131,0.8306670784950256,-0.2940147817134857,0.3389433324337005,0.9158266186714172
1629796412225,0.8306670784950256,-0.283337652683258,0.3478800654411316,0.9158266186714172
1629796412301,0.8063031435012817,-0.2543014883995056,0.3477345407009125,0.9138917922973632
1629796412442,0.8517069816589355,-0.1242009699344635,0.3412755131721496,1.1657648086547852
1629796412535,0.8517069816589355,-0.0509614013135433,0.32895028591156,1.2535079717636108
1629796412582,0.8517069816589355,-0.011184150353074,0.3145607709884643,1.293907880783081
1629796412735,0.8517069816589355,0.0138863818719983,0.3031529486179352,1.33372700214386
1629796412813,0.8517069816589355,0.0339496210217475,0.2955817282199859,1.371588945388794
1629796412937,0.8517069816589355,0.0410729683935642,0.2878490686416626,1.4109503030776978
1629796412999,0.8517069816589355,0.0342849306762218,0.275520771741867,1.3756234645843506
1629796413150,0.8517069816589355,0.021946370601654,0.2539237141609192,1.3397163152694702
1629796413201,0.8517069816589355,0.0210892017930746,0.2173472940921783,1.3073879480361938
1629796413343,0.2281004786491394,0.0378846563398838,0.1566169708967209,1.2382829189300537
1629796413452,0.4035168290138244,0.053504329174757,0.065119631588459,1.196009635925293
1629796413608,0.6283578872680664,0.0653930082917213,-0.0481347888708114,1.1811269521713257
1629796413671,0.8111106753349304,0.0793100520968437,-0.1469157636165619,1.1805005073547363
1629796413751,0.9279032945632936,0.0980472862720489,-0.1782729774713516,1.1784838438034058
1629796413829,0.9833929538726808,0.1152315214276313,-0.1462878733873367,1.167007565498352
1629796413986,0.99413001537323,0.1123433113098144,-0.0924490317702293,0.985958456993103
1629796414048,0.99413001537323,0.1142613291740417,-0.0333920642733573,0.8708661794662476
1629796414189,0.99413001537323,0.1272277384996414,0.0307439155876636,0.8893529176712036
1629796414254,0.99413001537323,0.1484588831663131,0.091182567179203,0.9166720509529114
1629796414347,0.99413001537323,0.1695451289415359,0.1397214084863662,0.9166720509529114
1629796414457,0.99413001537323,0.1865716278553009,0.1718426048755645,0.9166720509529114
1629796414566,1.031689167022705,0.1981866061687469,0.1968381106853485,0.9393285512924194
1629796414644,1.0766533613204956,0.2034586519002914,0.2309396266937255,0.9678276181221008
1629796414769,1.1286909580230713,0.2002817690372467,0.2790600955486297,1.0023702383041382
1629796414864,1.1851366758346558,0.1887082457542419,0.3310330212116241,1.0377159118652344
1629796414958,1.2355079650878906,0.1719268262386322,0.373315691947937,1.0611422061920166
1629796415052,1.26220965385437,0.1510982364416122,0.3967369794845581,1.0613582134246826
1629796415203,1.26220965385437,0.1230812817811966,0.4017714262008667,1.0390465259552002
1629796415281,1.26220965385437,0.0847222283482551,0.3935522735118866,1.0102434158325195
1629796415359,1.26220965385437,0.0397003591060638,0.377985268831253,1.004722237586975
1629796415452,1.26220965385437,-0.0018172248965129,0.3603839874267578,1.004722237586975
1629796415531,1.26220965385437,-0.0369883701205253,0.3401063084602356,1.004722237586975
1629796415640,1.26220965385437,-0.0763292834162712,0.3132837116718292,1.004722237586975
1629796415798,1.26220965385437,-0.1271132826805114,0.280710220336914,1.004722237586975
1629796415891,-0.1746253669261932,-0.1816257983446121,0.2469398230314254,0.3171318471431732
1629796415985,-0.1151208505034446,-0.22522734105587,0.217193454504013,0.3370559811592102
1629796416063,-0.0298880282789468,-0.2537853717803955,0.1858246922492981,0.3605436384677887
1629796416204,-0.0298880282789468,-0.2772472500801086,0.1368371695280075,0.3605436384677887
1629796416282,-0.0298880282789468,-0.3014718890190124,0.0587447918951511,0.3605436384677887
1629796416407,-0.0298880282789468,-0.3204883635044098,-0.0429598875343799,0.3605436384677887
1629796416501,0.8877173662185669,-0.3247051537036896,-0.1425522118806839,0.3605436384677887
1629796416610,0.8877173662185669,-0.3089797496795654,-0.2054474949836731,0.3605436384677887
1629796416706,0.8877173662185669,-0.2785559594631195,-0.2288483828306198,0.3605436384677887
1629796416768,0.8877173662185669,-0.2438368052244186,-0.2351350039243698,0.3605436384677887
1629796416862,0.8877173662185669,-0.212493896484375,-0.2303488403558731,0.3605436384677887
1629796417018,0.8877173662185669,-0.187204971909523,-0.2152377516031265,0.3605436384677887
1629796417129,0.950000524520874,-0.1700306385755539,-0.193789392709732,0.3917260468006134
1629796417223,0.9757607579231262,-0.1626195311546325,-0.1759147346019745,0.4177213907241821
1629796417270,1.0497156381607056,-0.1639661192893982,-0.1687781810760498,0.4177213907241821
1629796417395,1.139880657196045,-0.1701569855213165,-0.1702114641666412,0.4177213907241821
1629796417473,1.139880657196045,-0.1704246401786804,-0.1673335283994674,0.4177213907241821
1629796417645,1.139880657196045,-0.1558044999837875,-0.1504158228635788,0.4177213907241821
1629796417707,1.139880657196045,-0.1307204663753509,-0.1255336850881576,0.4177213907241821
1629796417864,1.139880657196045,-0.1092803701758384,-0.1097353026270866,0.4177213907241821
1629796417910,1.139880657196045,-0.1002185642719268,-0.1120776087045669,0.4177213907241821
1629796417988,1.139880657196045,-0.1021207943558693,-0.1198737919330596,0.4177213907241821
1629796418113,1.139880657196045,-0.1086660847067833,-0.109712116420269,0.4177213907241821
1629796418254,1.139880657196045,-0.1147938445210456,-0.071874625980854,0.4177213907241821
1629796418348,1.139880657196045,-0.1162561401724815,-0.0190281886607408,0.4177213907241821
1629796418457,1.139880657196045,-0.1108693331480026,0.030494850128889,0.4177213907241821
1629796418488,1.139880657196045,-0.1048231273889541,0.0697972029447555,0.4177213907241821
1629796418629,1.139880657196045,-0.103234477341175,0.099826343357563,0.4177213907241821
1629796418691,1.139880657196045,-0.1058283299207687,0.1224974542856216,0.4177213907241821
1629796418879,1.139880657196045,-0.1092030256986618,0.1390972584486007,0.4177213907241821
1629796418941,1.139880657196045,-0.1089856177568435,0.1501210182905197,0.4177213907241821
1629796419020,1.139880657196045,-0.1019064262509346,0.1561430990695953,0.4177213907241821
1629796419162,1.139880657196045,-0.0877226665616035,0.1585350632667541,1.4085277318954468
1629796419210,1.139880657196045,-0.0714142695069313,0.1580071002244949,1.591075778007507
1629796419317,1.139880657196045,-0.057997353374958,0.1571026593446731,1.6648199558258057
1629796419426,1.139880657196045,-0.0491810590028762,0.1555667221546173,1.6707948446273804
1629796419535,1.139880657196045,-0.0457744300365448,0.1484361439943313,1.6707948446273804
1629796419614,1.139880657196045,-0.0496183112263679,0.1307419240474701,1.6707948446273804
1629796419738,1.139880657196045,-0.0605028830468654,0.101669006049633,1.6707948446273804
1629796419848,1.139880657196045,-0.074352391064167,0.0645534619688987,1.6707948446273804
1629796419941,1.139880657196045,-0.0865673795342445,0.0227570924907922,1.6187337636947632
1629796420069,1.139880657196045,-0.0914294123649597,-0.0247033573687076,1.6089965105056765
1629796420132,1.139880657196045,-0.0840860307216644,-0.0777419954538345,1.607354760169983
1629796420257,1.139880657196045,-0.0582799427211284,-0.127198114991188,1.6283860206604004
1629796420351,1.139880657196045,-0.0197355020791292,-0.156680479645729,1.6283860206604004
1629796420429,1.139880657196045,0.0139835318550467,-0.1571381092071533,1.6283860206604004
1629796420538,1.139880657196045,0.0244594514369964,-0.140605628490448,1.6283860206604004
1629796420673,1.139880657196045,0.0042331968434154,-0.1253952234983444,1.5823413133621216
1629796420752,1.139880657196045,-0.038089632987976,-0.1177464574575424,1.4649714231491089
1629796420878,1.139880657196045,-0.0837793052196502,-0.1179705783724784,1.2682291269302368
1629796420973,1.139880657196045,-0.1178323104977607,-0.1227741315960884,1.0214452743530271
1629796421052,1.139880657196045,-0.1378464102745056,-0.1272445917129516,1.0214452743530271
1629796421145,1.139880657196045,-0.1470295488834381,-0.1276516616344452,1.0214452743530271
1629796421239,1.139880657196045,-0.1455707848072052,-0.1260471194982528,0.9749848246574402
1629796421349,1.139880657196045,-0.134341761469841,-0.1282491832971573,0.9353299140930176
1629796421460,0.5160698294639587,-0.1176411733031272,-0.1341839879751205,0.9483184218406676
1629796421554,0.5981881618499756,-0.1009867489337921,-0.1328570246696472,0.9963485598564148
1629796421664,0.7602453231811523,-0.0850153192877769,-0.1143018752336502,1.0748229026794434
1629796421742,0.8959886431694031,-0.0774859935045242,-0.0864603519439697,1.1056933403015137
1629796421900,0.9712676405906676,-0.0855630487203598,-0.0685756802558898,1.167524337768555
1629796422018,0.9905130863189696,-0.1098766177892685,-0.0722860172390937,1.1801064014434814
1629796422056,0.9905130863189696,-0.1396020650863647,-0.095375582575798,1.1801064014434814
1629796422153,0.9905130863189696,-0.1581919640302658,-0.1250749826431274,1.1801064014434814
1629796422247,0.9905130863189696,-0.1552771925926208,-0.1463230103254318,1.1801064014434814
1629796422339,0.9905130863189696,-0.1308312267065048,-0.1458113193511963,1.1801064014434814
1629796422476,0.9905130863189696,-0.0947566404938697,-0.1238174214959144,1.1801064014434814
1629796422631,0.9905130863189696,-0.0627513453364372,-0.0943823233246803,1.1801064014434814
1629796422678,0.9905130863189696,-0.0457829758524894,-0.071170762181282,1.1801064014434814
1629796422786,1.028819918632507,-0.0471728928387165,-0.0539231784641742,1.219127535820007
1629796422864,1.078330397605896,-0.065103031694889,-0.0330607071518898,1.2688915729522705
1629796422973,1.1384689807891846,-0.0944712981581687,-0.0061807599849998,1.3237086534500122
1629796423105,1.1932178735733032,-0.1277429908514022,0.0130416536703705,1.368098258972168
1629796423183,1.1932178735733032,-0.1621281951665878,0.0138334920629858,1.368098258972168
1629796423293,1.1932178735733032,-0.1979941129684448,-0.0013820683816447,1.368098258972168
1629796423433,1.1932178735733032,-0.2315552532672882,-0.0194621793925762,1.368098258972168
1629796423479,1.1932178735733032,-0.2496517300605774,-0.0304830390959978,1.368098258972168
1629796423590,1.1932178735733032,-0.2403371781110763,-0.0348428003489971,1.368098258972168
1629796423720,1.1932178735733032,-0.2083115726709365,-0.038856852799654,1.368098258972168
1629796423798,1.1932178735733032,-0.1742514669895172,-0.0473235882818698,1.368098258972168
1629796423923,1.1932178735733032,-0.1572646349668502,-0.0650633573532104,1.368098258972168
1629796423970,1.1932178735733032,-0.1636536717414856,-0.0938896387815475,1.368098258972168
1629796424102,1.1932178735733032,-0.181514173746109,-0.1289393156766891,1.368098258972168
1629796424180,1.1932178735733032,-0.1946990936994552,-0.1600151509046554,1.368098258972168
1629796424352,1.1932178735733032,-0.1971432566642761,-0.1832208037376403,1.368098258972168
1629796424445,1.1932178735733032,-0.1918519884347915,-0.2049918621778488,1.368098258972168
1629796424523,1.1932178735733032,-0.1848765760660171,-0.231911227107048,1.1928836107254028
1629796424610,1.1932178735733032,-0.1826792359352111,-0.253453254699707,1.141107439994812
1629796424673,1.1932178735733032,-0.1909621953964233,-0.2527306079864502,1.141107439994812
1629796424785,1.1932178735733032,-0.2078802287578582,-0.2249836921691894,1.206913948059082
1629796424909,1.1932178735733032,-0.2240744829177856,-0.1837571412324905,1.206913948059082
1629796425022,1.1932178735733032,-0.2322909832000732,-0.1467577219009399,1.206913948059082
1629796425097,1.1932178735733032,-0.2312254309654235,-0.1219863072037696,1.206913948059082
1629796425208,1.1932178735733032,-0.2190820574760437,-0.11017407476902,1.206913948059082
1629796425329,1.1932178735733032,-0.1952415853738784,-0.1072911471128463,1.206913948059082
1629796425420,1.1932178735733032,-0.1662351489067077,-0.1090941950678825,1.206913948059082
1629796425529,1.1932178735733032,-0.1397366672754287,-0.1123782396316528,1.206913948059082
1629796425623,1.1932178735733032,-0.1190771237015724,-0.1176686361432075,1.206913948059082
1629796425747,1.1932178735733032,-0.1027786657214164,-0.1269484311342239,1.206913948059082
1629796425840,1.1932178735733032,-0.0879914835095405,-0.1414941251277923,1.206913948059082
1629796425916,1.1932178735733032,-0.0740725249052047,-0.159607708454132,0.6882929801940918
1629796425980,1.1932178735733032,-0.0598549433052539,-0.1756300032138824,0.6864234209060669
1629796426153,1.1932178735733032,-0.0431310310959816,-0.1832148730754852,0.7044788599014282
1629796426229,0.8504168391227722,-0.0223701037466526,-0.1764512807130813,0.7547494769096375
1629796426336,0.8504168391227722,-0.0009183838847093,-0.1532179415225982,0.7547494769096375
1629796426445,0.8504168391227722,0.0146266035735607,-0.1141488701105117,0.7547494769096375
1629796426523,0.8504168391227722,0.0200671032071113,-0.0647573545575141,0.7547494769096375
1629796426586,0.8504168391227722,0.0178052578121423,-0.0140494648367166,0.7547494769096375
1629796426804,0.8504168391227722,0.0121609410271048,0.0299087204039096,0.7547494769096375
1629796426836,0.8504168391227722,0.0059130736626684,0.0619956478476524,0.7547494769096375
1629796426966,0.8504168391227722,0.0002256713632959,0.0820658057928085,0.7547494769096375
1629796427103,0.8504168391227722,-0.0039020024705678,0.0945465564727783,0.7547494769096375
1629796427150,0.8504168391227722,-0.0039253770373761,0.1045640483498573,0.7547494769096375
1629796427244,0.8504168391227722,0.0026902777608484,0.113644815981388,0.7547494769096375
1629796427400,0.8504168391227722,0.0164823848754167,0.1219059750437736,0.8154007792472839
1629796427486,0.8504168391227722,0.0316640883684158,0.1290643960237503,0.8154007792472839
1629796427548,0.8504168391227722,0.0402762591838836,0.1351419240236282,0.8154007792472839
1629796427626,0.8504168391227722,0.0380116924643516,0.1377576738595962,0.8154007792472839
1629796427737,0.8504168391227722,0.0261734575033187,0.1296567022800445,0.8154007792472839
1629796427815,0.8504168391227722,0.0130351046100258,0.1048768758773803,0.8154007792472839
1629796428002,0.8504168391227722,0.0087371300905942,0.0628757551312446,0.8154007792472839
1629796428049,0.8504168391227722,0.0157424993813037,0.0104095321148633,0.8154007792472839
1629796428207,0.8504168391227722,0.0241908635944128,-0.0429587103426456,0.8154007792472839
1629796428269,0.8504168391227722,0.0192365422844886,-0.0898608565330505,0.8154007792472839
1629796428363,0.8504168391227722,-0.0047198506072163,-0.1251657903194427,0.8154007792472839
1629796428426,0.8504168391227722,-0.0403371900320053,-0.14426851272583,0.8154007792472839
1629796428582,0.8504168391227722,-0.0744191855192184,-0.1447272896766662,0.8154007792472839
1629796428707,0.8504168391227722,-0.1007847487926483,-0.1265983432531356,0.8154007792472839
1629796428785,0.8504168391227722,-0.1236028671264648,-0.0955894589424133,0.8154007792472839
1629796428894,0.8504168391227722,-0.1499194502830505,-0.0660253465175628,0.8154007792472839
1629796428957,0.8504168391227722,-0.1800330430269241,-0.049733605235815,0.8121730089187622
1629796429082,0.8504168391227722,-0.2084026485681533,-0.0493338629603385,0.7454475164413452
1629796429207,0.8504168391227722,-0.2297858297824859,-0.0580467358231544,0.6593503952026367
1629796429318,0.8504168391227722,-0.2415672838687896,-0.0658052563667297,0.6593503952026367
1629796429396,0.8504168391227722,-0.2455877065658569,-0.0659564062952995,0.6593503952026367
1629796429482,0.8504168391227722,-0.2469192445278167,-0.0557467713952064,0.6593503952026367
1629796429560,0.8504168391227722,-0.2479656785726547,-0.0353788360953331,0.6593503952026367
1629796429685,0.8504168391227722,-0.2515247464179992,-0.0108179003000259,0.6593503952026367
1629796429857,0.8504168391227722,-0.2550534009933471,0.0108970757573843,0.6593503952026367
1629796429920,0.8504168391227722,-0.2513653934001922,0.0244566835463047,0.6593503952026367
1629796430013,0.8504168391227722,-0.2388959527015686,0.0296034961938858,0.6593503952026367
1629796430076,0.8504168391227722,-0.2240284979343414,0.0272920150309801,0.6593503952026367
1629796430170,0.8504168391227722,-0.214800477027893,0.0180539358407259,0.6593503952026367
1629796430298,0.8504168391227722,-0.2135039716958999,0.0039226245135068,0.6593503952026367
1629796430407,0.8504168391227722,-0.2124924212694168,-0.0073181893676519,0.6593503952026367
1629796430532,0.8504168391227722,-0.1912726312875747,-0.0082283457741141,0.6593503952026367
1629796430641,0.8504168391227722,-0.1361219733953476,0.0014445909764617,0.6593503952026367
1629796430719,0.8504168391227722,-0.0635387822985649,0.0131387049332261,0.6593503952026367
1629796430782,0.8504168391227722,-0.0047551956959068,0.018728082999587,0.6593503952026367
1629796430954,0.8504168391227722,0.0233958289027214,0.0129199093207716,0.6593503952026367
1629796431070,0.8504168391227722,0.023052604869008,-0.0082368804141879,0.6593503952026367
1629796431133,0.8504168391227722,0.0078869257122278,-0.0469392575323581,0.6593503952026367
1629796431202,0.8504168391227722,-0.009026332758367,-0.0981562659144401,0.6593503952026367
1629796431361,0.8504168391227722,-0.0221065953373909,-0.149658128619194,0.6593503952026367
1629796431420,0.8504168391227722,-0.0336654633283615,-0.1876420378684997,0.6593503952026367
1629796431497,0.8504168391227722,-0.0475034490227699,-0.2094753831624984,0.6593503952026367
1629796431656,0.8504168391227722,-0.0631356462836265,-0.2211095243692398,0.6593503952026367
1629796431718,0.8504168391227722,-0.0742992758750915,-0.231116309762001,0.6593503952026367
1629796431810,0.8504168391227722,-0.0719441026449203,-0.2407817989587783,0.6593503952026367
1629796431906,0.8504168391227722,-0.0548310056328773,-0.2505317330360412,0.6593503952026367
1629796432013,0.8504168391227722,-0.0384420081973075,-0.2635897099971771,0.6593503952026367
1629796432092,0.8504168391227722,-0.0437970384955406,-0.2849828898906708,0.6593503952026367
1629796432220,0.8504168391227722,-0.0748220831155777,-0.3127350509166717,0.6593503952026367
1629796432329,0.8504168391227722,-0.1099129617214202,-0.334492951631546,0.6593503952026367
1629796432423,0.8504168391227722,-0.1186079308390617,-0.3381539285182953,0.6593503952026367
1629796432519,0.8504168391227722,-0.0944153666496276,-0.326273113489151,0.6593503952026367
1629796432645,0.8504168391227722,-0.0571448616683483,-0.3115975856781006,0.6593503952026367
1629796432708,0.8504168391227722,-0.0214734468609094,-0.3002467155456543,0.6593503952026367
1629796432861,0.8504168391227722,0.0083113079890608,-0.2891132235527038,0.6593503952026367
1629796432994,0.8504168391227722,0.0297215729951858,-0.2738502025604248,0.6593503952026367
1629796433041,0.8504168391227722,0.0418739765882492,-0.2563724219799042,0.6593503952026367
1629796433169,0.8504168391227722,0.0501165278255939,-0.2401710450649261,0.6593503952026367
1629796433247,0.8504168391227722,0.0663968026638031,-0.2182885110378265,0.6593503952026367
1629796433341,0.8504168391227722,0.0993842408061027,-0.1752347499132156,0.6593503952026367
1629796433450,0.8504168391227722,0.1399092227220535,-0.1129661127924919,0.6593503952026367
1629796433560,0.8504168391227722,0.170085996389389,-0.0528537034988403,0.6593503952026367
1629796433622,0.8504168391227722,0.1801095008850097,-0.0132655706256628,0.6593503952026367
1629796433747,0.8504168391227722,0.1723595261573791,0.0047492538578808,0.6593503952026367
1629796433872,0.8504168391227722,0.1553961783647537,0.0089642517268657,0.6593503952026367
1629796433950,0.8504168391227722,0.1353201121091842,0.0074503389187157,0.6593503952026367
1629796434091,0.8504168391227722,0.1133767962455749,0.0063965125009417,0.6593503952026367
1629796434204,0.8504168391227722,0.0892349258065223,0.0133136138319969,0.6593503952026367
1629796434282,0.8504168391227722,0.0624202638864517,0.0312873497605323,0.6593503952026367
1629796434360,0.8504168391227722,0.0365740694105625,0.0532403886318206,0.6593503952026367
1629796434453,0.8504168391227722,0.0206027217209339,0.0708558186888694,0.6593503952026367
1629796434536,0.8504168391227722,0.0207234341651201,0.0829555317759513,0.9104302525520324
1629796434703,0.8504168391227722,0.0283062122762203,0.0947574377059936,0.9104302525520324
1629796434836,0.8504168391227722,0.0228761807084083,0.1077252477407455,0.9104302525520324
1629796434900,0.8504168391227722,-0.016422152519226,0.1141935884952545,0.9104302525520324
1629796434979,0.8504168391227722,-0.096212700009346,0.1086236387491226,0.9104302525520324
1629796435083,0.8504168391227722,-0.2011192291975021,0.0943453609943389,0.9104302525520324
1629796435145,0.8504168391227722,-0.290610671043396,0.0818137675523758,0.9104302525520324
1629796435277,0.8504168391227722,-0.3259134888648987,0.078676663339138,0.9104302525520324
1629796435412,0.8504168391227722,-0.3142635226249695,0.0833992362022399,0.9104302525520324
1629796435481,0.8504168391227722,-0.2885757386684418,0.0885970145463943,0.9104302525520324
1629796435554,0.8504168391227722,-0.2663916349411011,0.0885713398456573,0.9104302525520324
1629796435664,0.8504168391227722,-0.2416001856327057,0.0798123925924301,0.9104302525520324
1629796435758,0.8504168391227722,-0.192290723323822,0.0628634020686149,0.9104302525520324
1629796435947,0.8504168391227722,-0.1140802726149559,0.0431304462254047,0.9104302525520324
1629796435994,0.8504168391227722,-0.0336984694004058,0.0251053683459758,0.9104302525520324
1629796436101,0.8504168391227722,0.0228144768625497,0.0084619745612144,0.9104302525520324
1629796436196,0.8504168391227722,0.0485355705022811,-0.0144563447684049,0.9104302525520324
1629796436290,0.8504168391227722,0.0520730093121528,-0.0524300523102283,0.9104302525520324
1629796436337,0.8504168391227722,0.0470431968569755,-0.1103740409016609,0.9104302525520324
1629796436496,0.8504168391227722,0.0422189980745315,-0.185115247964859,0.9104302525520324
1629796436591,0.8504168391227722,0.0400401875376701,-0.2596220970153808,0.9104302525520324
1629796436668,0.8504168391227722,0.0399357862770557,-0.3098471760749817,0.9104302525520324
1629796436840,0.8504168391227722,0.0395153649151325,-0.3299253582954407,0.9104302525520324
1629796436885,0.8504168391227722,0.0404180251061916,-0.3363445103168487,0.9104302525520324
1629796436961,0.8504168391227722,0.0483642555773258,-0.3394659459590912,0.9104302525520324
1629796437135,0.8504168391227722,0.066364400088787,-0.3376345336437225,0.9104302525520324
1629796437211,0.8504168391227722,0.0879163220524787,-0.3289518654346466,0.9104302525520324
1629796437303,0.8504168391227722,0.1004845798015594,-0.3199795484542846,0.9104302525520324
1629796437427,0.8504168391227722,0.0958919003605842,-0.3190709352493286,1.6992287635803225
1629796437523,0.8504168391227722,0.0772504955530166,-0.3268437385559082,1.6777925491333008
1629796437600,0.8504168391227722,0.0568081736564636,-0.3351050615310669,1.6777925491333008
1629796437741,0.8504168391227722,0.0483835451304912,-0.3342922925949096,1.6777925491333008
1629796437818,0.8504168391227722,0.0557193681597709,-0.3216341137886047,1.6777925491333008
1629796437942,0.8504168391227722,0.0698773339390754,-0.3035355508327484,1.6039786338806152
1629796438033,0.8504168391227722,0.0822036638855934,-0.2894255518913269,1.5403693914413452
1629796438125,0.8504168391227722,0.0915801301598548,-0.2847801744937897,1.4862862825393677
1629796438204,0.8504168391227722,0.1009977459907531,-0.2892705202102661,1.4862862825393677
1629796438316,0.8504168391227722,0.1130375564098358,-0.291192352771759,1.4862862825393677
1629796438457,0.8504168391227722,0.1270085126161575,-0.2615340948104858,1.4862862825393677
1629796438517,0.8504168391227722,0.1392607688903808,-0.1867250353097915,1.4862862825393677
1629796438625,0.8504168391227722,0.1446153074502945,-0.0927013009786605,1.4091873168945312
1629796438704,0.8504168391227722,0.1395072937011718,-0.0156201031059026,1.3106707334518433
1629796438782,0.8504168391227722,0.1217344552278518,0.0297658368945121,1.2098308801651
1629796438939,0.8504168391227722,0.0920341983437538,0.0503108464181423,1.0511466264724731
1629796439019,0.8504168391227722,0.0570757612586021,0.0618799738585948,1.0511466264724731
1629796439130,0.8504168391227722,0.0283204242587089,0.0733683034777641,1.0511466264724731
1629796439224,0.8504168391227722,0.0157318860292434,0.0835814550518989,1.0511466264724731
1629796439335,0.8504168391227722,0.0217490699142217,0.0872365906834602,1.0511466264724731
1629796439429,0.8504168391227722,0.0430697426199913,0.0833441540598869,1.0511466264724731
1629796439522,0.8504168391227722,0.072706751525402,0.0779604613780975,1.0511466264724731
1629796439617,0.8504168391227722,0.1041233092546463,0.0800639614462852,1.0511466264724731
1629796439755,0.8504168391227722,0.132937490940094,0.0932834148406982,1.0511466264724731
1629796439851,0.8504168391227722,0.1546294689178466,0.1101024821400642,1.0511466264724731
1629796439929,0.8504168391227722,0.1634199023246765,0.1136591434478759,1.0511466264724731
1629796440054,0.8504168391227722,0.1565499603748321,0.0916383937001228,1.0511466264724731
1629796440167,0.8504168391227722,0.1405830532312393,0.0486430749297142,1.0511466264724731
1629796440276,0.8504168391227722,0.1271346807479858,0.0112657221034169,1.0511466264724731
1629796440369,0.8504168391227722,0.1247933134436607,0.0041388082318007,1.0511466264724731
1629796440463,0.8504168391227722,0.1333935260772705,0.0200401078909635,1.0511466264724731
1629796440556,0.8504168391227722,0.1475294530391693,0.0342970751225948,1.0511466264724731
1629796440637,0.8504168391227722,0.1632048636674881,0.0380533784627914,1.0511466264724731
1629796440763,0.8504168391227722,0.1823697239160537,0.0410254187881946,1.0511466264724731
1629796440871,0.8504168391227722,0.2082870304584503,0.0531868115067482,1.0511466264724731
1629796440967,0.8504168391227722,0.2369292825460434,0.0720855593681335,1.0511466264724731
1629796441049,0.8504168391227722,0.2595071494579315,0.0885032787919044,1.0511466264724731
1629796441174,0.8504168391227722,0.2676088809967041,0.0936620756983757,1.0511466264724731
1629796441252,0.8504168391227722,0.260326087474823,0.0849648639559745,1.0511466264724731
1629796441377,0.8504168391227722,0.2438848316669464,0.06668072193861,1.0511466264724731
1629796441502,0.8504168391227722,0.228441834449768,0.0492472201585769,1.0511466264724731
1629796441596,0.8504168391227722,0.2221707999706268,0.0392761155962944,1.0511466264724731
1629796441658,0.8504168391227722,0.2246109992265701,0.0311329271644353,1.0511466264724731
1629796441752,0.8504168391227722,0.2295644283294677,0.0142232663929462,1.0511466264724731
1629796441861,0.8504168391227722,0.2313480079174041,-0.0091054877266287,1.0511466264724731
1629796442002,0.8504168391227722,0.2291009724140167,-0.0236202329397201,1.0511466264724731
1629796442111,0.8504168391227722,0.2237016856670379,-0.0226028244942426,1.0511466264724731
1629796442185,0.8504168391227722,0.2150812298059463,-0.0174934584647417,1.0511466264724731
1629796442263,0.8504168391227722,0.2001208215951919,-0.0250249616801738,1.0511466264724731
1629796442341,0.8504168391227722,0.1743622124195099,-0.0481584966182708,1.0511466264724731
1629796442451,0.8504168391227722,0.1387263834476471,-0.0750951692461967,1.0511466264724731
1629796442623,0.8504168391227722,0.1018864512443542,-0.0908552706241607,0.9560319781303406
1629796442669,0.8504168391227722,0.0772051066160202,-0.0842780321836471,0.9555882215499878
1629796442767,0.2266289144754409,0.070522740483284,-0.0598489120602607,0.9529477953910828
1629796442892,0.3214440941810608,0.0761720538139343,-0.0322192832827568,0.961603581905365
1629796443051,0.3214440941810608,0.0828489884734153,-0.0113617740571498,1.017408013343811
1629796443114,0.6802066564559937,0.0839788913726806,0.007446642499417,1.1425195932388306
1629796443226,0.6802066564559937,0.0800878703594207,0.032595332711935,1.28378427028656
1629796443351,0.6802066564559937,0.074079230427742,0.0624620951712131,1.388872146606445
1629796443413,0.6802066564559937,0.066569797694683,0.0856856778264045,1.442123532295227
1629796443491,0.6802066564559937,0.0557228103280067,0.0941582471132278,1.452698826789856
1629796443601,0.6802066564559937,0.0417916066944599,0.0908731445670127,1.439523458480835
1629796443757,0.6802066564559937,0.0267962366342544,0.0839051529765129,1.4188603162765503
1629796443835,0.6367357969284058,0.0089354738593101,0.0789112821221351,1.4165281057357788
1629796444004,0.5984519124031067,-0.0158692877739667,0.0758759230375289,1.4137283563613892
1629796444020,0.5971476435661316,-0.0471477173268795,0.0708136409521102,1.411445140838623
1629796444129,0.6077880263328552,-0.0807649865746498,0.0595883354544639,1.4108798503875732
1629796444241,0.6188676357269287,-0.1132238805294036,0.040322545915842,1.4115837812423706
1629796444288,0.6227757334709167,-0.1444331705570221,0.01627410762012,1.412073850631714
1629796444448,0.6294468641281128,-0.1730363816022873,-0.0044972188770771,1.4130406379699707
1629796444557,0.6294468641281128,-0.1935212612152099,-0.0157669894397258,1.4162814617156982
1629796444589,0.2852706611156463,-0.201380118727684,-0.0180547256022691,1.426958084106445
1629796444699,0.2852706611156463,-0.1972869783639907,-0.0163325723260641,1.3771709203720093
1629796444824,0.2852706611156463,-0.1857520341873169,-0.0171502418816089,1.295232176780701
1629796444902,0.2852706611156463,-0.169625923037529,-0.0230258256196975,1.208043098449707
1629796445042,0.2852706611156463,-0.1524901241064071,-0.0309263635426759,1.1550488471984863
1629796445152,0.2852706611156463,-0.1386173218488693,-0.0351697914302349,1.148295760154724
1629796445233,0.2852706611156463,-0.131758227944374,-0.0321716107428073,1.1675257682800293
1629796445295,0.3000093102455139,-0.1326526701450348,-0.0214023422449827,1.198685646057129
1629796445436,0.330849140882492,-0.1377696394920349,-0.0015522975008934,1.2345622777938845
1629796445530,0.330849140882492,-0.1426703184843063,0.0282941814512014,1.272976636886597
1629796445670,0.330849140882492,-0.1444847881793975,0.0630066394805908,1.3372070789337158
1629796445717,0.330849140882492,-0.1412579715251922,0.0917388722300529,1.4004980325698853
1629796445826,0.330849140882492,-0.1352275013923645,0.1081814467906951,1.4564858675003052
1629796445936,1.01332688331604,-0.1315594017505645,0.1136473938822746,1.4947800636291504
1629796446016,1.01332688331604,-0.1345956623554229,0.1106454581022262,1.497341275215149
1629796446125,1.01332688331604,-0.1487988084554672,0.0965598002076149,1.438248872756958
1629796446297,1.01332688331604,-0.1771776229143142,0.0677254498004913,1.438248872756958
1629796446369,1.01332688331604,-0.2143681496381759,0.0284357499331235,1.438248872756958
1629796446432,1.01332688331604,-0.2474359273910522,-0.0123299695551395,1.438248872756958
1629796446542,1.01332688331604,-0.2669412195682525,-0.0482424348592758,1.438248872756958
1629796446635,1.01332688331604,-0.2758499681949615,-0.0791607424616813,1.438248872756958
1629796446713,1.01332688331604,-0.2822466194629669,-0.1056718230247497,1.438248872756958
1629796446884,1.01332688331604,-0.2877435684204101,-0.126254454255104,1.438248872756958
1629796446978,1.01332688331604,-0.2914663553237915,-0.1430989056825637,1.438248872756958
1629796447070,1.01332688331604,-0.2966416478157043,-0.1634017676115036,1.438248872756958
1629796447166,1.01332688331604,-0.3077202439308166,-0.1928417235612869,1.439777970314026
1629796447228,1.01332688331604,-0.3266626298427582,-0.2304180711507797,1.439777970314026
1629796447368,1.01332688331604,-0.3487559854984283,-0.2705884277820587,1.439777970314026
1629796447493,1.01332688331604,-0.3649213910102844,-0.3113820552825928,1.439777970314026
1629796447540,1.01332688331604,-0.3715401887893677,-0.3507068157196045,1.439777970314026
1629796447654,1.01332688331604,-0.3726840913295746,-0.3831335008144378,1.439777970314026
1629796447753,1.01332688331604,-0.3704915046691894,-0.3983651101589203,1.439777970314026
1629796447847,1.01332688331604,-0.3677554130554199,-0.3949497938156128,1.439777970314026
1629796447956,1.01332688331604,-0.3698891699314117,-0.3795431554317474,1.439777970314026
1629796448066,1.01332688331604,-0.373548150062561,-0.3592618107795715,1.439777970314026
1629796448209,1.01332688331604,-0.365206629037857,-0.3353111147880554,1.439777970314026
1629796448283,1.01332688331604,-0.332909882068634,-0.3040967583656311,1.439777970314026
1629796448361,1.01332688331604,-0.2834349274635315,-0.2709944546222687,1.439777970314026
1629796448440,1.01332688331604,-0.2344831228256225,-0.2494839876890182,1.439777970314026
1629796448620,1.01332688331604,-0.1966247260570526,-0.2474759519100189,1.439777970314026
1629796448698,1.01332688331604,-0.1704317927360534,-0.2557983994483948,1.439777970314026
1629796448776,1.01332688331604,-0.1544813960790634,-0.257455974817276,1.439777970314026
1629796448900,1.01332688331604,-0.1485350430011749,-0.2457120418548584,1.439777970314026
1629796448995,1.01332688331604,-0.152194395661354,-0.2266342490911483,1.439777970314026
1629796449075,1.01332688331604,-0.160288393497467,-0.2078585922718048,1.439777970314026
1629796449153,1.01332688331604,-0.1639740616083145,-0.1894730180501938,1.439777970314026
1629796449293,1.01332688331604,-0.157309278845787,-0.1676011383533477,1.439777970314026
1629796449402,1.01332688331604,-0.1418485045433044,-0.1431754976511001,1.552631974220276
1629796449512,1.1504764556884766,-0.1243896856904029,-0.1206655949354171,1.5068697929382324
1629796449606,1.2143359184265137,-0.1146818473935127,-0.1004108041524887,1.3285589218139648
1629796449703,1.2143359184265137,-0.1155111566185951,-0.0840239152312278,1.3285589218139648
1629796449766,1.2143359184265137,-0.1229773312807083,-0.0776710957288742,1.3285589218139648
1629796449906,1.2143359184265137,-0.1298852264881134,-0.0841471031308174,1.3285589218139648
1629796450063,1.2143359184265137,-0.1278861165046692,-0.0902477577328682,1.3285589218139648
1629796450125,1.2143359184265137,-0.1118588894605636,-0.0736182332038879,1.3285589218139648
1629796450190,1.2143359184265137,-0.0861392170190811,-0.0329096987843513,1.3285589218139648
1629796450268,1.2143359184265137,-0.0598145984113216,0.0098450277000665,1.3285589218139648
1629796450378,1.2143359184265137,-0.0404400043189525,0.0369061194360256,1.3285589218139648
1629796450534,1.2143359184265137,-0.0279225911945104,0.0485087037086486,1.3285589218139648
1629796450612,1.2143359184265137,-0.0161594673991203,0.0528062507510185,1.3285589218139648
1629796450722,1.292669415473938,-0.0036440964322537,0.0550279542803764,1.3285589218139648
1629796450800,1.292669415473938,0.0085017150267958,0.0532419569790363,1.3285589218139648
1629796450893,1.292669415473938,0.0220106337219476,0.050165057182312,1.3285589218139648
1629796451018,1.292669415473938,0.0388101823627948,0.0577461719512939,1.3285589218139648
1629796451143,1.292669415473938,0.0600102916359901,0.0850769281387329,1.3285589218139648
1629796451287,1.292669415473938,0.0783682391047477,0.1296808123588562,1.3285589218139648
1629796451380,1.292669415473938,0.0855992585420608,0.1793678998947143,1.3285589218139648
1629796451427,1.292669415473938,0.081563115119934,0.2257705181837082,1.3285589218139648
1629796451599,1.292669415473938,0.0734042450785636,0.2640959918498993,1.3285589218139648
1629796451646,1.292669415473938,0.0684794262051582,0.2877631485462188,1.3285589218139648
1629796451740,1.292669415473938,0.0705072060227394,0.2922811806201935,1.3285589218139648
1629796451818,1.292669415473938,0.0764400213956832,0.2821778357028961,1.3285589218139648
1629796451958,1.292669415473938,0.082166351377964,0.2690764963626861,1.3285589218139648
1629796452037,1.292669415473938,0.0836062803864479,0.2617417871952057,1.3285589218139648
1629796452130,1.292669415473938,0.0773472189903259,0.2600312232971191,1.3285589218139648
1629796452195,1.292669415473938,0.0641483813524246,0.2603204548358917,1.3285589218139648
1629796452336,1.292669415473938,0.04496556147933,0.2607649266719818,1.3285589218139648
1629796452445,1.292669415473938,0.017466016113758,0.2579979002475738,0.993801772594452
1629796452549,1.292669415473938,-0.0179085899144411,0.2458858788013458,0.993801772594452
1629796452627,1.292669415473938,-0.0544318109750747,0.2195617109537124,0.993801772594452
1629796452705,1.292669415473938,-0.0791299641132354,0.1790441125631332,0.993801772594452
1629796452847,1.292669415473938,-0.0865366160869598,0.1309569776058197,0.993801772594452
1629796452962,1.292669415473938,-0.0885862708091735,0.0789304375648498,0.993801772594452
1629796453055,1.292669415473938,-0.1040742322802543,0.0189884789288043,0.993801772594452
1629796453149,1.292669415473938,-0.1422538012266159,-0.050714161247015,0.993801772594452
1629796453230,1.292669415473938,-0.1991056948900222,-0.116636537015438,0.993801772594452
1629796453386,1.292669415473938,-0.2584024667739868,-0.1617890745401382,0.993801772594452
1629796453433,1.292669415473938,-0.3026013970375061,-0.1868121474981308,0.993801772594452
1629796453558,1.292669415473938,-0.3221051394939422,-0.2072478234767913,0.993801772594452
1629796453683,1.292669415473938,-0.3223297894001007,-0.2309185862541198,0.993801772594452
1629796453745,1.292669415473938,-0.3156289458274841,-0.2581394910812378,0.993801772594452
1629796453839,1.292669415473938,-0.311982125043869,-0.2856565415859222,1.1592856645584106
1629796453964,1.292669415473938,-0.3105440735816955,-0.3078075051307678,1.1592856645584106
1629796454042,1.292669415473938,-0.2999902665615082,-0.3186804354190826,1.1592856645584106
1629796454182,1.292669415473938,-0.2639868855476379,-0.3165656924247741,1.1592856645584106
1629796454276,1.292669415473938,-0.1960521936416626,-0.3026574850082397,1.1592856645584106
1629796454354,1.292669415473938,-0.1147485896944999,-0.2834014296531677,1.1592856645584106
1629796454432,1.292669415473938,-0.0445958822965621,-0.2624838352203369,1.1592856645584106
1629796454557,1.292669415473938,0.0023671542294323,-0.2436957359313964,1.1592856645584106
1629796454667,1.292669415473938,0.0244198273867368,-0.2256433814764022,1.1592856645584106
1629796454839,1.292669415473938,0.0277881976217031,-0.2059256881475448,1.1592856645584106
1629796454901,1.292669415473938,0.0218115784227848,-0.1798424273729324,1.1592856645584106
1629796455010,1.292669415473938,0.0158003251999616,-0.1468667536973953,1.1592856645584106
1629796455060,0.5388796329498291,0.0148420594632625,-0.1122899651527404,1.0919392108917236
1629796455154,0.6498767137527466,0.0181994698941707,-0.0832681134343147,1.1000473499298096
1629796455283,0.7075468897819519,0.022571487352252,-0.063481904566288,1.1208585500717163
1629796455454,0.7247017025947571,0.0253866035491228,-0.0507996380329132,1.151379108428955
1629796455533,0.6768807172775269,0.0245545618236064,-0.0402094908058643,1.170104742050171
1629796455642,0.6768807172775269,0.0167439077049493,-0.0253129806369543,1.1834241151809692
1629796455689,0.6768807172775269,-0.0063017657957971,0.0058519542217254,1.219664216041565
1629796455767,1.0751439332962036,-0.0557095073163509,0.0643902570009231,1.2943142652511597
1629796455892,1.3226009607315063,-0.1339532732963562,0.1386039406061172,1.3808351755142212
1629796456064,1.3226009607315063,-0.2243824303150177,0.2044502794742584,1.3808351755142212
1629796456144,1.3226009607315063,-0.2917711734771728,0.2458965331315994,1.3808351755142212
1629796456191,1.3226009607315063,-0.3080655634403229,0.2617428600788116,1.3808351755142212
1629796456316,1.3226009607315063,-0.2870297729969024,0.2610888183116913,1.3808351755142212
1629796456394,1.3226009607315063,-0.2603031694889068,0.2530719041824341,1.3808351755142212
1629796456456,1.3226009607315063,-0.2464279383420944,0.240961879491806,1.3808351755142212
1629796456597,1.368478536605835,-0.24919094145298,0.226145327091217,1.412932276725769
1629796456722,1.3580973148345947,-0.2637924551963806,0.2108958065509796,1.403158187866211
1629796456800,1.3539819717407229,-0.2814670503139496,0.197835087776184,1.3892736434936523
1629796456894,1.3543047904968262,-0.2941009402275085,0.1874634027481079,1.3726166486740112
1629796457019,1.4252794981002808,-0.2981201708316803,0.1787184476852417,1.388861060142517
1629796457066,1.4252794981002808,-0.2979483008384704,0.1680627912282943,1.4088624715805054
1629796457225,1.4252794981002808,-0.2981228828430176,0.1454888731241226,1.412532925605774
1629796457350,1.3301516771316528,-0.2960798144340515,0.0966369658708572,1.341473937034607
1629796457412,1.3301516771316528,-0.2885299921035766,0.0167483575642108,1.341473937034607
1629796457522,1.3301516771316528,-0.2809163928031921,-0.082105666399002,1.341473937034607
1629796457600,1.3301516771316528,-0.2861973941326141,-0.1673775464296341,1.341473937034607
1629796457725,1.3301516771316528,-0.3116559386253357,-0.2116373181343078,1.341473937034607
1629796457865,1.3301516771316528,-0.3525061905384063,-0.216325968503952,1.341473937034607
1629796457928,1.3301516771316528,-0.3893424570560455,-0.1960585266351699,1.341473937034607
1629796458037,1.3301516771316528,-0.4037364423274994,-0.1589903235435485,1.341473937034607
1629796458131,1.3301516771316528,-0.3885165750980377,-0.1161568611860275,1.341473937034607
1629796458209,1.3301516771316528,-0.3485513031482696,-0.0798647701740264,1.341473937034607
1629796458334,1.3301516771316528,-0.2809031903743744,-0.0562732443213462,1.341473937034607
1629796458443,1.3301516771316528,-0.1809466034173965,-0.0455133728682994,1.341473937034607
1629796458537,1.3301516771316528,-0.068080723285675,-0.0438704118132591,1.341473937034607
1629796458631,1.3301516771316528,0.0266903135925531,-0.0433000549674034,1.341473937034607
1629796458724,1.3301516771316528,0.087085910141468,-0.0378314964473247,1.341473937034607
1629796458818,1.3301516771316528,0.113720491528511,-0.0294809062033891,1.341473937034607
1629796458913,1.3301516771316528,0.1183727830648422,-0.0247709490358829,1.341473937034607
1629796459109,1.3301516771316528,0.1141622886061668,-0.0266957897692918,1.341473937034607
1629796459172,1.3301516771316528,0.1099418997764587,-0.0333451889455318,1.341473937034607
1629796459219,1.3301516771316528,0.109593242406845,-0.0407479591667652,1.341473937034607
1629796459328,1.3301516771316528,0.1161501705646514,-0.0520695485174655,1.341473937034607
1629796459437,1.3301516771316528,0.1292528361082077,-0.073402963578701,1.262295126914978
1629796459562,1.3301516771316528,0.1447978615760803,-0.1061765700578689,1.262295126914978
1629796459685,1.3301516771316528,0.1559961587190628,-0.1444239467382431,1.262295126914978
1629796459764,1.3301516771316528,0.1592508107423782,-0.1770284324884414,1.262295126914978
1629796459842,1.3301516771316528,0.151270642876625,-0.1933445930480957,1.262295126914978
1629796459967,1.3301516771316528,0.1249225586652755,-0.1881974637508392,1.262295126914978
1629796460060,1.3301516771316528,0.0741101875901222,-0.1667703539133072,1.262295126914978
1629796460201,1.3301516771316528,0.0042569325305521,-0.1487306356430053,1.262295126914978
1629796460279,1.3301516771316528,-0.0657569095492363,-0.1527374386787414,1.262295126914978
1629796460404,1.3301516771316528,-0.1167516112327575,-0.1887518018484115,1.262295126914978
1629796460513,1.3301516771316528,-0.1470484882593155,-0.2522824704647064,1.262295126914978
1629796460560,1.3301516771316528,-0.164414644241333,-0.3206864595413208,1.262295126914978
1629796460623,1.3301516771316528,-0.1735469996929168,-0.3643756508827209,1.180592060089111
1629796460716,1.3301516771316528,-0.1765041202306747,-0.3661879897117615,1.0247300863265991
1629796460904,1.3301516771316528,-0.1822668313980102,-0.3329121768474579,0.7926774024963379
1629796460966,1.3301516771316528,-0.2025864273309707,-0.2809570133686065,0.5110136866569519
1629796461079,1.3301516771316528,-0.2402382045984268,-0.2238889783620834,0.5110136866569519
1629796461188,1.3301516771316528,-0.2844742834568023,-0.1722673177719116,0.5110136866569519
1629796461250,1.3301516771316528,-0.319588840007782,-0.1322366446256637,0.5110136866569519
1629796461329,1.3301516771316528,-0.3340261280536651,-0.1045626997947692,0.5110136866569519
1629796461500,1.3301516771316528,-0.324262410402298,-0.0870728120207786,0.5110136866569519
1629796461563,1.3301516771316528,-0.2964363992214203,-0.0794983059167862,0.5110136866569519
1629796461688,1.3301516771316528,-0.2637012004852295,-0.0774664133787155,0.5110136866569519
1629796461782,1.3301516771316528,-0.2405192703008651,-0.0736468955874443,0.5110136866569519
1629796461860,1.3301516771316528,-0.2302635908126831,-0.0617739260196685,0.5110136866569519
1629796461985,1.3301516771316528,-0.2281676828861236,-0.0414468683302402,0.5110136866569519
1629796462110,1.3301516771316528,-0.2308623045682907,-0.0174285471439361,0.5110136866569519
1629796462172,1.3301516771316528,-0.2378647625446319,0.004520668182522,0.5110136866569519
1629796462282,1.3301516771316528,-0.2497023791074752,0.0200456865131855,0.5110136866569519
1629796462406,1.3301516771316528,-0.2633172273635864,0.0304376482963562,0.5110136866569519
1629796462469,1.3301516771316528,-0.2696994543075561,0.0389601960778236,0.5110136866569519
1629796462750,1.3301516771316528,-0.243609994649887,0.0535669587552547,0.5110136866569519
1629796462813,1.3301516771316528,-0.2300203144550323,0.0516398809850215,0.5110136866569519
1629796462906,1.3301516771316528,-0.2375448644161224,0.0399128794670105,0.5110136866569519
1629796462984,1.3301516771316528,-0.2755433022975921,0.0207465924322605,0.5110136866569519
1629796463093,1.3301516771316528,-0.3378257751464844,0.000328068883391,0.5110136866569519
1629796463237,1.3301516771316528,-0.3930306136608124,-0.0164002645760774,0.5110136866569519
1629796463315,1.3301516771316528,-0.4037959575653076,-0.0276527181267738,0.5110136866569519
1629796463409,1.3301516771316528,-0.3730704188346863,-0.035624872893095,0.5110136866569519
1629796463550,1.3301516771316528,-0.3386642038822174,-0.0445767790079116,0.5110136866569519
1629796463628,1.3301516771316528,-0.320715844631195,-0.0569439679384231,0.5110136866569519
1629796463706,1.3301516771316528,-0.311737984418869,-0.064100258052349,0.5110136866569519
1629796463773,1.3301516771316528,-0.2917920053005218,-0.0487078838050365,0.5110136866569519
1629796463929,1.3301516771316528,-0.2494078874588012,-0.0078169209882617,0.5110136866569519
1629796464054,1.3301516771316528,-0.1970332860946655,0.0349650867283344,0.5110136866569519
1629796464117,1.3301516771316528,-0.1568684428930282,0.0556209236383438,0.5110136866569519
1629796464214,1.3301516771316528,-0.1379793882369995,0.0510991886258125,0.5110136866569519
1629796464292,1.3301516771316528,-0.1325935423374176,0.0359012112021446,0.5110136866569519
1629796464417,1.3301516771316528,-0.126968115568161,0.0275419205427169,0.5110136866569519
1629796464542,1.3301516771316528,-0.1143827736377716,0.0336711518466472,0.5110136866569519
1629796464636,1.3301516771316528,-0.1004433631896972,0.0516709126532077,0.5110136866569519
1629796464761,1.3301516771316528,-0.0930612608790397,0.075972780585289,0.5110136866569519
1629796464839,1.3967949151992798,-0.0911191254854202,0.0986438915133476,0.5110136866569519
1629796464932,1.3967949151992798,-0.0842429399490356,0.1133496165275573,0.5110136866569519
1629796465026,1.3967949151992798,-0.0618206486105918,0.1187636107206344,0.5110136866569519
1629796465151,1.3967949151992798,-0.0279895924031734,0.1161356568336486,0.5110136866569519
1629796465232,1.3967949151992798,0.0027892515063285,0.1040763184428215,0.5110136866569519
1629796465326,1.3967949151992798,0.0178808979690074,0.0765027999877929,0.5110136866569519
1629796465435,1.3967949151992798,0.0121231619268655,0.0292674805968999,0.5110136866569519
1629796465544,1.3967949151992798,-0.0098533229902386,-0.0279319528490304,0.5110136866569519
1629796465654,1.3967949151992798,-0.0344192199409008,-0.0740158483386039,1.7457727193832395
1629796465779,1.3967949151992798,-0.0430662259459495,-0.0954535529017448,1.661994218826294
1629796465857,1.3762129545211792,-0.0245446991175413,-0.0997636914253234,1.6009151935577393
1629796465919,1.2944886684417725,0.0151236727833747,-0.1032561659812927,1.5568348169326782
1629796466028,1.2321054935455322,0.0594798922538757,-0.1154173538088798,1.5238173007965088
1629796466153,1.1811894178390503,0.0956768617033958,-0.1333083212375641,1.4977257251739502
1629796466234,1.041557788848877,0.1167637780308723,-0.1463645100593567,1.477497696876526
1629796466375,0.484813928604126,0.1203031167387962,-0.1424967050552368,1.4138426780700684
1629796466484,0.5174432992935181,0.1071814894676208,-0.1199376881122589,1.311784267425537
1629796466563,0.6617074608802795,0.0820205137133598,-0.084166370332241,1.23182213306427
1629796466625,0.8756677508354187,0.0522293522953987,-0.0411804914474487,1.3237571716308594
1629796466766,0.8756677508354187,0.0246973726898431,0.000579321058467,1.3237571716308594
1629796466875,0.8756677508354187,0.0041843028739094,0.0323063023388385,1.3237571716308594
1629796466969,0.8756677508354187,-0.0062417164444923,0.049762338399887,1.3237571716308594
1629796467096,0.8756677508354187,-0.0038569318130612,0.0565716736018657,1.3237571716308594
1629796467190,0.8756677508354187,0.0096969837322831,0.0610104091465473,1.3550821542739868
1629796467253,0.9116079807281494,0.0225725527852773,0.0687259137630462,1.387526273727417
1629796467393,0.9476447701454164,0.0205976217985153,0.0807392373681068,1.418915867805481
1629796467424,0.9574845433235168,-0.0018100483575835,0.094594731926918,1.4492709636688232
1629796467549,0.9675374031066896,-0.0381773523986339,0.1063555181026458,1.4428956508636477
1629796467721,0.9775503277778624,-0.0751378089189529,0.1106715351343154,1.4371767044067385
1629796467768,0.9846519231796264,-0.1023148596286773,0.1034794598817825,1.4275695085525513
1629796467846,0.9935799837112428,-0.116669587790966,0.0879450663924217,1.4138739109039309
1629796467987,1.0138691663742063,-0.1217289417982101,0.0744436904788017,1.411086916923523
1629796468049,1.0287948846817017,-0.1231256052851677,0.0672666355967521,1.4273717403411863
1629796468221,1.0004642009735107,-0.1222166717052459,0.0598476156592369,1.4478899240493774
1629796468315,1.0004642009735107,-0.1127761304378509,0.0480787977576255,1.548205018043518
1629796468393,1.0004642009735107,-0.0946986973285675,0.0409624055027961,1.626533269882202
1629796468471,1.0004642009735107,-0.0787454694509506,0.0465379729866981,1.626533269882202
1629796468580,1.0004642009735107,-0.0779686868190765,0.0587770529091358,1.626533269882202
1629796468705,1.0004642009735107,-0.0972624868154525,0.0650839954614639,1.626533269882202
1629796468799,1.0004642009735107,-0.1292997598648071,0.0646095052361488,1.626533269882202
1629796468893,1.0004642009735107,-0.1589995920658111,0.0637761801481247,1.626533269882202
1629796468971,1.0304012298583984,-0.1708452552556991,0.067609041929245,1.626533269882202
1629796469065,1.063785195350647,-0.159132644534111,0.0780196338891983,1.663706660270691
1629796469221,1.106603741645813,-0.1339206248521804,0.0941802710294723,1.705703616142273
1629796469268,1.1717629432678225,-0.1100534349679946,0.1108263283967971,1.7565321922302246
1629796469440,1.1717629432678225,-0.0961799249053001,0.1186465620994567,1.817123889923096
1629796469518,1.1717629432678225,-0.0890588238835334,0.1100189089775085,1.8788843154907229
1629796469611,1.1717629432678225,-0.0827894359827041,0.0853163674473762,1.8788843154907229
1629796469736,1.1717629432678225,-0.0781771689653396,0.0546451359987258,1.8788843154907229
1629796469768,1.1717629432678225,-0.0836503207683563,0.0285612922161817,1.8788843154907229
1629796469971,1.1717629432678225,-0.1009152978658676,0.0052389483898878,1.8788843154907229
1629796470002,1.1717629432678225,-0.1188786253333091,-0.0230519697070121,1.8788843154907229
1629796470096,1.1717629432678225,-0.120630644261837,-0.058022990822792,1.8788843154907229
1629796470192,1.1717629432678225,-0.0863222405314445,-0.0866594463586807,1.8788843154907229
1629796470301,1.1717629432678225,-0.0113633926957845,-0.0957525745034217,1.8788843154907229
1629796470426,1.1717629432678225,0.0792002975940704,-0.0825964957475662,1.8788843154907229
1629796470520,1.1717629432678225,0.1523503959178924,-0.0599658377468586,1.8788843154907229
1629796470661,1.1717629432678225,0.1897052526473999,-0.0459631383419036,1.8788843154907229
1629796470723,1.1717629432678225,0.1931340992450714,-0.0506631918251514,1.8788843154907229
1629796470832,1.1717629432678225,0.1790763586759567,-0.0679508075118064,1.8788843154907229
1629796470958,1.1717629432678225,0.1640272289514541,-0.083444744348526,1.8788843154907229
1629796471004,1.1717629432678225,0.1545574069023132,-0.0863330662250518,1.8788843154907229
1629796471114,1.1717629432678225,0.1495545506477356,-0.0791893824934959,1.8788843154907229
1629796471207,1.1717629432678225,0.1487563699483871,-0.0696941465139389,1.8788843154907229
1629796471332,1.1717629432678225,0.1541730463504791,-0.0605153702199459,1.8788843154907229
1629796471489,1.1717629432678225,0.1662948280572891,-0.0468069724738597,1.8788843154907229
1629796471520,1.1717629432678225,0.1828115284442901,-0.0220762137323617,1.8788843154907229
1629796471614,1.1717629432678225,0.1975707411766052,0.0100155882537364,1.8788843154907229
1629796471739,1.1717629432678225,0.1967415362596511,0.0353817529976367,1.8788843154907229
1629796471864,1.1717629432678225,0.1650794744491577,0.0420749597251415,1.8788843154907229
1629796471942,1.1717629432678225,0.0969811826944351,0.0274142939597368,1.8788843154907229
1629796472035,1.1717629432678225,0.0048036845400929,-0.0002411580499028,1.8788843154907229
1629796472160,1.1717629432678225,-0.0793478265404701,-0.0278316847980022,1.8788843154907229
1629796472273,1.1717629432678225,-0.1249792054295539,-0.046229999512434,1.9582921266555784
1629796472351,1.1717629432678225,-0.1359648555517196,-0.0578535757958889,1.8722774982452397
1629796472476,1.1717629432678225,-0.1312791407108307,-0.0703187510371208,1.802971363067627
1629796472538,1.1717629432678225,-0.1227204650640487,-0.0885669216513633,1.7432944774627686
1629796472663,1.1717629432678225,-0.11479002982378,-0.1088385134935379,1.6911698579788208
1629796472788,1.1717629432678225,-0.1103075072169303,-0.1272886842489242,1.6911698579788208
1629796472819,1.1717629432678225,-0.1128591522574424,-0.1454948037862777,1.6911698579788208
1629796472929,1.1717629432678225,-0.1263347268104553,-0.1672511547803878,1.6911698579788208
1629796473066,1.1717629432678225,-0.1527911573648452,-0.1914879828691482,1.6911698579788208
1629796473191,1.1717629432678225,-0.1849005967378616,-0.2079678624868393,1.5511945486068726
1629796473222,1.1717629432678225,-0.2070118635892868,-0.2104417085647583,1.3007397651672363
1629796473379,1.1717629432678225,-0.2105902135372162,-0.205337569117546,0.8769152164459229
1629796473472,1.1717629432678225,-0.2048416435718536,-0.2039514482021331,0.8769152164459229
1629796473550,1.1717629432678225,-0.2041776478290558,-0.2103527784347534,0.8769152164459229
1629796473707,1.1717629432678225,-0.2129216492176056,-0.2215280383825302,0.8769152164459229
1629796473769,1.1717629432678225,-0.2239220887422561,-0.2318442612886428,0.8678706288337708
1629796473847,1.1717629432678225,-0.226980060338974,-0.2376986742019653,0.8678706288337708
1629796474003,1.1717629432678225,-0.2211068719625473,-0.2368573099374771,0.8678706288337708
1629796474097,1.1717629432678225,-0.2146843373775482,-0.2253597229719162,0.8678706288337708
1629796474144,1.1717629432678225,-0.2165441215038299,-0.200077399611473,0.8678706288337708
1629796474300,1.1717629432678225,-0.2310305386781692,-0.1581402420997619,0.8678706288337708
1629796474394,1.1717629432678225,-0.2549467086791992,-0.1017279624938964,1.529171586036682
1629796474488,1.1717629432678225,-0.2820886075496673,-0.0472082942724227,1.529171586036682
1629796474566,1.1717629432678225,-0.3124759495258331,-0.0138159124180674,1.529171586036682
1629796474644,1.1717629432678225,-0.3524920046329498,-0.0090719619765877,1.529171586036682
1629796474769,1.1717629432678225,-0.4030503332614898,-0.0230745784938335,1.529171586036682
1629796474925,1.1717629432678225,-0.4491060078144073,-0.03512529656291,1.529171586036682
1629796475003,1.1717629432678225,-0.4653517007827759,-0.0296000838279724,1.529171586036682
1629796475066,1.1717629432678225,-0.4438590109348297,-0.0077914888970553,1.538853645324707
1629796475176,1.1717629432678225,-0.394979864358902,0.0230378713458776,1.5542961359024048
1629796475301,1.1717629432678225,-0.3352672457695007,0.0588380172848701,1.564121961593628
1629796475333,1.1717629432678225,-0.2807180881500244,0.0970151871442794,1.5880619287490845
1629796475520,1.1717629432678225,-0.240128144621849,0.1330584734678268,1.5880619287490845
1629796475614,1.1717629432678225,-0.212314173579216,0.1589709818363189,1.6168246269226074
1629796475723,1.1717629432678225,-0.187128335237503,0.1681362688541412,1.6461738348007202
1629796475801,1.1717629432678225,-0.1576333791017532,0.1587343066930771,1.6639100313186646
1629796475911,1.1717629432678225,-0.1259376555681228,0.1326404809951782,1.6399118900299072
1629796475989,1.1717629432678225,-0.0972417891025543,0.0986894965171814,1.6399118900299072
1629796476129,1.1717629432678225,-0.0756914094090461,0.0691987872123718,1.6399118900299072
1629796476239,1.1717629432678225,-0.0637888610363006,0.0531320348381996,1.6399118900299072
1629796476301,1.1717629432678225,-0.0602971874177455,0.0471240356564521,1.6399118900299072
1629796476395,1.1717629432678225,-0.061869777739048,0.0396218672394752,1.553974747657776
1629796476504,1.1717629432678225,-0.065561905503273,0.0218893326818943,1.553974747657776
1629796476614,1.1717629432678225,-0.0670306831598281,-0.0068228095769882,1.5484071969985962
1629796476738,1.1717629432678225,-0.0594250448048114,-0.0420532338321208,1.5484071969985962
1629796476848,1.1717629432678225,-0.0383997187018394,-0.0801445320248603,1.5484071969985962
1629796476910,1.1717629432678225,-0.0119211841374635,-0.121906079351902,1.5484071969985962
1629796476992,1.1717629432678225,0.0069570764899253,-0.1701088994741439,1.5484071969985962
1629796477132,1.1717629432678225,0.008724340237677,-0.220144584774971,1.5484071969985962
1629796477226,1.1717629432678225,-0.0053405719809234,-0.2554607391357422,1.5484071969985962
1629796477320,1.1717629432678225,-0.0281046871095895,-0.2627586126327514,1.5484071969985962
1629796477413,1.1717629432678225,-0.0521543771028518,-0.2447154968976974,1.5484071969985962
1629796477554,1.1717629432678225,-0.0722648203372955,-0.2189134210348129,1.5484071969985962
1629796477616,1.1717629432678225,-0.082997016608715,-0.2019400298595428,1.5484071969985962
1629796477695,1.1717629432678225,-0.0789436846971511,-0.2008868604898452,1.5484071969985962
1629796477804,1.1717629432678225,-0.0619315654039382,-0.2102371454238891,1.5484071969985962
1629796477976,1.1717629432678225,-0.0399792976677417,-0.2173222601413726,1.5484071969985962
1629796478054,1.1717629432678225,-0.0220053698867559,-0.2161475867033004,1.5484071969985962
1629796478148,1.1717629432678225,-0.0149636883288621,-0.2089864760637283,1.5484071969985962
1629796478226,1.1717629432678225,-0.0260510314255952,-0.2035561054944992,1.5484071969985962
1629796478351,1.1717629432678225,-0.0577008500695228,-0.2041662782430648,1.5484071969985962
1629796478413,1.1717629432678225,-0.0995580554008483,-0.2030655443668365,1.5484071969985962
1629796478554,1.1717629432678225,-0.1297400444746017,-0.1845674067735672,1.5484071969985962
1629796478632,1.1717629432678225,-0.1279481649398803,-0.1453344374895095,1.5484071969985962
1629796478710,1.1717629432678225,-0.0998724400997161,-0.1014232039451599,1.5484071969985962
1629796478819,1.1717629432678225,-0.063535988330841,-0.0727090239524841,1.5484071969985962
1629796478897,1.1717629432678225,-0.0325581617653369,-0.0655585303902626,1.5484071969985962
1629796479069,1.1717629432678225,-0.0134232733398675,-0.0701242089271545,1.5484071969985962
1629796479179,1.1717629432678225,-0.0063046757131814,-0.0662303417921066,1.5484071969985962
1629796479257,1.1717629432678225,-0.0095167933031916,-0.0346753448247909,1.5484071969985962
1629796479350,1.1717629432678225,-0.01918151602149,0.022520950064063,1.2193981409072876
1629796479444,1.1717629432678225,-0.0289327427744865,0.0827894434332847,1.2193981409072876
1629796479554,1.1717629432678225,-0.0270643942058086,0.1308118253946304,1.2193981409072876
1629796479632,1.1717629432678225,-0.0012439441634342,0.1645631492137909,1.2193981409072876
1629796479791,1.1717629432678225,0.0454460568726062,0.1905871480703354,1.2193981409072876
1629796479916,1.1717629432678225,0.0926292538642883,0.2124524563550949,1.2193981409072876
1629796479979,1.1717629432678225,0.1216955557465553,0.2268850058317184,1.2193981409072876
1629796480072,1.1717629432678225,0.1265014261007309,0.2291729897260666,1.2193981409072876
1629796480166,1.1717629432678225,0.1122068986296653,0.2217851132154464,1.2193981409072876
1629796480244,1.1717629432678225,0.0884073600172996,0.2131844460964203,1.2193981409072876
1629796480385,1.1717629432678225,0.06425741314888,0.2113339900970459,1.2193981409072876
1629796480478,1.1717629432678225,0.0465247519314289,0.2159844189882278,1.2193981409072876
1629796480635,1.1717629432678225,0.0381919406354427,0.2212099730968475,1.2193981409072876
1629796480681,1.1717629432678225,0.0357204265892505,0.219767689704895,1.2193981409072876
1629796480791,1.1717629432678225,0.0360275730490684,0.2038328349590301,1.2193981409072876
1629796480869,1.1717629432678225,0.0423571988940238,0.1700399816036224,1.2193981409072876
1629796481009,1.1717629432678225,0.0634939298033714,0.1274752467870712,1.2193981409072876
1629796481088,1.1717629432678225,0.0970065295696258,0.0951784178614616,1.2193981409072876
1629796481166,1.1717629432678225,0.124274156987667,0.0898726508021354,1.2193981409072876
1629796481262,1.1717629432678225,0.1302728652954101,0.1075606495141983,1.2193981409072876
1629796481340,1.1717629432678225,0.1189248114824295,0.1315895318984985,1.2193981409072876
1629796481449,1.1717629432678225,0.1104224845767021,0.1496109664440155,1.2977757453918457
1629796481621,1.476017951965332,0.1215883418917656,0.1580235958099365,1.2861824035644531
1629796481699,1.4628280401229858,0.147377923130989,0.1577408015727996,1.2710468769073486
1629796481777,1.4309433698654177,0.1720017045736313,0.1522380411624908,1.2526694536209106
1629796481918,1.388010859489441,0.1858231276273727,0.1460821777582168,1.2310487031936646
1629796481999,1.343553900718689,0.189018577337265,0.1440097093582153,1.207375168800354
1629796482108,1.343553900718689,0.1870993077754974,0.1450908482074737,1.1854755878448486
1629796482171,1.343553900718689,0.1860072910785675,0.1451556980609893,1.170527696609497
1629796482327,1.343553900718689,0.1862842589616775,0.1430044621229171,1.170527696609497
1629796482436,1.343553900718689,0.1809497028589248,0.1421772688627243,1.170527696609497
1629796482483,1.343553900718689,0.1604714542627334,0.1421675235033035,1.170527696609497
1629796482577,1.343553900718689,0.1251170188188552,0.1357879638671875,1.170527696609497
1629796482670,1.343553900718689,0.0912130773067474,0.1120604798197746,1.1535669565200806
1629796482842,1.3238253593444824,0.0782043114304542,0.0663815587759018,1.1336400508880615
1629796482905,1.2928341627120972,0.0830802470445633,0.0059972675517201,1.1075003147125244
1629796483032,1.2412999868392944,0.0846783518791198,-0.0490445867180824,1.0765725374221802
1629796483126,1.1520092487335205,0.0699568837881088,-0.0778940841555595,1.0431050062179563
1629796483188,1.1520092487335205,0.0457665435969829,-0.079839326441288,1.0077892541885376
1629796483282,1.1520092487335205,0.028191041201353,-0.0739734023809433,0.9737361669540404
1629796483438,1.1520092487335205,0.0237082280218601,-0.0759492218494415,0.9737361669540404
1629796483532,1.1520092487335205,0.0277614910155534,-0.0789670273661613,0.9737361669540404
1629796483626,1.1520092487335205,0.0328852534294128,-0.0608371645212173,0.9737361669540404
1629796483688,1.1520092487335205,0.0355287864804267,-0.017203651368618,0.9737361669540404
1629796483829,1.1520092487335205,0.0368523113429546,0.030490843579173,0.9737361669540404
1629796483907,1.1520092487335205,0.039727970957756,0.0609203167259693,0.9737361669540404
1629796484065,1.1520092487335205,0.0426737032830715,0.0729738101363182,0.9737361669540404
1629796484096,1.1520092487335205,0.0360485166311264,0.0767318084836006,0.9737361669540404
1629796484221,1.1520092487335205,0.008276617154479,0.0782266408205032,0.9737361669540404
1629796484377,1.1520092487335205,-0.0404353402554988,0.0769000798463821,0.9737361669540404
1629796484424,1.1520092487335205,-0.0832528546452522,0.0766708329319953,0.9737361669540404
1629796484534,1.1520092487335205,-0.0816867724061012,0.0884710177779197,0.9737361669540404
1629796484627,1.1520092487335205,-0.0357416942715644,0.1163178458809852,0.9737361669540404
1629796484752,1.1520092487335205,0.0145468385890126,0.1545063704252243,0.9737361669540404
1629796484862,1.1520092487335205,0.0415933690965175,0.194178432226181,0.9737361669540404
1629796484924,1.1520092487335205,0.0450313165783882,0.2294723689556121,0.9737361669540404
1629796485034,1.1520092487335205,0.0373127423226833,0.2551241219043731,0.9737361669540404
1629796485130,1.1520092487335205,0.0283957943320274,0.2678196430206299,0.9737361669540404
1629796485255,1.1520092487335205,0.0206538047641515,0.2706944048404693,0.9737361669540404
1629796485396,1.1520092487335205,0.0133090736344456,0.2721151709556579,0.9737361669540404
1629796485442,1.1520092487335205,0.0070443772710859,0.2765191495418548,0.9737361669540404
1629796485552,1.1520092487335205,0.0037899035960435,0.2811102271080017,0.9737361669540404
1629796485614,1.1520092487335205,0.0048200651071965,0.2830144762992859,0.9737361669540404
1629796485724,1.1520092487335205,0.0074531272985041,0.2857469320297241,0.9737361669540404
1629796485849,1.1520092487335205,0.003264317754656,0.2927462756633758,0.9737361669540404
1629796485958,1.1520092487335205,-0.0212706439197063,0.298221230506897,0.9737361669540404
1629796486067,1.1520092487335205,-0.079226978123188,0.2910303473472595,0.9737361669540404
1629796486149,1.1520092487335205,-0.1750270575284958,0.2665148079395294,0.9737361669540404
1629796486259,1.1520092487335205,-0.2932521402835846,0.229168102145195,0.9737361669540404
1629796486368,1.1520092487335205,-0.3957678973674774,0.1899502128362655,0.9737361669540404
1629796486509,1.1520092487335205,-0.4413926005363464,0.1564569920301437,0.9737361669540404
1629796486571,1.1520092487335205,-0.4320268034934997,0.1275769621133804,0.9737361669540404
1629796486649,1.1520092487335205,-0.3993794918060303,0.0952900275588035,0.9737361669540404
1629796486774,1.1520092487335205,-0.3685053288936615,0.0551379770040512,0.9737361669540404
1629796486852,1.1520092487335205,-0.350509375333786,0.0150442328304052,0.9737361669540404
1629796486946,1.1520092487335205,-0.3454176485538482,-0.0028304865118116,0.9737361669540404
1629796487071,1.1520092487335205,-0.3481312692165375,0.0134790875017642,0.9737361669540404
1629796487167,1.1520092487335205,-0.3544365465641022,0.0478487983345985,0.9737361669540404
1629796487261,1.1520092487335205,-0.3608458936214447,0.0763432756066322,0.9737361669540404
1629796487339,1.1520092487335205,-0.3623218536376953,0.0896966457366943,0.9737361669540404
1629796487448,1.1520092487335205,-0.3544564247131347,0.0940082967281341,0.9737361669540404
1629796487573,1.1520092487335205,-0.3362784087657928,0.0985394865274429,0.9737361669540404
1629796487698,1.1520092487335205,-0.3102176189422607,0.1073227897286415,0.9737361669540404
1629796487792,1.1520092487335205,-0.2747346460819244,0.1197965368628501,0.9737361669540404
1629796487886,1.1520092487335205,-0.2292323559522628,0.1317837685346603,0.9737361669540404
1629796487948,1.1520092487335205,-0.1787228286266327,0.1432447731494903,0.9737361669540404
1629796488042,1.1520092487335205,-0.1321495324373245,0.1625067293643951,0.9737361669540404
1629796488136,1.1520092487335205,-0.0936631932854652,0.2013314217329025,0.9737361669540404
1629796488325,1.1520092487335205,-0.0614069625735282,0.2550270855426788,0.9737361669540404
1629796488404,1.1520092487335205,-0.0359054431319236,0.301741749048233,0.9737361669540404
1629796488450,1.1520092487335205,-0.0204208139330148,0.3233693540096283,0.9737361669540404
1629796488607,1.1520092487335205,-0.0178512390702962,0.318787544965744,0.9737361669540404
1629796488685,1.1520092487335205,-0.0260331202298402,0.3003523647785187,0.9737361669540404
1629796488810,1.1520092487335205,-0.0393917672336101,0.2820869982242584,0.9737361669540404
1629796488919,1.1520092487335205,-0.053055640310049,0.270363986492157,0.9737361669540404
1629796489028,1.1520092487335205,-0.0649511814117431,0.2638307213783264,0.9737361669540404
1629796489138,1.1520092487335205,-0.0768145620822906,0.2592989802360534,0.9737361669540404
1629796489185,1.1520092487335205,-0.0915419980883598,0.2585120797157287,0.9737361669540404
1629796489297,1.1520092487335205,-0.1136760786175727,0.2682226002216339,0.9737361669540404
1629796489343,1.1520092487335205,-0.1471847742795944,0.2894500195980072,0.9737361669540404
1629796489547,1.1520092487335205,-0.1958944499492645,0.3114644885063171,0.9737361669540404
1629796489609,1.1520092487335205,-0.2620880007743835,0.3176049590110779,0.9737361669540404
1629796489718,1.1520092487335205,-0.3462539613246918,0.2961731553077698,0.9737361669540404
1629796489781,1.1520092487335205,-0.4437228739261627,0.247934877872467,0.9737361669540404
1629796489906,1.1520092487335205,-0.528235673904419,0.1898292005062103,0.9737361669540404
1629796489968,1.1520092487335205,-0.5619942545890808,0.1453392207622528,0.9737361669540404
1629796490125,1.1520092487335205,-0.5380085110664368,0.1262459754943847,0.9737361669540404
1629796490283,1.1520092487335205,-0.4836531281471252,0.1238318532705307,0.9737361669540404
1629796490330,1.1520092487335205,-0.4213846325874328,0.1260122060775756,0.9737361669540404
1629796490440,1.1520092487335205,-0.3605839610099792,0.1292555034160614,0.9737361669540404
1629796490533,0.6697226166725159,-0.3100719153881073,0.1367682516574859,1.1105087995529177
1629796490596,0.668058454990387,-0.2750305235385895,0.1500569283962249,1.077888250350952
1629796490752,0.6522653698921204,-0.253574401140213,0.1609796285629272,1.0503991842269895
1629796490861,0.6337812542915344,-0.2413207739591598,0.1541433185338974,1.0274097919464111
1629796490939,0.6334968209266663,-0.2353771477937698,0.123927317559719,1.0051888227462769
1629796491017,0.6575348377227783,-0.2350877970457077,0.081411600112915,0.9817554354667664
1629796491114,0.6886099576950073,-0.2377384901046753,0.0459156185388565,0.9614136219024658
1629796491208,0.6886099576950073,-0.2376827597618103,0.0271986331790685,0.9614136219024658
1629796491380,0.6886099576950073,-0.2299724072217941,0.0216927379369735,0.9614136219024658
1629796491489,0.6886099576950073,-0.2123592048883438,0.0227367989718914,0.9614136219024658
1629796491552,0.6886099576950073,-0.189637154340744,0.0308095198124647,0.9614136219024658
1629796491614,0.6886099576950073,-0.1705087721347808,0.0491034500300884,0.9614136219024658
1629796491739,0.6907631754875183,-0.1640229523181915,0.0757400840520858,0.9272391200065612
1629796491817,0.6956279873847961,-0.1722661703824997,0.1006256267428398,0.8883634209632874
1629796491942,0.6997976899147034,-0.1854137927293777,0.1138869598507881,0.851477324962616
1629796492101,0.7007600665092468,-0.1855539232492447,0.1136632114648819,0.8229091167449951
1629796492148,0.7082327008247375,-0.1609328240156173,0.1050421297550201,0.8017712235450745
1629796492288,0.7379910945892334,-0.1181550398468971,0.0934051349759101,0.7802344560623169
1629796492351,0.7379910945892334,-0.0747861489653587,0.0807396993041038,0.7802344560623169
1629796492476,0.7379910945892334,-0.0430037640035152,0.0723459124565124,0.7802344560623169
1629796492616,0.7379910945892334,-0.0240082778036594,0.0778473913669586,0.7802344560623169
1629796492694,0.7379910945892334,-0.0137373721227049,0.0999607667326927,0.7802344560623169
1629796492790,0.7379910945892334,-0.0087589705362916,0.1298160105943679,0.7802344560623169
1629796492853,0.7379910945892334,-0.0089473007246851,0.1575028896331787,0.7802344560623169
1629796492978,0.7379910945892334,-0.0184420403093099,0.1785753518342971,0.7802344560623169
1629796493022,0.7379910945892334,-0.0372372902929782,0.1902527660131454,0.7802344560623169
1629796493243,0.7379910945892334,-0.0577910877764225,0.1863864809274673,0.7802344560623169
1629796493259,0.7379910945892334,-0.0708579719066619,0.1641595661640167,0.7802344560623169
1629796493384,0.7379910945892334,-0.0758605524897575,0.1333669126033783,0.7802344560623169
1629796493462,0.7379910945892334,-0.0839505568146705,0.1110081076622009,0.7802344560623169
1629796493540,0.7379910945892334,-0.1075336411595344,0.1028224229812622,0.7802344560623169
1629796493665,0.7379910945892334,-0.1521342247724533,0.1018571332097053,0.7802344560623169
1629796493806,0.3873571157455444,-0.2157799750566482,0.102322518825531,1.0603315830230713
1629796493868,0.4264474809169769,-0.2875925004482269,0.1057663708925247,1.1475296020507812
1629796493977,0.4712012112140655,-0.3516128361225128,0.1089747324585914,1.2019349336624146
1629796494071,0.4712012112140655,-0.392567366361618,0.1033412739634513,1.2319214344024658
1629796494196,0.4712012112140655,-0.4003228843212127,0.0876030400395393,1.2806288003921509
1629796494259,0.4712012112140655,-0.372488409280777,0.0737174898386001,1.3945093154907229
1629796494415,0.4712012112140655,-0.3206081986427307,0.0713884085416793,1.3945093154907229
1629796494509,0.4712012112140655,-0.2687908411026001,0.076551079750061,1.3945093154907229
1629796494571,0.4712012112140655,-0.2363566309213638,0.0792412310838699,1.3945093154907229
1629796494665,0.4712012112140655,-0.2308902293443679,0.0759231969714164,1.3945093154907229
1629796494759,0.4712012112140655,-0.2443976700305938,0.0704429224133491,1.3945093154907229
1629796494868,0.4712012112140655,-0.2608029842376709,0.0650493800640106,1.3945093154907229
1629796494977,0.4320551753044128,-0.2661855518817901,0.0575345419347286,1.4306538105010986
1629796495102,0.4641987085342407,-0.2596302628517151,0.0478069223463535,1.472670555114746
1629796495214,0.4641987085342407,-0.2501799464225769,0.0376988649368286,1.513757824897766
1629796495277,0.4641987085342407,-0.2461696416139602,0.0273207258433103,1.5111944675445557
1629796495386,0.4641987085342407,-0.2462629526853561,0.0145608047023415,1.5325655937194824
1629796495511,0.4641987085342407,-0.2426868677139282,-0.0030330596491694,1.559709072113037
1629796495620,0.4641987085342407,-0.2261877655982971,-0.026436535641551,1.559709072113037
1629796495730,0.4641987085342407,-0.1983486413955688,-0.0564005114138126,1.559709072113037
1629796495808,0.4641987085342407,-0.1767158061265945,-0.0965940654277801,1.559709072113037
1629796495948,0.4641987085342407,-0.1783434897661209,-0.1446779519319534,1.559709072113037
1629796496027,0.4641987085342407,-0.2015037536621093,-0.1786808669567108,1.559709072113037
1629796496089,0.4641987085342407,-0.2276006340980529,-0.1731285452842712,1.559709072113037
1629796496217,0.4641987085342407,-0.2352819591760635,-0.1297377794981002,1.559709072113037
1629796496310,0.4641987085342407,-0.2225990742444992,-0.0748892426490783,1.559709072113037
1629796496451,0.4641987085342407,-0.2022938132286071,-0.0233339518308639,1.559709072113037
1629796496482,0.4641987085342407,-0.1840472519397735,0.0272424016147851,1.559709072113037
1629796496623,0.4641987085342407,-0.1689553707838058,0.0784496143460273,1.559709072113037
1629796496763,0.4641987085342407,-0.1561027616262436,0.1207531616091728,1.559709072113037
1629796496857,0.4641987085342407,-0.143887385725975,0.1479620039463043,1.559709072113037
1629796496920,0.9492598176002502,-0.1333124786615371,0.1608160734176635,1.3002190589904783
1629796497110,0.9492598176002502,-0.128010019659996,0.1676261723041534,1.333368182182312
1629796497188,0.9492598176002502,-0.1328295320272445,0.1757731735706329,1.3421990871429443
1629796497204,0.9492598176002502,-0.1489661037921905,0.1879546642303466,1.35051167011261
1629796497282,0.9492598176002502,-0.1689666360616684,0.2017580866813659,1.3900054693222046
1629796497485,0.9492598176002502,-0.1823261529207229,0.2106082439422607,1.4569960832595823
1629796497532,0.9492598176002502,-0.1834830641746521,0.2082239389419555,1.5208066701889038
1629796497704,0.9492598176002502,-0.1761131584644317,0.1938454657793045,1.5208066701889038
1629796497735,0.9492598176002502,-0.1695172786712646,0.1727700978517532,1.5208066701889038
1629796497829,0.9492598176002502,-0.1712181568145752,0.1524069905281067,1.5208066701889038
1629796497922,0.9492598176002502,-0.1810061186552047,0.1336083561182022,1.5208066701889038
1629796498097,0.9492598176002502,-0.1894128173589706,0.1089994311332702,1.5208066701889038
1629796498159,0.9492598176002502,-0.1863671541213989,0.0734467580914497,1.524028182029724
1629796498222,0.9492598176002502,-0.1693453341722488,0.0367822684347629,1.5324625968933103
1629796498363,0.9492598176002502,-0.1480254828929901,0.0172686893492937,1.566524624824524
1629796498394,0.9492598176002502,-0.1330951601266861,0.02221548743546,1.5781826972961426
1629796498519,0.9492598176002502,-0.1288813948631286,0.0362428538501262,1.592262864112854
1629796498659,0.9492598176002502,-0.1341852992773056,0.0417210049927234,1.6152890920639038
1629796498737,0.9492598176002502,-0.1462815701961517,0.0322140380740165,1.6429542303085327
1629796498847,0.9492598176002502,-0.1619351804256439,0.01063475292176,1.6516913175582886
1629796498956,0.9492598176002502,-0.1756262630224228,-0.0136416554450988,1.6096442937850952
1629796499050,0.9492598176002502,-0.1841715723276138,-0.036105640232563,1.6096442937850952
1629796499128,0.9492598176002502,-0.1875724047422409,-0.0574617870151996,1.6096442937850952
1629796499269,0.9492598176002502,-0.1835229694843292,-0.07990113645792,1.4054805040359497
1629796499378,0.9492598176002502,-0.1615768074989318,-0.1051452606916427,1.374324917793274
1629796499456,0.9492598176002502,-0.1185664609074592,-0.1319483667612075,1.3569917678833008
1629796499565,0.2385825514793396,-0.0721381679177284,-0.1527591794729232,1.3393162488937378
1629796499690,0.2016535401344299,-0.0439384616911411,-0.1599825322628021,1.33077073097229
1629796499737,0.1733556538820266,-0.0419095903635025,-0.1564065963029861,1.288610577583313
1629796499878,0.1666198372840881,-0.056866992264986,-0.1578783392906189,1.1173416376113892
1629796499956,0.1837500482797622,-0.0701359137892723,-0.1722747981548309,1.0819835662841797
1629796500050,0.2170853465795517,-0.0662344172596931,-0.1912125796079635,1.0509642362594604
1629796500194,0.2170853465795517,-0.0448025055229663,-0.2006508409976959,1.0509642362594604
1629796500256,0.2170853465795517,-0.0134156662970781,-0.1957237869501114,1.0509642362594604
1629796500381,0.2170853465795517,0.0205049570649862,-0.1786545813083648,1.0509642362594604
1629796500506,0.2170853465795517,0.050828855484724,-0.1554342806339264,1.0509642362594604
1629796500616,0.2170853465795517,0.0724901184439659,-0.1320097893476486,1.0509642362594604
1629796500669,0.2170853465795517,0.0817780122160911,-0.1121919602155685,1.0509642362594604
1629796500763,0.1972914040088653,0.0781870409846305,-0.0937357991933822,1.0428725481033323
1629796500857,0.1830344945192337,0.0643886849284172,-0.0681903064250946,1.0102229118347168
1629796500966,0.1820029318332672,0.0423864386975765,-0.0325096398591995,0.9505963325500488
1629796501075,0.1990869790315628,0.0169479399919509,0.0057224123738706,0.8709818720817566
1629796501250,0.2356345653533935,-0.001680503366515,0.0365296155214309,0.7870110869407654
1629796501328,0.3109322786331177,-0.0045042647980153,0.0575038269162178,0.7673935294151306
1629796501437,0.4021722376346588,0.0091372709721326,0.0733391642570495,0.7973747253417969
1629796501469,0.5028616189956665,0.0299864020198583,0.0909340307116508,0.9201120734214784
1629796501594,0.5864869356155396,0.0457278601825237,0.1138366609811782,1.0820960998535156
1629796501703,0.6096150875091553,0.0479403473436832,0.1399574279785156,1.1489838361740112
1629796501797,0.6096150875091553,0.0324794314801692,0.1627174466848373,1.1489838361740112
1629796501890,0.6096150875091553,0.0014958009123802,0.1743225753307342,1.1489838361740112
1629796502000,0.6096150875091553,-0.0343457013368606,0.1728246957063675,1.1489838361740112
1629796502062,0.6096150875091553,-0.0587302856147289,0.1642287224531173,1.1489838361740112
1629796502205,0.6096150875091553,-0.0599810220301151,0.1559188067913055,1.1489838361740112
1629796502330,0.6096150875091553,-0.0434290021657943,0.1524578630924224,1.1489838361740112
1629796502455,0.6096150875091553,-0.0288638211786746,0.1544327139854431,1.1489838361740112
1629796502486,0.6096150875091553,-0.0278954077512025,0.1590616703033447,1.1489838361740112
1629796502627,0.6096150875091553,-0.0375795327126979,0.1615357249975204,1.1489838361740112
1629796502720,0.6096150875091553,-0.0507218390703201,0.1575850844383239,1.1489838361740112
1629796502752,0.6546422243118286,-0.064874842762947,0.147307202219963,1.195081353187561
1629796502939,0.6546422243118286,-0.0824301689863205,0.1359464228153228,1.195081353187561
1629796503017,0.6546422243118286,-0.1046365797519683,0.1254178285598755,1.195081353187561
1629796503127,0.6546422243118286,-0.1286937445402145,0.1108491644263267,1.195081353187561
1629796503207,0.6546422243118286,-0.1510655581951141,0.0871776640415191,1.195081353187561
1629796503317,0.6546422243118286,-0.1684820353984832,0.0579306557774543,1.195081353187561
1629796503379,0.6140009164810181,-0.1781238913536071,0.0335625149309635,1.4566948413848877
1629796503504,0.5766053199768066,-0.1791519671678543,0.0217114705592393,1.4034929275512695
1629796503660,0.5766053199768066,-0.1751077324151992,0.0197500567883253,1.4034929275512695
1629796503707,0.5766053199768066,-0.1705854386091232,0.0212116241455078,1.4034929275512695
1629796503801,0.5766053199768066,-0.1658512204885482,0.0241580046713352,1.4034929275512695
1629796503942,0.5766053199768066,-0.1594981551170349,0.0313008725643157,1.4034929275512695
1629796504035,0.5766053199768066,-0.1545081883668899,0.0437399074435234,1.4034929275512695
1629796504129,0.5766053199768066,-0.1584682017564773,0.0574443154036998,1.4034929275512695
1629796504238,0.5766053199768066,-0.1731286644935608,0.0665525943040847,1.4034929275512695
1629796504332,0.5766053199768066,-0.1922877430915832,0.0674980580806732,1.4034929275512695
1629796504410,0.5766053199768066,-0.2106964141130447,0.0595449209213256,1.4034929275512695
1629796504520,0.5766053199768066,-0.2300091981887817,0.0434798784554004,1.4034929275512695
1629796504660,0.5794576406478882,-0.252688318490982,0.0227681919932365,1.3886213302612305
1629796504785,0.5794576406478882,-0.273982286453247,0.0058404617011547,1.3886213302612305
1629796504848,0.5794576406478882,-0.2859942615032196,0.0028469876851886,1.3886213302612305
1629796504942,0.5794576406478882,-0.2886022329330444,0.0197019949555397,1.3886213302612305
1629796505038,0.5794576406478882,-0.2920634150505066,0.0514782965183258,1.3886213302612305
1629796505163,0.5794576406478882,-0.3067827224731445,0.086527869105339,1.3886213302612305
1629796505210,0.5794576406478882,-0.3383037447929382,0.1156352758407592,1.3886213302612305
1629796505381,0.5794576406478882,-0.383128672838211,0.1316749602556228,1.3886213302612305
1629796505444,0.5794576406478882,-0.4265523552894592,0.1285001784563064,1.3886213302612305
1629796505616,0.5794576406478882,-0.4484575092792511,0.1032704710960388,1.3886213302612305
1629796505678,0.5794576406478882,-0.4391612708568573,0.0620305687189102,1.3886213302612305
1629796505741,0.5794576406478882,-0.4083161652088165,0.0208643041551113,1.3886213302612305
1629796505850,0.5794576406478882,-0.37312051653862,-0.0046890005469322,1.3886213302612305
1629796506006,0.5794576406478882,-0.3411862552165985,-0.0093545876443386,1.3886213302612305
1629796506053,0.5794576406478882,-0.3115793466567993,0.0050636297091841,1.3886213302612305
1629796506163,0.8514670729637146,-0.2820242643356323,0.0317249782383441,1.187768816947937
1629796506272,0.7918775677680969,-0.2554362118244171,0.0568339489400386,1.159048318862915
1629796506397,0.769011914730072,-0.237955093383789,0.066560260951519,1.107958436012268
1629796506444,0.769011914730072,-0.2295003086328506,0.0545938536524772,1.107958436012268
1629796506600,0.769011914730072,-0.2192499637603759,0.0252127163112163,1.107958436012268
1629796506662,0.769011914730072,-0.1952274143695831,-0.0107140569016337,1.107958436012268
1629796506772,0.769011914730072,-0.1607125699520111,-0.0432461872696876,1.107958436012268
1629796506850,0.769011914730072,-0.1321262121200561,-0.0679019317030906,1.107958436012268
1629796506975,0.769011914730072,-0.1207688450813293,-0.0847657471895217,1.107958436012268
1629796507055,0.769011914730072,-0.1253998428583145,-0.094435267150402,1.107958436012268
1629796507212,0.769011914730072,-0.1373226046562194,-0.0965601056814193,1.107958436012268
1629796507290,0.769011914730072,-0.150558054447174,-0.0920670554041862,1.107958436012268
1629796507352,0.769011914730072,-0.1651486307382583,-0.080869011580944,1.107958436012268
1629796507461,0.769011914730072,-0.1821364909410476,-0.059771467000246,1.046221137046814
1629796507602,0.769011914730072,-0.2024705559015274,-0.0302542261779308,1.1655733585357666
1629796507649,0.769011914730072,-0.2259484976530075,-0.00058309501037,1.1655733585357666
1629796507790,0.769011914730072,-0.2491226494312286,0.0221629794687032,1.1655733585357666
1629796507946,0.769011914730072,-0.2666391134262085,0.035846509039402,1.1655733585357666
1629796507977,0.769011914730072,-0.2784386575222015,0.0424609668552875,1.1655733585357666
1629796508103,0.769011914730072,-0.2949782907962799,0.0431589074432849,1.1655733585357666
1629796508199,0.769011914730072,-0.3265614211559295,0.0383896119892597,1.1655733585357666
1629796508293,0.769011914730072,-0.3643471896648407,0.0314382389187812,1.1655733585357666
1629796508386,0.769011914730072,-0.3857239186763763,0.0253796949982643,1.1655733585357666
1629796508496,0.769011914730072,-0.3779177069664001,0.0193691924214363,1.1655733585357666
1629796508621,0.769011914730072,-0.3541706502437591,0.0131708784028887,1.1655733585357666
1629796508683,0.769011914730072,-0.333657294511795,0.0103604989126324,1.1655733585357666
1629796508824,0.769011914730072,-0.3188076019287109,0.0142727410420775,1.1655733585357666
1629796508855,0.769011914730072,-0.3025726675987243,0.0195230636745691,1.1655733585357666
1629796509027,0.769011914730072,-0.2863696217536926,0.0111899645999073,1.1655733585357666
1629796509089,0.769011914730072,-0.2765972018241882,-0.0217410940676927,1.1655733585357666
1629796509217,0.3962289094924927,-0.2764058411121368,-0.076330080628395,1.309425711631775
1629796509264,0.4085989594459533,-0.2819590270519256,-0.1371835619211197,1.3259097337722778
1629796509389,0.4070175290107727,-0.2867785990238189,-0.1844382882118225,1.3152309656143188
1629796509467,0.4137634634971618,-0.2822168171405792,-0.2088710218667984,1.2877922058105469
1629796509639,0.4137634634971618,-0.2582913935184479,-0.2131281793117523,1.2877922058105469
1629796509717,0.4137634634971618,-0.2078956216573715,-0.1988129317760467,1.2877922058105469
1629796509811,0.4137634634971618,-0.1445667892694473,-0.1655288189649582,1.2877922058105469
1629796509905,0.4137634634971618,-0.090422011911869,-0.1176132336258888,1.2877922058105469
1629796509998,0.4137634634971618,-0.0592395588755607,-0.0664400830864906,1.2877922058105469
1629796510139,0.4137634634971618,-0.0477542094886302,-0.0247197803109884,1.2877922058105469
1629796510237,0.4137634634971618,-0.0448613837361335,-0.000760318536777,1.2877922058105469
1629796510346,0.4137634634971618,-0.0448450557887554,0.0040935003198683,1.2877922058105469
1629796510424,0.4312516748905182,-0.0482656396925449,-0.0028272420167922,1.30646014213562
1629796510533,0.4401066601276397,-0.0547258965671062,-0.0108226668089628,1.315845966339111
1629796510690,0.4414701163768768,-0.0591744370758533,-0.0096739009022712,1.3030682802200315
1629796510721,0.5827197432518005,-0.0570567846298217,0.005599710624665,1.2489758729934692
1629796510830,0.7258521318435669,-0.0478686653077602,0.0332876555621624,1.1889500617980957
1629796510924,0.8356906175613403,-0.0335502363741397,0.0658240020275116,1.149445414543152
1629796511049,0.896178662776947,-0.0198454614728689,0.0928736850619316,1.143390417098999
1629796511143,0.8617773652076721,-0.017267046496272,0.1083820089697837,1.1190879344940186
1629796511268,0.8617773652076721,-0.0374279469251632,0.1102880164980888,1.1190879344940186
1629796511346,0.8617773652076721,-0.0813739374279975,0.0969922766089439,1.1190879344940186
1629796511471,0.8617773652076721,-0.1303641945123672,0.0686185583472251,1.1190879344940186
1629796511517,0.8617773652076721,-0.1566743403673172,0.033175304532051,1.1190879344940186
1629796511642,0.8617773652076721,-0.1561815291643142,0.0044774850830435,1.1190879344940186
1629796511721,0.8617773652076721,-0.1480078846216201,-0.0102611053735017,1.1190879344940186
1629796511814,0.8617773652076721,-0.1435713320970535,-0.0168393962085247,1.1190879344940186
1629796511924,0.8617773652076721,-0.1370129138231277,-0.024301279336214,1.1190879344940186
1629796512033,0.8617773652076721,-0.1221492439508438,-0.0334338843822479,1.1190879344940186
1629796512176,0.8617773652076721,-0.1027489900588989,-0.0423936322331428,1.1190879344940186
1629796512254,0.8641537427902222,-0.0838384926319122,-0.0505083240568637,1.0885465145111084
1629796512379,0.8641537427902222,-0.0668147578835487,-0.05546335875988,1.0185697078704834
1629796512457,0.8641537427902222,-0.0521730855107307,-0.0549700707197189,0.955940842628479
1629796512598,0.8641537427902222,-0.0425514057278633,-0.0460063219070434,0.9039458632469176
1629796512691,0.8641537427902222,-0.0391403250396251,-0.0301260538399219,0.8693148493766785
1629796512801,0.8641537427902222,-0.0424717217683792,-0.0107644535601139,0.8693148493766785
1629796512894,0.8641537427902222,-0.0539336837828159,0.0099638933315873,0.8693148493766785
1629796512941,0.8641537427902222,-0.0760098472237587,0.032853715121746,0.8693148493766785
1629796513079,0.8641537427902222,-0.1069678366184234,0.0566669888794422,0.8693148493766785
1629796513141,0.8641537427902222,-0.13826784491539,0.0828409343957901,0.8693148493766785
1629796513266,0.8641537427902222,-0.1596125066280365,0.1132000982761383,0.8693148493766785
1629796513376,0.8641537427902222,-0.1699486225843429,0.1447426378726959,0.8693148493766785
1629796513469,0.8641537427902222,-0.178450807929039,0.170961245894432,0.8693148493766785
1629796513594,0.8641537427902222,-0.1922051906585693,0.1842255741357803,0.8693148493766785
1629796513704,0.8641537427902222,-0.2105869650840759,0.181786447763443,0.8693148493766785
1629796513766,0.8641537427902222,-0.2324524223804474,0.1679586768150329,0.8693148493766785
1629796513922,0.8641537427902222,-0.2626076936721802,0.1467654258012771,0.8693148493766785
1629796514000,0.8641537427902222,-0.3072745501995086,0.1218264922499656,0.8693148493766785
1629796514111,0.8641537427902222,-0.3650881946086883,0.0950820222496986,0.8693148493766785
1629796514191,0.8641537427902222,-0.4246495068073272,0.0678770318627357,0.8693148493766785
1629796514284,0.8641537427902222,-0.4643329679965973,0.0395708791911602,0.8693148493766785
1629796514394,0.8641537427902222,-0.4648769795894623,0.0092939501628279,0.8693148493766785
1629796514487,0.8641537427902222,-0.4260151088237762,-0.0220471024513244,0.8693148493766785
1629796514581,0.8641537427902222,-0.3717153966426849,-0.0461798906326293,0.8693148493766785
1629796514675,0.8641537427902222,-0.3204421997070312,-0.0587392412126064,0.8693148493766785
1629796514784,0.8641537427902222,-0.272284597158432,-0.0639982968568801,0.8693148493766785
1629796514862,0.8641537427902222,-0.2211534082889557,-0.0688737854361534,0.8693148493766785
1629796514987,0.8641537427902222,-0.1715029776096344,-0.0753903165459632,0.8693148493766785
1629796515160,0.8641537427902222,-0.1332987844944,-0.0777912512421608,0.8693148493766785
1629796515193,0.8641537427902222,-0.1104251965880394,-0.0701866075396537,0.8693148493766785
1629796515349,0.8641537427902222,-0.0961372777819633,-0.0586383268237113,0.8693148493766785
1629796515396,0.8641537427902222,-0.0780310556292533,-0.0448397807776927,0.8693148493766785
1629796515505,0.8641537427902222,-0.0528387650847435,-0.0283101592212915,0.8693148493766785
1629796515583,0.8641537427902222,-0.0265389010310173,-0.009326753206551,0.8693148493766785
1629796515708,0.8641537427902222,-0.007991200312972,0.0108981952071189,0.8693148493766785
1629796515817,0.8641537427902222,-0.0022620691452175,0.0325913727283477,0.8693148493766785
1629796515911,0.8641537427902222,-0.0071794269606471,0.0559353157877922,0.8693148493766785
1629796515989,0.8641537427902222,-0.0201416313648223,0.0769224464893341,0.8693148493766785
1629796516114,0.8641537427902222,-0.038958340883255,0.0854302048683166,0.8693148493766785
1629796516226,0.8641537427902222,-0.0632310509681701,0.07351104170084,0.8693148493766785
1629796516304,0.8641537427902222,-0.0961469113826751,0.0421105362474918,0.8693148493766785
1629796516398,0.8641537427902222,-0.1414007991552353,0.0028707103338092,0.8693148493766785
1629796516569,0.8641537427902222,-0.1945875883102417,-0.029328528791666,0.8258008360862732
1629796516694,0.6304510235786438,-0.240676075220108,-0.0469751171767711,0.8295960426330566
1629796516726,0.6304510235786438,-0.2645100057125091,-0.0523161068558692,0.8295960426330566
1629796516788,0.6304510235786438,-0.2693091034889221,-0.0489461496472358,0.8295960426330566
1629796516929,0.6304510235786438,-0.2699635922908783,-0.0379113629460334,0.8295960426330566
1629796517071,0.6304510235786438,-0.2623767256736755,-0.0157388690859079,0.8295960426330566
1629796517118,0.6304510235786438,-0.23715640604496,0.0146445538848638,0.8295960426330566
1629796517259,0.6304510235786438,-0.1997395753860473,0.0407588556408882,0.8295960426330566
1629796517337,0.6304510235786438,-0.1669655740261078,0.0496295429766178,0.8295960426330566
1629796517431,0.6304510235786438,-0.150892287492752,0.0410103537142276,0.8295960426330566
1629796517540,0.6304510235786438,-0.1503261923789978,0.0247315876185894,0.8295960426330566
1629796517649,0.6304510235786438,-0.1535326391458511,0.0097410641610622,0.8295960426330566
1629796517727,0.6304510235786438,-0.1496659815311432,-0.0017795973690226,0.8290959000587463
1629796517868,0.6304510235786438,-0.1335839182138443,-0.0108737917616963,0.8290959000587463
1629796517915,0.6304510235786438,-0.1066826060414314,-0.0167218036949634,0.8290959000587463
1629796518024,0.6304510235786438,-0.0743870958685875,-0.0164206512272357,0.8290959000587463
1629796518165,0.6304510235786438,-0.0403029732406139,-0.0048980270512402,0.8290959000587463
1629796518243,0.6304510235786438,-0.0093520786613225,0.0160299353301525,0.8290959000587463
1629796518352,0.6304510235786438,0.0130321001634001,0.0361951626837253,0.8290959000587463
1629796518477,0.6304510235786438,0.0225227903574705,0.040258340537548,0.8290959000587463
1629796518509,0.6304510235786438,0.017977949231863,0.0179489385336637,0.8290959000587463
1629796518602,0.6304510235786438,0.0080712214112281,-0.0257856715470552,0.8290959000587463
1629796518774,0.6304510235786438,0.0083503182977437,-0.0711568668484687,0.8290959000587463
1629796518837,0.6304510235786438,0.0261464416980743,-0.0948066040873527,0.8290959000587463
1629796518962,0.6304510235786438,0.0526314154267311,-0.0949147790670394,0.8290959000587463
1629796519073,0.6304510235786438,0.0750012770295143,-0.0877972245216369,0.8290959000587463
1629796519135,1.0313990116119385,0.0872618108987808,-0.0850233435630798,0.8290959000587463
1629796519260,0.9735235571861268,0.0909778773784637,-0.0877030342817306,0.8290959000587463
1629796519370,0.920227825641632,0.0881901755928993,-0.092658944427967,0.8290959000587463
1629796519510,0.8775427937507629,0.0781457871198654,-0.0976299419999122,1.129621982574463
1629796519635,0.8775427937507629,0.0598808266222476,-0.104951411485672,1.1632802486419678
1629796519698,0.8775427937507629,0.032084871083498,-0.1224972754716873,1.2064540386199951
1629796519776,0.8775427937507629,-0.0024555227719247,-0.1542952358722686,1.2720166444778442
1629796519854,0.8775427937507629,-0.0344264954328537,-0.1917825490236282,1.2720166444778442
1629796519979,0.8775427937507629,-0.0549566149711608,-0.2172038108110427,1.2720166444778442
1629796520106,0.8775427937507629,-0.0686980485916137,-0.2246551811695099,1.2720166444778442
1629796520216,0.8775427937507629,-0.0919611379504203,-0.2272391468286514,1.2720166444778442
1629796520309,0.8775427937507629,-0.1377994418144226,-0.241849198937416,1.2720166444778442
1629796520388,0.8013348579406738,-0.2026727646589279,-0.2737572491168976,1.2720166444778442
1629796520497,0.6985246539115906,-0.2664060294628143,-0.3184523284435272,1.2720166444778442
1629796520622,0.5953881740570068,-0.3090817332267761,-0.3651863634586334,1.2720166444778442
1629796520669,0.5953881740570068,-0.3309362232685089,-0.3998042941093445,1.2987391948699951
1629796520794,0.5953881740570068,-0.344988077878952,-0.4114296734333038,1.3012803792953491
1629796520919,0.5953881740570068,-0.3558005392551422,-0.4003994464874267,1.3274695873260498
1629796520966,0.5953881740570068,-0.3523387014865875,-0.3796353042125702,1.3550267219543457
1629796521108,0.5953881740570068,-0.3232550621032715,-0.3636187016963959,1.3550267219543457
1629796521218,0.5953881740570068,-0.2712802290916443,-0.3586180210113525,1.3550267219543457
1629796521311,0.5953881740570068,-0.2148254513740539,-0.362330675125122,1.3550267219543457
1629796521389,0.5953881740570068,-0.1754229068756103,-0.3718015551567077,1.3550267219543457
1629796521499,0.5953881740570068,-0.1608181148767471,-0.3851049244403839,1.3550267219543457
1629796521608,0.5953881740570068,-0.1637976318597793,-0.3900536596775055,1.3550267219543457
1629796521702,0.5953881740570068,-0.1714428514242172,-0.3683646917343139,1.3550267219543457
1629796521811,0.5953881740570068,-0.1761142313480377,-0.317424863576889,1.3550267219543457
1629796521921,0.5953881740570068,-0.1815707832574844,-0.2573449909687042,1.3550267219543457
1629796522030,0.5953881740570068,-0.1931713670492172,-0.2065257281064987,1.3550267219543457
1629796522077,0.5953881740570068,-0.2084037214517593,-0.1708094626665115,1.3550267219543457
1629796522204,0.5953881740570068,-0.2152053117752075,-0.1494489163160324,1.3550267219543457
1629796522298,0.5953881740570068,-0.191802367568016,-0.1413101851940155,1.3550267219543457
1629796522454,0.5953881740570068,-0.1230467483401298,-0.1430911123752594,1.3550267219543457
1629796522516,0.5953881740570068,-0.0296263098716735,-0.1479332894086837,1.3550267219543457
1629796522641,0.5953881740570068,0.0511469207704067,-0.149873748421669,1.3550267219543457
1629796522704,0.5953881740570068,0.0971428230404853,-0.1492871046066284,1.3550267219543457
1629796522798,0.5953881740570068,0.1085133850574493,-0.1515450775623321,1.3550267219543457
1629796522891,0.5953881740570068,0.1019263118505477,-0.1603429913520813,1.3550267219543457
1629796523032,0.5953881740570068,0.094012551009655,-0.174905851483345,1.3550267219543457
1629796523110,0.5953881740570068,0.0903900936245918,-0.1953007131814956,1.3550267219543457
1629796523222,0.5953881740570068,0.0885857194662094,-0.2224705070257187,1.3550267219543457
1629796523331,0.5953881740570068,0.085986316204071,-0.2545019388198852,1.3550267219543457
1629796523409,0.5953881740570068,0.0841300189495086,-0.2856331467628479,1.3550267219543457
1629796523534,0.5953881740570068,0.0849870443344116,-0.3125899732112884,1.3550267219543457
1629796523628,0.5953881740570068,0.0893858447670936,-0.3345169723033905,1.2453668117523191
1629796523737,0.6400375366210938,0.0952828153967857,-0.3423980474472046,1.2558791637420654
1629796523862,0.690420925617218,0.0955673083662986,-0.3237093985080719,1.2654238939285278
1629796523940,0.7357755899429321,0.0791589766740799,-0.2816336452960968,1.268425703048706
1629796524065,0.7774738669395447,0.0403123721480369,-0.2364351004362106,1.2638283967971802
1629796524128,0.8116298913955688,-0.013245353475213,-0.2043233662843704,1.2557682991027832
1629796524254,0.8381848931312561,-0.0614483095705509,-0.1866254806518554,1.2474567890167236
1629796524365,0.8746392726898193,-0.0856314972043037,-0.1715877801179886,1.243212103843689
1629796524474,0.9403554797172546,-0.0876503363251686,-0.1499722301959991,1.2580724954605105
1629796524521,1.0422492027282717,-0.0790363848209381,-0.1199285760521888,1.3074909448623655
1629796524615,1.1476290225982666,-0.0665035098791122,-0.085921511054039,1.3074909448623655
1629796524693,1.1476290225982666,-0.0516543574631214,-0.0523660369217395,1.3074909448623655
1629796524865,1.1476290225982666,-0.0336738489568233,-0.0186773929744958,1.3152588605880735
1629796524959,1.1757484674453735,-0.0133786499500274,0.0147839616984128,1.3211631774902344
1629796525052,1.2046595811843872,0.0066305394284427,0.0481917038559913,1.326737880706787
1629796525130,1.23370623588562,0.0232531428337097,0.0815164372324943,1.332484483718872
1629796525255,1.2636833190917969,0.0323624648153781,0.1101305112242698,1.3368874788284302
1629796525349,1.2958897352218628,0.0286450535058975,0.1314990818500518,1.3405650854110718
1629796525505,1.3309260606765747,0.0067998277954757,0.1487068831920623,1.3490262031555176
1629796525584,1.370129108428955,-0.0312035884708166,0.1650015115737915,1.369334101676941
1629796525646,1.4175831079483032,-0.0728605464100837,0.1812274158000946,1.4053114652633667
1629796525771,1.4793773889541626,-0.0957194343209266,0.1956977397203445,1.4053114652633667
1629796525849,1.4793773889541626,-0.0861893817782402,0.2055063843727111,1.4053114652633667
1629796525943,1.4793773889541626,-0.050638411194086,0.2099900096654892,1.4053114652633667
1629796526102,1.4793773889541626,-0.0071809231303632,0.2079189717769622,1.4053114652633667
1629796526181,1.4793773889541626,0.0324387662112712,0.1974155902862548,1.4053114652633667
1629796526259,1.4793773889541626,0.0616085678339004,0.1776164025068283,1.4053114652633667
1629796526368,1.4793773889541626,0.0766249150037765,0.1482291668653488,1.4053114652633667
1629796526431,1.4793773889541626,0.0768099948763847,0.1119120121002197,1.4053114652633667
1629796526540,1.4793773889541626,0.0646355524659156,0.0715068727731704,1.4053114652633667
1629796526665,1.4793773889541626,0.0441443026065826,0.0276017989963293,1.4053114652633667
1629796526759,1.4793773889541626,0.021415714174509,-0.0187696237117052,1.4053114652633667
1629796526852,1.4793773889541626,0.00177814043127,-0.0661340802907943,1.4053114652633667
1629796526977,1.4793773889541626,-0.0110130561515688,-0.1163464337587356,1.4053114652633667
1629796527055,1.4793773889541626,-0.0171617697924375,-0.1691742539405822,1.4053114652633667
1629796527167,1.4793773889541626,-0.0204564146697521,-0.2221632897853851,1.4053114652633667
1629796527323,1.4793773889541626,-0.0283200424164533,-0.2686109840869903,1.4053114652633667
1629796527417,1.4793773889541626,-0.0495220832526683,-0.3016953468322754,1.4053114652633667
1629796527495,1.4793773889541626,-0.0911672934889793,-0.3199809193611145,1.4053114652633667
1629796527636,1.4793773889541626,-0.1529208123683929,-0.322841614484787,1.4053114652633667
1629796527683,1.4793773889541626,-0.2284387946128845,-0.306210994720459,1.4053114652633667
1629796527761,1.4793773889541626,-0.3029894828796386,-0.2591323256492615,1.4053114652633667
1629796527901,1.4793773889541626,-0.3517553806304931,-0.1727534830570221,1.4053114652633667
1629796527979,1.4793773889541626,-0.3562473952770233,-0.0691959932446479,1.4053114652633667
1629796528104,1.4793773889541626,-0.3231185376644134,0.0180033482611179,1.4053114652633667
1629796528185,1.4793773889541626,-0.2788532972335815,0.0706033408641815,1.4053114652633667
1629796528279,1.4793773889541626,-0.2435125559568405,0.0918285250663757,1.4053114652633667
1629796528404,1.4793773889541626,-0.2216019034385681,0.094450332224369,1.4053114652633667
1629796528560,1.4793773889541626,-0.2110765278339386,0.0895283445715904,1.4053114652633667
1629796528592,1.4793773889541626,-0.2070633769035339,0.0815140530467033,1.4053114652633667
1629796528685,1.4793773889541626,-0.1996856331825256,0.0744231715798378,1.4053114652633667
1629796528795,1.4793773889541626,-0.1758321076631546,0.0717648267745971,1.4053114652633667
1629796528873,1.4793773889541626,-0.12781922519207,0.0720776244997978,1.4053114652633667
1629796529000,1.4793773889541626,-0.0664837509393692,0.0707460641860961,1.4053114652633667
1629796529125,1.4793773889541626,-0.0121722817420959,0.0653352066874504,0.9554449915885924
1629796529219,1.4793773889541626,0.0210083425045013,0.0589031688868999,0.9732410311698914
1629796529312,0.1778684854507446,0.0327012427151203,0.0502858087420463,0.9878764152526855
1629796529453,0.1697047352790832,0.0291740633547306,0.0294952727854251,1.0017170906066897
1629796529547,0.1613997519016266,0.0183159355074167,-0.0082301087677478,1.0138118267059326
1629796529625,0.1594363451004028,0.0052855219691991,-0.0515746027231216,1.0203001499176023
1629796529734,0.1636824607849121,-0.0028158917557448,-0.0793611854314804,1.0203708410263062
1629796529812,0.1636824607849121,0.0004725388425868,-0.0846944153308868,1.0203708410263062
1629796529937,0.1636824607849121,0.0148487910628318,-0.0782456472516059,1.0203708410263062
1629796530032,0.1636824607849121,0.0336628071963787,-0.0635796040296554,1.0203708410263062
1629796530157,0.1636824607849121,0.0484275631606578,-0.0273105930536985,1.0203708410263062
1629796530235,0.1636824607849121,0.0533488653600215,0.03591113910079,1.0203708410263062
1629796530360,0.1636824607849121,0.0468608736991882,0.1083288043737411,1.0318892002105713
1629796530423,0.1636824607849121,0.0340184420347213,0.171235129237175,1.043405055999756
1629796530548,0.1612301915884018,0.0259134005755186,0.2158556878566742,1.052562594413757
1629796530657,0.1559053361415863,0.0322943106293678,0.2451729923486709,1.058821201324463
1629796530719,0.1510236114263534,0.053720872849226,0.2636158466339111,1.0628830194473269
1629796530813,0.1490173488855362,0.0792191401124,0.271087646484375,1.0649638175964355
1629796530954,0.1490173488855362,0.0983402952551841,0.2677900195121765,1.0649638175964355
1629796531032,0.1490173488855362,0.1078247353434562,0.2581360638141632,1.0649638175964355
1629796531160,0.1490173488855362,0.1098715215921402,0.2531020045280456,1.0649638175964355
1629796531253,0.1490173488855362,0.106458231806755,0.2639291286468506,1.0649638175964355
1629796531300,0.1490173488855362,0.0972932651638984,0.2892787456512451,1.0649638175964355
1629796531425,0.1490173488855362,0.0833798199892044,0.3153800666332245,1.0649638175964355
1629796531566,0.1490173488855362,0.0692082569003105,0.3275648653507232,1.0649638175964355
1629796531675,0.1490173488855362,0.0602152682840824,0.3177530765533447,1.0649638175964355
1629796531769,0.1490173488855362,0.0550639554858207,0.2841228544712066,1.0649638175964355
1629796531816,0.1490173488855362,0.0444423258304595,0.2312613129615783,1.0649638175964355
1629796531925,0.1490173488855362,0.0151535002514719,0.1680486351251602,1.0649638175964355
1629796532034,0.1490173488855362,-0.0418861806392669,0.1067963019013404,1.0649638175964355
1629796532177,0.1490173488855362,-0.1259113997220993,0.0545226857066154,1.0649638175964355
1629796532255,0.1490173488855362,-0.2251587510108947,0.0108876666054129,1.0649638175964355
1629796532365,0.1490173488855362,-0.3148486018180847,-0.0208782460540533,1.0649638175964355
1629796532443,0.1490173488855362,-0.3688182532787323,-0.0373571664094924,1.0649638175964355
1629796532568,0.3194234371185303,-0.3777250647544861,-0.0428210608661174,0.9056205153465272
1629796532661,0.3194234371185303,-0.3510136008262634,-0.0535613074898719,0.9056205153465272
1629796532786,0.3194234371185303,-0.304029107093811,-0.0844888761639595,0.9056205153465272
1629796532864,0.3194234371185303,-0.248731330037117,-0.1347884535789489,0.9056205153465272
1629796532974,0.3194234371185303,-0.1909871101379394,-0.1784237176179886,0.9056205153465272
1629796533049,0.3194234371185303,-0.13877534866333,-0.1824570447206497,0.9056205153465272
1629796533162,0.3194234371185303,-0.0956279709935188,-0.1391437500715255,0.9056205153465272
1629796533287,0.3194234371185303,-0.0579344183206558,-0.0584980808198452,0.9056205153465272
1629796533381,0.3194234371185303,-0.0218783132731914,0.0428901426494121,0.9056205153465272
1629796533490,0.3194234371185303,0.0109166419133543,0.1420065611600875,0.9056205153465272
1629796533568,0.3194234371185303,0.0365971177816391,0.221428781747818,0.9056205153465272
1629796533678,0.3194234371185303,0.0532808192074298,0.2756824791431427,0.9056205153465272
1629796533771,0.3194234371185303,0.0653406381607055,0.3100215196609497,0.9056205153465272
1629796533865,0.3194234371185303,0.0787931457161903,0.333072692155838,0.9056205153465272
1629796534006,0.3194234371185303,0.0984901115298271,0.3492332994937897,0.9056205153465272
1629796534084,0.3194234371185303,0.1220030412077903,0.3584609627723694,0.9056205153465272
1629796534211,0.3194234371185303,0.1410157531499862,0.3600232303142547,0.9056205153465272
1629796534258,0.3194234371185303,0.148282840847969,0.3548666834831238,0.9056205153465272
1629796534383,0.3194234371185303,0.1442094445228576,0.3457054197788238,0.9056205153465272
1629796534461,0.3194234371185303,0.134805679321289,0.3352915942668915,0.9056205153465272
1629796534602,0.3194234371185303,0.1279079020023346,0.3253495097160339,0.9056205153465272
1629796534711,0.3194234371185303,0.1248917356133461,0.3149227201938629,0.9056205153465272
1629796534789,0.3194234371185303,0.1208656281232833,0.2987591326236725,0.9056205153465272
1629796534883,0.3194234371185303,0.1136006414890289,0.2701420783996582,0.9056205153465272
1629796534978,0.3194234371185303,0.1080595925450325,0.2280782014131546,0.9056205153465272
1629796535103,0.3194234371185303,0.1107024326920509,0.1797180622816085,0.9056205153465272
1629796535244,1.078752517700195,0.1226651594042778,0.1375215351581573,1.1336913108825684
1629796535306,1.018612027168274,0.1385128498077392,0.1102562695741653,1.0956993103027344
1629796535384,0.9542396664619446,0.1495617032051086,0.0971876010298729,1.080905199050903
1629796535541,0.8950557112693787,0.1474157124757766,0.0921051129698753,1.0781759023666382
1629796535588,0.8476542830467224,0.1296375691890716,0.0906584411859512,1.0723334550857544
1629796535713,0.8138405084609985,0.1032838895916938,0.0911992415785789,1.054692268371582
1629796535853,0.7908185124397278,0.0781054124236106,0.0935324281454086,1.027235984802246
1629796535931,0.7734683752059937,0.0563080534338951,0.097991719841957,0.9972357153892516
1629796536012,0.7734683752059937,0.0312696620821952,0.102340430021286,0.974932074546814
1629796536122,0.7734683752059937,-0.0036400281824171,0.1056464314460754,0.9740756154060364
1629796536184,0.7734683752059937,-0.0468775331974029,0.1139766573905944,0.9740756154060364
1629796536309,0.7734683752059937,-0.0900180116295814,0.1305500268936157,0.9740756154060364
1629796536434,0.7027474045753479,-0.1256395429372787,0.1509601771831512,0.9347378611564636
1629796536528,0.6073909401893616,-0.1503911465406417,0.1683953553438186,0.8987051248550415
1629796536621,0.4958529770374298,-0.1636915504932403,0.1813235580921173,0.8806610107421875
1629796536715,0.3939389586448669,-0.1686143577098846,0.1916666030883789,0.8785720467567444
1629796536840,0.3392124772071838,-0.1743417829275131,0.1980693489313125,0.8760803937911987
1629796536965,0.3538204431533813,-0.1849029660224914,0.194307804107666,0.8554377555847168
1629796537059,0.4115614891052246,-0.1943315863609314,0.1811886727809906,0.8091241121292114
1629796537153,0.4115614891052246,-0.1911402940750122,0.1715883165597915,0.7477038502693176
1629796537262,0.4115614891052246,-0.166154608130455,0.1839459836483001,0.9644397497177124
1629796537356,0.4115614891052246,-0.1162276118993759,0.2225714176893234,1.0178215503692627
1629796537434,0.4115614891052246,-0.0485793203115463,0.2723947167396545,1.0178215503692627
1629796537512,0.4115614891052246,0.0185113865882158,0.3145048022270202,1.0178215503692627
1629796537668,0.4115614891052246,0.0689125135540962,0.3392046689987182,1.0178215503692627
1629796537777,0.4115614891052246,0.0982447415590286,0.3449428677558899,1.0178215503692627
1629796537855,0.4115614891052246,0.1116037517786026,0.3364869952201843,1.0178215503692627
1629796537949,0.4115614891052246,0.1144588887691497,0.3204195201396942,1.0178215503692627
1629796538027,0.4115614891052246,0.1091139987111091,0.3022316098213196,1.0178215503692627
1629796538124,0.4115614891052246,0.0964018031954765,0.283496618270874,1.0178215503692627
1629796538280,0.4115614891052246,0.0796787217259407,0.2638046741485595,1.0178215503692627
1629796538327,0.4115614891052246,0.0681120008230209,0.2447449266910553,1.0178215503692627
1629796538467,0.4115614891052246,0.0710124671459198,0.232664555311203,1.0178215503692627
1629796538561,0.4115614891052246,0.0873131155967712,0.2312186658382415,1.0178215503692627
1629796538639,0.4115614891052246,0.1054055094718933,0.2352994382381439,1.0178215503692627
1629796538749,0.4115614891052246,0.1114520877599716,0.2314724624156952,1.0178215503692627
1629796538889,0.4115614891052246,0.0964822173118591,0.2076496630907058,1.0178215503692627
1629796538983,0.4115614891052246,0.0609715357422828,0.1639575660228729,1.0178215503692627
1629796539061,0.4115614891052246,0.013867212459445,0.1166315749287605,1.0178215503692627
1629796539155,0.4115614891052246,-0.0299358982592821,0.0856879130005836,1.0178215503692627
1629796539248,0.4115614891052246,-0.0585285872220993,0.0720876604318618,1.0178215503692627
1629796539373,0.4115614891052246,-0.0708880946040153,0.0581281334161758,1.0178215503692627
1629796539467,0.4115614891052246,-0.0700461491942405,0.0343698188662529,1.0178215503692627
1629796539623,0.4115614891052246,-0.0625705271959304,0.0081855030730366,1.0178215503692627
1629796539670,0.6315479278564453,-0.0545908957719802,-0.0060920985415577,1.169344782829285
1629796539780,0.6315479278564453,-0.0515003427863121,-0.0047625754959881,1.169344782829285
1629796539842,0.6315479278564453,-0.0597762092947959,0.0041628112085163,1.169344782829285
1629796539936,0.6315479278564453,-0.086171805858612,0.0138936508446931,1.169344782829285
1629796540092,0.6315479278564453,-0.1308576613664627,0.0252423621714115,1.169344782829285
1629796540170,0.6315479278564453,-0.1834683269262313,0.0363137163221836,1.169344782829285
1629796540282,0.6315479278564453,-0.2283896654844284,0.0424453355371952,1.169344782829285
1629796540407,0.6315479278564453,-0.2549413442611694,0.0409622900187969,1.169344782829285
1629796540500,0.6315479278564453,-0.2699716687202453,0.0322306789457798,1.169344782829285
1629796540594,0.6315479278564453,-0.278850644826889,0.0175415556877851,1.169344782829285
1629796540688,0.6315479278564453,-0.2774280309677124,-0.0003559821052476,1.169344782829285
1629796540782,0.6315479278564453,-0.2630906105041504,-0.0160169210284948,1.169344782829285
1629796540860,0.6315479278564453,-0.2435679137706756,-0.0224961955100297,1.169344782829285
1629796540972,0.6315479278564453,-0.2301189005374908,-0.0128378057852387,1.169344782829285
1629796541113,0.6315479278564453,-0.2219079583883285,0.0148280337452888,1.169344782829285
1629796541175,0.6315479278564453,-0.2132946550846099,0.0524219609797,1.169344782829285
1629796541331,0.6315479278564453,-0.2027561217546463,0.0861505791544914,1.169344782829285
1629796541409,0.6315479278564453,-0.1924375593662262,0.1062740236520767,1.169344782829285
1629796541503,0.6315479278564453,-0.1825598329305648,0.1100723147392273,1.169344782829285
1629796541597,0.6315479278564453,-0.1697606742382049,0.0979949533939361,1.169344782829285
1629796541722,0.6315479278564453,-0.1485367566347122,0.0753890499472618,1.169344782829285
1629796541831,0.6315479278564453,-0.1103031262755394,0.0561805330216884,1.169344782829285
1629796541973,0.6315479278564453,-0.0544468201696872,0.0565910227596759,1.169344782829285
1629796542036,0.6315479278564453,0.0049382857978343,0.0779958292841911,1.169344782829285
1629796542115,0.6315479278564453,0.0507312268018722,0.1042925268411636,1.169344782829285
1629796542208,0.6315479278564453,0.0737399384379386,0.1192968115210533,1.169344782829285
1629796542286,0.6315479278564453,0.0756875798106193,0.1191902607679367,1.169344782829285
1629796542427,0.6315479278564453,0.0650689378380775,0.1091848835349083,1.169344782829285
1629796542536,0.6315479278564453,0.0508818328380584,0.0902731716632843,1.169344782829285
1629796542599,0.6315479278564453,0.0365314669907093,0.0572372116148471,1.169344782829285
1629796542739,0.6315479278564453,0.022651981562376,0.007578948047012,1.169344782829285
1629796542833,0.6315479278564453,0.0116482973098754,-0.0500462427735328,1.169344782829285
1629796542927,0.6315479278564453,0.0070285955443978,-0.0969793424010276,1.169344782829285
1629796543005,0.6315479278564453,0.0083829117938876,-0.1215057522058487,1.169344782829285
1629796543114,0.6315479278564453,0.0090797236189246,-0.1271267384290695,1.169344782829285
1629796543239,0.6315479278564453,0.0007470012642443,-0.1238468363881111,1.169344782829285
1629796543317,0.6315479278564453,-0.0243566930294036,-0.1245892122387886,1.169344782829285
1629796543427,0.6315479278564453,-0.0671214684844017,-0.1426364630460739,1.169344782829285
1629796543520,0.6315479278564453,-0.118705041706562,-0.1831675320863723,1.169344782829285
1629796543661,0.6315479278564453,-0.1666249334812164,-0.2376553863286972,1.169344782829285
1629796543739,0.6315479278564453,-0.2013452500104904,-0.2814114987850189,1.169344782829285
1629796543833,0.6315479278564453,-0.2225564122200012,-0.2931908667087555,1.169344782829285
1629796543989,0.6315479278564453,-0.2326797693967819,-0.2737635374069214,1.169344782829285
1629796544036,0.6315479278564453,-0.2367267608642578,-0.2424892485141754,1.169344782829285
1629796544101,0.6315479278564453,-0.2378645539283752,-0.2110614776611328,1.169344782829285
1629796544226,0.6315479278564453,-0.2406479865312576,-0.1795592755079269,1.169344782829285
1629796544367,0.6315479278564453,-0.2443666309118271,-0.1404553949832916,1.169344782829285
1629796544429,0.6315479278564453,-0.2430528253316879,-0.0957142114639282,1.169344782829285
1629796544570,0.6315479278564453,-0.2317812889814376,-0.0559585057199001,1.169344782829285
1629796544648,0.6315479278564453,-0.2120531797409057,-0.026194242760539,1.169344782829285
1629796544742,0.6315479278564453,-0.1914834678173065,0.0025233868509531,1.169344782829285
1629796544835,0.6315479278564453,-0.1735770851373672,0.0404591187834739,1.169344782829285
1629796544960,0.6315479278564453,-0.1612349152565002,0.083694577217102,1.169344782829285
1629796545085,0.6315479278564453,-0.1558870673179626,0.1184257417917251,1.169344782829285
1629796545183,0.6315479278564453,-0.1535950452089309,0.1371462196111679,1.169344782829285
1629796545261,0.6315479278564453,-0.1491917818784713,0.140965536236763,1.169344782829285
1629796545370,0.6315479278564453,-0.1382685452699661,0.1358061134815216,1.169344782829285
1629796545417,0.6315479278564453,-0.1239086166024208,0.1251282840967178,1.169344782829285
1629796545573,0.6315479278564453,-0.1109558045864105,0.1131635606288909,1.169344782829285
1629796545667,0.6315479278564453,-0.1028370261192321,0.1023899689316749,1.169344782829285
1629796545729,0.6315479278564453,-0.0988622829318046,0.0941405817866325,1.2101476192474363
1629796545854,0.6315479278564453,-0.0991492494940757,0.0872282609343528,1.2347859144210815
1629796545948,0.6315479278564453,-0.1055404618382453,0.0824601501226425,1.2347859144210815
1629796546042,1.2829813957214355,-0.1173325330018997,0.0837220475077629,1.2347859144210815
1629796546185,1.4352391958236694,-0.1313839256763458,0.0924339964985847,1.4719083309173584
1629796546278,1.5671882629394531,-0.1456967443227768,0.099232792854309,1.4719083309173584
1629796546372,1.5671882629394531,-0.1645348370075225,0.0914674550294876,1.4719083309173584
1629796546450,1.5671882629394531,-0.1889851242303848,0.065386489033699,1.4719083309173584
1629796546560,1.5671882629394531,-0.2075715661048889,0.031797632575035,1.4719083309173584
1629796546669,1.5671882629394531,-0.2075343430042266,0.0065627661533653,1.4719083309173584
1629796546794,1.5671882629394531,-0.1910753101110458,-0.0030181666370481,1.4719083309173584
1629796546903,1.5671882629394531,-0.1752533763647079,-0.0023283115588128,1.4719083309173584
1629796546997,1.5671882629394531,-0.1658035367727279,0.0048760417848825,1.4719083309173584
1629796547091,1.5671882629394531,-0.149595707654953,0.0174839869141578,1.4719083309173584
1629796547203,1.5671882629394531,-0.1155662834644317,0.0330583155155181,1.4719083309173584
1629796547282,1.632427453994751,-0.0729118585586547,0.0433214604854583,1.4719083309173584
1629796547438,1.7025160789489746,-0.0403401106595993,0.040516834706068,1.4719083309173584
1629796547500,1.7025160789489746,-0.0277265384793281,0.0225628744810819,1.4719083309173584
1629796547563,1.7025160789489746,-0.0337335802614688,-0.0073205921798944,1.4719083309173584
1629796547703,1.7025160789489746,-0.0503235720098018,-0.0478584580123424,1.4719083309173584
1629796547781,1.7025160789489746,-0.067545898258686,-0.1003442332148552,1.4719083309173584
1629796547875,1.7025160789489746,-0.0777307972311973,-0.1623139381408691,1.4719083309173584
1629796548016,1.7025160789489746,-0.0800988972187042,-0.2206293791532516,1.4719083309173584
1629796548141,1.7025160789489746,-0.0806173980236053,-0.2620581984519958,1.4719083309173584
1629796548203,1.7025160789489746,-0.0853322520852088,-0.2849317789077759,1.4719083309173584
1629796548313,1.7025160789489746,-0.0933330431580543,-0.2984334230422973,1.216506838798523
1629796548375,0.9625136852264404,-0.0956482887268066,-0.3063292801380157,1.2629519701004028
1629796548500,1.009913682937622,-0.0863580405712127,-0.3090800642967224,1.3250941038131714
1629796548641,1.039421558380127,-0.0721668004989624,-0.3079627156257629,1.3806008100509644
1629796548703,1.0470315217971802,-0.0657231956720352,-0.3025340735912323,1.4150067567825315
1629796548781,1.0349663496017456,-0.0709124729037284,-0.2866553962230682,1.4256778955459597
1629796548891,1.0194343328475952,-0.0765452459454536,-0.2599230110645294,1.4219211339950562
1629796549000,1.0194343328475952,-0.0601440668106079,-0.2312344163656234,1.425297498703003
1629796549109,1.0194343328475952,-0.0097695691511034,-0.2066775411367416,1.463306188583374
1629796549234,1.0194343328475952,0.059319008141756,-0.1847841888666153,1.530875563621521
1629796549312,1.0194343328475952,0.1203786730766296,-0.1634541898965835,1.530875563621521
1629796549437,1.0194343328475952,0.1582520455121994,-0.1455359309911728,1.530875563621521
1629796549500,1.0194343328475952,0.1743520498275756,-0.135292187333107,1.5485117435455322
1629796549593,1.0446428060531616,0.180133432149887,-0.1315383464097976,1.5699145793914795
1629796549687,1.061837673187256,0.1855163723230362,-0.1278401762247085,1.5950709581375122
1629796549859,1.0810132026672363,0.1940282732248306,-0.1203065663576126,1.6204075813293457
1629796549953,1.0659021139144895,0.2025764286518097,-0.1109235137701034,1.640705943107605
1629796550047,1.0479766130447388,0.2050821930170059,-0.1071250289678573,1.652591109275818
1629796550143,1.0208710432052612,0.1980903148651123,-0.1102703139185905,1.6583861112594604
1629796550252,1.0016944408416748,0.1845229864120483,-0.1104308888316154,1.669075846672058
1629796550299,1.0016944408416748,0.1713307648897171,-0.095946691930294,1.702316403388977
1629796550424,1.0016944408416748,0.1615660488605499,-0.0703872665762901,1.702316403388977
1629796550564,1.0016944408416748,0.1474232673645019,-0.0477759167551994,1.702316403388977
1629796550643,1.0016944408416748,0.1174407228827476,-0.0388622172176837,1.702316403388977
1629796550736,1.0016944408416748,0.0680629834532737,-0.0414441190659999,1.702316403388977
1629796550814,1.0016944408416748,0.010744065977633,-0.0462167970836162,1.702316403388977
1629796550986,1.0016944408416748,-0.0332307331264019,-0.0471513010561466,1.702316403388977
1629796551096,1.0016944408416748,-0.0470495969057083,-0.0449332632124424,1.702316403388977
1629796551142,1.0016944408416748,-0.032759491354227,-0.0433680564165115,1.702316403388977
1629796551236,1.0016944408416748,-0.0059160124510526,-0.0434297658503055,1.702316403388977
1629796551361,1.0016944408416748,0.0152800837531685,-0.0429600849747657,1.702316403388977
1629796551470,1.0016944408416748,0.021426748484373,-0.0397474579513073,1.702316403388977
1629796551517,1.0016944408416748,0.0160484351217746,-0.0317847058176994,1.702316403388977
1629796551642,1.0016944408416748,0.0075300722382962,-0.0231655482202768,1.702316403388977
1629796551752,1.0016944408416748,0.0001515341864433,-0.0245262123644351,1.702316403388977
1629796551861,1.0016944408416748,-0.007343697361648,-0.0424866490066051,1.702316403388977
1629796551970,1.0016944408416748,-0.0129703246057033,-0.0699372738599777,1.702316403388977
1629796552064,1.0016944408416748,-0.0116132237017154,-0.0912045463919639,1.702316403388977
1629796552129,1.0016944408416748,0.0048509510233998,-0.098936840891838,1.702316403388977
1629796552270,1.0016944408416748,0.0447910390794277,-0.1027776226401329,1.702316403388977
1629796552395,1.0016944408416748,0.1044173762202262,-0.1140554174780845,1.702316403388977
1629796552473,1.0016944408416748,0.1656741499900818,-0.131865307688713,1.702316403388977
1629796552567,1.0016944408416748,0.2058234065771103,-0.1477865129709243,1.702316403388977
1629796552645,1.0016944408416748,0.2139799743890762,-0.1538260579109192,1.702316403388977
1629796552739,1.0016944408416748,0.1945458352565765,-0.1527239978313446,1.702316403388977
1629796552910,1.0016944408416748,0.1628820747137069,-0.1536835432052612,1.702316403388977
1629796552973,1.0016944408416748,0.1352443844079971,-0.1642089933156967,1.702316403388977
1629796553085,1.0016944408416748,0.119741067290306,-0.1856951415538787,1.702316403388977
1629796553181,1.0016944408416748,0.114279918372631,-0.212930828332901,1.702316403388977
1629796553306,1.0016944408416748,0.115775853395462,-0.2400072067975998,1.702316403388977
1629796553353,1.0016944408416748,0.1240322440862655,-0.2701476812362671,1.702316403388977
1629796553494,0.3669291734695434,0.1372968554496765,-0.3112853467464447,1.0337976217269895
1629796553634,0.3570073246955871,0.1512624323368072,-0.3655502200126648,0.9983518719673156
1629796553681,0.3727463185787201,0.1561494618654251,-0.4229003190994262,0.9587079286575316
1629796553775,0.3727463185787201,0.1386407166719436,-0.4603838920593261,0.945730686187744
1629796553900,0.3727463185787201,0.0923273637890815,-0.4534199237823486,0.945730686187744
1629796553947,0.3727463185787201,0.0244431365281343,-0.3908719420433044,0.945730686187744
1629796554119,0.3727463185787201,-0.0415698029100894,-0.2984019517898559,0.945730686187744
1629796554215,0.3727463185787201,-0.0857890322804451,-0.2172867953777313,0.945730686187744
1629796554293,0.3727463185787201,-0.1079413965344429,-0.1667490154504776,0.945730686187744
1629796554387,0.3727463185787201,-0.1180248782038688,-0.1412595063447952,0.945730686187744
1629796554496,0.7077049016952515,-0.1206211224198341,-0.1230962127447128,0.945730686187744
1629796554574,0.835315465927124,-0.1199667677283287,-0.0949738174676895,0.945730686187744
1629796554715,0.920739471912384,-0.1176947429776191,-0.0582993999123573,0.9178719520568848
1629796554840,0.9618490934371948,-0.1120051741600036,-0.0242913179099559,0.9079923033714294
1629796554902,1.0122772455215454,-0.1003765612840652,0.0009439126588404,0.9426228404045104
1629796554980,1.0760719776153564,-0.0844882801175117,0.0238725319504737,0.941445291042328
1629796555090,1.15766179561615,-0.0718742236495018,0.0537255704402923,0.9675472974777222
1629796555184,1.15766179561615,-0.0676027610898017,0.0916646420955658,0.9675472974777222
1629796555324,1.15766179561615,-0.0698950141668319,0.1298167407512664,0.9675472974777222
1629796555449,1.15766179561615,-0.0747382119297981,0.1599321216344833,0.9675472974777222
1629796555512,1.15766179561615,-0.0814965516328811,0.1743264943361282,0.9675472974777222
1629796555621,1.15766179561615,-0.0904025137424469,0.1729016005992889,0.9675472974777222
1629796555730,1.15766179561615,-0.0953208953142166,0.1657373160123825,0.9675472974777222
1629796555793,1.15766179561615,-0.0842196270823478,0.1668787449598312,0.9675472974777222
1629796555965,1.15766179561615,-0.0552854463458061,0.1799393892288208,0.9675472974777222
1629796556012,1.15766179561615,-0.0220606457442045,0.1955858618021011,0.9675472974777222
1629796556136,1.15766179561615,0.002205993514508,0.2011872082948684,0.9675472974777222
1629796556215,1.15766179561615,0.0114070130512118,0.1950301229953766,0.9675472974777222
1629796556340,1.15766179561615,0.003768831025809,0.183176189661026,0.9675472974777222
1629796556402,1.15766179561615,-0.0200008451938629,0.171091690659523,0.9675472974777222
1629796556574,1.15766179561615,-0.0575683414936065,0.1563055217266082,0.9675472974777222
1629796556605,1.15766179561615,-0.0968893244862556,0.1329659968614578,0.9675472974777222
1629796556730,1.15766179561615,-0.1171756461262703,0.0988269373774528,0.9675472974777222
1629796556855,1.15766179561615,-0.1031782478094101,0.0556315407156944,0.9675472974777222
1629796556933,1.15766179561615,-0.0670658200979232,0.0050115212798118,0.9675472974777222
1629796557011,1.15766179561615,-0.0310557130724191,-0.0491034127771854,0.9675472974777222
1629796557199,1.15766179561615,-0.0075712352991104,-0.0972517654299736,0.9675472974777222
1629796557277,1.15766179561615,0.0045920116826891,-0.1307545602321624,0.9675472974777222
1629796557342,1.15766179561615,0.0115247946232557,-0.1484629958868026,0.9675472974777222
1629796557420,1.15766179561615,0.0188520271331071,-0.154417023062706,0.9675472974777222
1629796557498,1.15766179561615,0.0289293676614761,-0.1514470279216766,0.9675472974777222
1629796557670,1.15766179561615,0.0417551845312118,-0.1380931735038757,0.9675472974777222
1629796557748,1.15766179561615,0.0544110126793384,-0.1180423945188522,0.9675472974777222
1629796557842,1.15766179561615,0.065541036427021,-0.0971347242593765,1.274848222732544
1629796557967,1.15766179561615,0.0755425691604614,-0.0754358693957328,1.2514292001724243
1629796558061,0.638759970664978,0.0845585763454437,-0.05337755382061,1.2435142993927002
1629796558139,0.6166920065879822,0.0871899351477623,-0.0338651835918426,1.231802463531494
1629796558264,0.6166920065879822,0.0768656432628631,-0.0195533838123083,1.231802463531494
1629796558404,0.6166920065879822,0.0512304902076721,-0.0086180763319134,1.231802463531494
1629796558436,0.6166920065879822,0.0200220867991447,0.0081737376749515,1.231802463531494
1629796558545,0.6166920065879822,0.0005091849598102,0.0387114770710468,1.038690447807312
1629796558654,0.6166920065879822,0.0041537899523973,0.0788324400782585,1.038690447807312
1629796558748,0.6166920065879822,0.023904850706458,0.114444226026535,1.038690447807312
1629796558873,0.6166920065879822,0.0422039330005645,0.1315699815750122,1.038690447807312
1629796558967,0.6166920065879822,0.048493668437004,0.1272600889205932,1.038690447807312
1629796559060,0.6166920065879822,0.0444025285542011,0.1096086800098419,1.038690447807312
1629796559158,0.6166920065879822,0.0370103046298027,0.0895309820771217,1.077950358390808
1629796559283,0.6016830205917358,0.0325897708535194,0.0728532299399375,1.1273651123046875
1629796559361,0.6016830205917358,0.0339727476239204,0.0629130005836486,1.1273651123046875
1629796559454,0.6016830205917358,0.0463835448026657,0.0598794519901275,1.1273651123046875
1629796559579,0.6016830205917358,0.0750029012560844,0.062806561589241,1.1273651123046875
1629796559720,0.6016830205917358,0.1152732074260711,0.0691061690449714,1.1273651123046875
1629796559782,0.6016830205917358,0.155486062169075,0.0762786865234375,1.1273651123046875
1629796559860,0.6016830205917358,0.1855847686529159,0.0855527967214584,1.1273651123046875
1629796560001,0.6016830205917358,0.2005462944507599,0.0961147844791412,1.1273651123046875
1629796560064,0.6016830205917358,0.2001830786466598,0.1016502976417541,1.1273651123046875
1629796560220,0.6016830205917358,0.1871328502893448,0.0952849686145782,1.1273651123046875
1629796560329,0.6016830205917358,0.1696753352880478,0.0770487561821937,1.1273651123046875
1629796560392,0.6016830205917358,0.1584373563528061,0.0560726821422576,1.1273651123046875
1629796560501,0.6016830205917358,0.1577349007129669,0.044994443655014,1.1273651123046875
1629796560610,0.6016830205917358,0.1661509275436401,0.047870323061943,1.1273651123046875
1629796560668,0.6016830205917358,0.1786036640405655,0.0575018152594566,1.1273651123046875
1629796560825,0.6016830205917358,0.1911508738994598,0.0661487057805061,1.1273651123046875
1629796560903,0.6016830205917358,0.2003265470266342,0.0697835832834243,1.1273651123046875
1629796560981,0.6016830205917358,0.2009061723947525,0.0713476315140724,1.1273651123046875
1629796561075,0.6016830205917358,0.1884763836860656,0.0818478837609291,1.1273651123046875
1629796561171,0.6016830205917358,0.1648625433444976,0.1079053878784179,1.1273651123046875
1629796561280,0.6016830205917358,0.1353924721479416,0.1414922475814819,1.1273651123046875
1629796561390,0.6016830205917358,0.1057917848229408,0.1659703552722931,1.1273651123046875
1629796561499,0.6016830205917358,0.0799937397241592,0.1734983175992965,1.1273651123046875
1629796561624,0.6016830205917358,0.0595415420830249,0.1718972623348236,1.1273651123046875
1629796561749,0.6016830205917358,0.0445061884820461,0.1744378805160522,0.4720305204391479
1629796561827,0.8810110688209534,0.0297280475497245,0.1853039860725402,0.4740513265132904
1629796561889,0.9555031657218932,0.0065848887898027,0.19821697473526,0.6210509538650513
1629796562030,0.9555031657218932,-0.0288470461964607,0.2064264416694641,0.6210509538650513
1629796562157,0.9555031657218932,-0.0754725933074951,0.2086938023567199,0.6210509538650513
1629796562235,0.9555031657218932,-0.1273995190858841,0.2097979635000229,0.6210509538650513
1629796562345,0.9555031657218932,-0.1785006076097488,0.2166371345520019,0.6210509538650513
1629796562423,0.9555031657218932,-0.223484456539154,0.2312922924757003,0.6210509538650513
1629796562532,0.9555031657218932,-0.2615134119987488,0.2465893179178238,0.6210509538650513
1629796562642,0.9555031657218932,-0.2961437702178955,0.2492277175188064,0.6210509538650513
1629796562720,0.9555031657218932,-0.3320193886756897,0.2316690981388092,0.6210509538650513
1629796562845,0.9555031657218932,-0.3689354956150055,0.1988656222820282,0.6210509538650513
1629796562938,0.9555031657218932,-0.4004397690296173,0.1649714708328247,0.6168572902679443
1629796563016,1.0109297037124634,-0.4091407656669616,0.139093592762947,0.6368969678878784
1629796563095,1.0109297037124634,-0.3650177717208862,0.1148273274302482,0.6368969678878784
1629796563285,1.0109297037124634,-0.258845716714859,0.0804718360304832,0.6368969678878784
1629796563332,1.0109297037124634,-0.1324104070663452,0.0355278365314006,0.6368969678878784
1629796563425,1.0109297037124634,-0.0279023461043834,-0.0078995730727911,0.6368969678878784
1629796563566,1.0109297037124634,0.0406462885439395,-0.0401705205440521,0.6368969678878784
1629796563692,1.0109297037124634,0.0786829963326454,-0.0653390809893608,0.6368969678878784
1629796563754,1.0109297037124634,0.0978558436036109,-0.0967760980129242,0.6368969678878784
1629796563879,1.0109297037124634,0.1093619167804718,-0.1474616974592209,0.6368969678878784
1629796563926,1.0109297037124634,0.1195815950632095,-0.2244067639112472,0.6368969678878784
1629796564082,1.0109297037124634,0.1335726678371429,-0.3176843822002411,0.6368969678878784
1629796564129,1.0109297037124634,0.154894009232521,-0.3830747306346893,0.6368969678878784
1629796564242,1.0109297037124634,0.1827476471662521,-0.3617941439151764,0.6368969678878784
1629796564320,1.0109297037124634,0.2109710425138473,-0.260499894618988,0.6368969678878784
1629796564461,1.0905663967132568,0.2322917282581329,-0.1417637318372726,1.3295103311538696
1629796564554,1.1644126176834106,0.2432761937379837,-0.044073861092329,1.3739635944366455
1629796564679,1.1644126176834106,0.2406940013170242,0.0239690467715263,1.4374874830245972
1629796564757,1.1644126176834106,0.2187817692756652,0.0662616193294525,1.5041860342025757
1629796564835,1.1644126176834106,0.1764368563890457,0.0894216671586036,1.5041860342025757
1629796564960,1.1644126176834106,0.1210300773382186,0.099457249045372,1.5041860342025757
1629796565057,1.1644126176834106,0.0660469383001327,0.1037066802382469,1.5041860342025757
1629796565151,1.1644126176834106,0.0213930401951074,0.1117283999919891,1.5041860342025757
1629796565291,1.1644126176834106,-0.0101503981277346,0.1308758556842804,1.5041860342025757
1629796565401,1.1644126176834106,-0.0318262614309787,0.1596118062734604,1.5041860342025757
1629796565494,1.1644126176834106,-0.0498023964464664,0.1873100996017456,1.5041860342025757
1629796565541,1.1644126176834106,-0.0752562433481216,0.2033648490905761,1.4638116359710691
1629796565666,1.2276999950408936,-0.1180043295025825,0.201826274394989,1.495781183242798
1629796565838,1.2276999950408936,-0.1774273812770843,0.1832950115203857,1.5207841396331787
1629796565869,1.2276999950408936,-0.2338408380746841,0.1556006222963333,1.5425801277160645
1629796566010,1.2276999950408936,-0.2581950724124908,0.1303205043077469,1.5662438869476318
1629796566106,1.2276999950408936,-0.2460222393274307,0.1136358305811882,1.5662438869476318
1629796566153,1.2276999950408936,-0.221056193113327,0.1015822291374206,1.5662438869476318
1629796566294,1.2276999950408936,-0.2013018727302551,0.0890305936336517,1.5662438869476318
1629796566388,1.2276999950408936,-0.1883798837661743,0.0777595415711402,1.5662438869476318
1629796566528,1.2276999950408936,-0.1750964373350143,0.0731572732329368,1.5662438869476318
1629796566591,1.2276999950408936,-0.1571395993232727,0.0730153545737266,1.5662438869476318
1629796566653,1.2276999950408936,-0.1360993832349777,0.0686370283365249,1.5662438869476318
1629796566763,1.2276999950408936,-0.1161654368042945,0.054563645273447,1.5662438869476318
1629796566887,1.2276999950408936,-0.0992393717169761,0.0385918170213699,1.5662438869476318
1629796566981,1.2276999950408936,-0.086109809577465,0.0371980108320713,1.5662438869476318
1629796567093,1.2276999950408936,-0.0775777101516723,0.0564155727624893,1.5662438869476318
1629796567171,1.2276999950408936,-0.0758085697889328,0.0840699076652526,1.5662438869476318
1629796567265,1.2276999950408936,-0.0830705091357231,0.1016614884138107,1.5662438869476318
1629796567358,1.2276999950408936,-0.0990898236632347,0.0960139036178588,1.5662438869476318
1629796567499,1.2276999950408936,-0.1212674006819725,0.0631424859166145,1.5662438869476318
1629796567639,1.2276999950408936,-0.1456191539764404,0.0091048898175358,1.5662438869476318
1629796567686,1.2276999950408936,-0.1655306965112686,-0.0471888110041618,1.5662438869476318
1629796567811,1.2276999950408936,-0.1756350845098495,-0.0827720984816551,1.5662438869476318
1629796567921,1.2276999950408936,-0.1719134300947189,-0.0884190425276756,1.5662438869476318
1629796568014,1.2276999950408936,-0.1532039940357208,-0.0704073086380958,1.5662438869476318
1629796568155,1.2276999950408936,-0.1236749291419982,-0.0365951061248779,1.5662438869476318
1629796568202,1.2276999950408936,-0.0952495634555816,0.0061221681535243,1.5662438869476318
1629796568342,1.2276999950408936,-0.0783080235123634,0.0466267392039299,1.5662438869476318
1629796568405,1.2276999950408936,-0.0757086873054504,0.0693390145897865,1.5662438869476318
1629796568545,1.2276999950408936,-0.078885979950428,0.0678272619843483,1.5662438869476318
1629796568592,1.2276999950408936,-0.0758727714419364,0.0497681982815265,1.5662438869476318
1629796568717,1.2276999950408936,-0.0611627884209156,0.0313254334032535,1.5662438869476318
1629796568827,1.2276999950408936,-0.0381941385567188,0.0239326115697622,1.5662438869476318
1629796568952,1.2276999950408936,-0.0172844845801591,0.027141323313117,1.5662438869476318
1629796569014,1.2276999950408936,-0.0027742367237806,0.0382758863270282,1.5662438869476318
1629796569140,1.2276999950408936,0.0088697038590908,0.0579474866390228,1.5662438869476318
1629796569236,1.2276999950408936,0.0241564474999904,0.0902095660567283,1.5662438869476318
1629796569329,1.2276999950408936,0.0448923669755458,0.1322289556264877,1.5662438869476318
1629796569486,1.2276999950408936,0.0632082000374794,0.170613408088684,1.5662438869476318
1629796569548,1.2276999950408936,0.0697402358055114,0.1906774491071701,1.5662438869476318
1629796569626,1.2276999950408936,0.0599149800837039,0.1859340667724609,1.5662438869476318
1629796569704,1.2276999950408936,0.0390976220369339,0.1637006253004074,1.5662438869476318
1629796569798,1.2276999950408936,0.0164899341762065,0.1442294269800186,1.5662438869476318
1629796569923,1.2276999950408936,0.0009057843708433,0.1466269791126251,1.5662438869476318
1629796570079,1.2276999950408936,-0.0061497138813138,0.1699497550725937,1.5662438869476318
1629796570189,1.2276999950408936,-0.0065908310934901,0.1970229148864746,1.5662438869476318
1629796570238,1.2276999950408936,-0.0043939067982137,0.215064525604248,1.5662438869476318
1629796570332,1.2276999950408936,-0.0047449232079088,0.2262325882911682,1.5662438869476318
1629796570457,1.2276999950408936,-0.0085316132754087,0.2358989715576172,1.5662438869476318
1629796570551,1.2276999950408936,-0.0143192969262599,0.2426426261663437,1.5662438869476318
1629796570629,1.2276999950408936,-0.0224322341382503,0.2399820536375045,1.5662438869476318
1629796570769,1.2276999950408936,-0.0393073931336402,0.2215373516082763,1.5662438869476318
1629796570832,1.2276999950408936,-0.0731165781617164,0.185759961605072,1.5662438869476318
1629796570941,1.2276999950408936,-0.122734896838665,0.140529990196228,1.5662438869476318
1629796571089,1.2276999950408936,-0.1775185167789459,0.102388396859169,1.5662438869476318
1629796571167,1.2276999950408936,-0.2204034775495529,0.0838674902915954,1.5662438869476318
1629796571245,1.2276999950408936,-0.2427950352430343,0.0780388042330741,1.5662438869476318
1629796571370,1.2276999950408936,-0.246698573231697,0.065242700278759,1.5662438869476318
1629796571495,1.2276999950408936,-0.2413032948970794,0.0389583371579647,1.5662438869476318
1629796571526,1.2276999950408936,-0.2348460853099823,0.01382667850703,1.5662438869476318
1629796571698,1.2276999950408936,-0.2382693439722061,0.0104450434446334,1.5662438869476318
1629796571760,1.2276999950408936,-0.2579644024372101,0.0289562251418828,1.5662438869476318
1629796571885,1.2276999950408936,-0.2876192331314087,0.0454333685338497,1.5662438869476318
1629796571979,1.2276999950408936,-0.3109340369701385,0.0449200123548507,1.5662438869476318
1629796572059,1.2276999950408936,-0.315413624048233,0.030842337757349,1.5662438869476318
1629796572138,1.2276999950408936,-0.3002292513847351,0.0179097037762403,1.5662438869476318
1629796572247,1.2276999950408936,-0.2713005840778351,0.0149522675201296,1.5662438869476318
1629796572434,1.2276999950408936,-0.2330030798912048,0.0211723130196332,1.5662438869476318
1629796572481,1.2276999950408936,-0.1960735768079757,0.0291912257671356,1.5662438869476318
1629796572591,1.2276999950408936,-0.1716297417879104,0.0327763333916664,1.5662438869476318
1629796572669,1.2276999950408936,-0.1631458401679992,0.0303205680102109,1.5662438869476318
1629796572778,1.2276999950408936,-0.1636805236339569,0.024191714823246,1.5662438869476318
1629796572887,1.2276999950408936,-0.1630062609910965,0.0162860061973333,1.5662438869476318
1629796572997,1.2276999950408936,-0.1546176075935363,0.000642939703539,1.5662438869476318
1629796573106,1.2276999950408936,-0.1399106532335281,-0.0356242135167121,1.5662438869476318
1629796573168,1.2276999950408936,-0.1213939189910888,-0.0995184555649757,1.5662438869476318
1629796573262,1.2276999950408936,-0.1013958379626274,-0.1816102415323257,1.5662438869476318
1629796573387,1.2276999950408936,-0.0833980962634086,-0.2462804615497589,1.5662438869476318
1629796573450,1.2276999950408936,-0.0731746256351471,-0.2599164545536041,1.5662438869476318
1629796573638,1.2276999950408936,-0.0769646912813186,-0.2281511425971985,1.5662438869476318
1629796573684,1.2276999950408936,-0.0980772823095321,-0.1832724958658218,1.5662438869476318
1629796573794,1.2276999950408936,-0.1318922191858291,-0.1324682086706161,1.5662438869476318
1629796573950,1.2276999950408936,-0.1577648073434829,-0.0765740200877189,1.5662438869476318
1629796574013,1.2276999950408936,-0.148085206747055,-0.0137782022356987,1.5662438869476318
1629796574107,1.2276999950408936,-0.1007666066288948,0.0488135442137718,1.5662438869476318
1629796574249,1.2276999950408936,-0.0431027896702289,0.1042636111378669,1.5662438869476318
1629796574296,1.2276999950408936,0.0019904845394194,0.146271213889122,1.5662438869476318
1629796574390,1.2276999950408936,0.0273805242031812,0.1743503510951995,1.5662438869476318
1629796574483,1.2276999950408936,0.0366771779954433,0.189156100153923,1.5662438869476318
1629796574577,1.2276999950408936,0.0345150604844093,0.1960212886333465,1.5662438869476318
1629796574749,1.2276999950408936,0.0291545186191797,0.2009066194295883,1.5662438869476318
1629796574858,1.2276999950408936,0.0406890250742435,0.2058657258749008,1.5662438869476318
1629796574952,1.2276999950408936,0.0854041501879692,0.2064249366521835,1.5662438869476318
1629796574999,1.2276999950408936,0.1512040197849273,0.1986987590789795,1.5662438869476318
1629796575124,1.2276999950408936,0.2113448232412338,0.1834998875856399,1.5662438869476318
1629796575221,1.2276999950408936,0.2488468140363693,0.1644844114780426,1.5662438869476318
1629796575284,1.2276999950408936,0.2632712125778198,0.1391704827547073,1.5662438869476318
1629796575424,1.2276999950408936,0.2608031928539276,0.1046891883015632,1.5662438869476318
1629796575518,1.2276999950408936,0.248006671667099,0.0577464178204536,1.5662438869476318
1629796575674,1.2276999950408936,0.2353851944208145,0.0009983885101974,1.5662438869476318
1629796575737,1.2276999950408936,0.2356803864240646,-0.0540119856595993,1.5662438869476318
1629796575830,1.2276999950408936,0.2498616427183151,-0.0881282538175582,1.5662438869476318
1629796575940,1.2276999950408936,0.2672181725502014,-0.0905522480607032,1.5662438869476318
1629796576065,1.2276999950408936,0.278266578912735,-0.0614831373095512,1.5662438869476318
1629796576190,1.2276999950408936,0.2847127914428711,-0.0187870934605598,1.5662438869476318
1629796576225,1.2276999950408936,0.2898501455783844,0.0155042493715882,1.5662438869476318
1629796576335,1.2276999950408936,0.2861074209213257,0.0302313826978206,1.5662438869476318
1629796576429,1.2276999950408936,0.2599780857563019,0.0296896696090698,1.5662438869476318
1629796576522,1.2276999950408936,0.2075291574001312,0.0277843009680509,1.5662438869476318
1629796576663,1.2276999950408936,0.1415399760007858,0.0362066812813282,1.5662438869476318
1629796576772,1.2276999950408936,0.0877243652939796,0.0551924407482147,1.5662438869476318
1629796576835,1.2276999950408936,0.0622123964130878,0.0771850198507309,1.5662438869476318
1629796576897,1.2276999950408936,0.0557097271084785,0.0926081240177154,1.5662438869476318
1629796577025,1.2276999950408936,0.0484763570129871,0.0991061255335807,1.5662438869476318
1629796577150,0.8511503338813782,0.0226242691278457,0.1030439585447311,1.5662438869476318
1629796577275,0.8511503338813782,-0.0310057140886783,0.1139076948165893,1.5662438869476318
1629796577369,0.8511503338813782,-0.0988085269927978,0.1397418081760406,1.5662438869476318
1629796577431,0.8511503338813782,-0.1450195610523224,0.1754511296749115,1.5662438869476318
1629796577541,0.8511503338813782,-0.1494891792535781,0.2040570825338363,1.5662438869476318
1629796577619,0.8511503338813782,-0.1370629668235778,0.21426922082901,1.5662438869476318
1629796577713,0.8511503338813782,-0.1385106593370437,0.2109518945217132,1.5662438869476318
1629796577884,0.8511503338813782,-0.1568701416254043,0.2115748077630996,1.5662438869476318
1629796577994,0.8511503338813782,-0.1722580343484878,0.2258800566196441,1.5662438869476318
1629796578075,0.8511503338813782,-0.1684233099222183,0.2453098148107528,1.5662438869476318
1629796578168,0.8511503338813782,-0.148510992527008,0.255626231431961,1.5662438869476318
1629796578231,0.8511503338813782,-0.1250170916318893,0.2520250380039215,1.5662438869476318
1629796578325,0.8511503338813782,-0.1010209023952484,0.2397121638059616,1.5662438869476318
1629796578449,0.8511503338813782,-0.072815254330635,0.2285350114107132,1.5662438869476318
1629796578559,0.8511503338813782,-0.0404906868934631,0.2242813855409622,1.5662438869476318
1629796578715,0.8511503338813782,-0.0088480040431022,0.2248028218746185,1.5662438869476318
1629796578762,0.8511503338813782,0.0136639513075351,0.2191345393657684,1.5662438869476318
1629796578856,0.8511503338813782,0.0194189772009849,0.1931278556585312,1.5662438869476318
1629796578996,0.8511503338813782,0.0056598051451146,0.1414949893951416,1.5662438869476318
1629796579108,0.8511503338813782,-0.0239923149347305,0.0756315290927887,1.5662438869476318
1629796579170,0.8511503338813782,-0.0585095062851905,0.0186211708933115,1.5662438869476318
1629796579295,0.8511503338813782,-0.0874616503715515,-0.0173783153295516,1.5662438869476318
1629796579373,0.8511503338813782,-0.1071990355849266,-0.0474313721060752,1.5662438869476318
1629796579452,0.8511503338813782,-0.1206936165690422,-0.0889192149043083,0.7103266716003418
1629796579530,0.6147052645683289,-0.1303479820489883,-0.1378690302371978,0.7051690220832825
1629796579717,0.6549023389816284,-0.1360522955656051,-0.1683769673109054,0.6311671137809753
1629796579842,0.6784338355064392,-0.1377966850996017,-0.1566255390644073,0.7460752725601196
1629796579873,0.6793055534362793,-0.1428592205047607,-0.1114685460925102,0.8292263746261597
1629796579967,0.6664398908615112,-0.1617593467235565,-0.0612946152687072,0.8762720823287964
1629796580061,0.6664398908615112,-0.1984167695045471,-0.0271054320037364,0.8976022005081177
1629796580186,0.6664398908615112,-0.246600866317749,-0.0156677719205617,0.9158348441123962
1629796580311,0.6664398908615112,-0.2893045842647552,-0.019216563552618,0.978688418865204
1629796580373,0.6664398908615112,-0.3116482496261596,-0.0223628338426351,0.978688418865204
1629796580529,0.6664398908615112,-0.3140389919281006,-0.0161566585302352,0.978688418865204
1629796580576,0.6664398908615112,-0.3051798939704895,-0.0044437958858907,0.978688418865204
1629796580686,0.6664398908615112,-0.2943542599678039,0.0040360707789659,0.978688418865204
1629796580764,0.6712543368339539,-0.2844174802303314,0.0086595881730318,1.009558081626892
1629796580904,0.6887673735618591,-0.2728347480297088,0.0166921578347682,1.0439317226409912
1629796580998,0.7090380191802979,-0.2593028247356415,0.0334182679653167,1.081579566001892
1629796581140,0.7126625180244446,-0.2478039264678955,0.0536614283919334,1.117281198501587
1629796581188,0.7126625180244446,-0.2425580471754074,0.0658339112997055,1.1427336931228638
1629796581282,0.7126625180244446,-0.2454956918954849,0.0611507371068,1.1540919542312622
1629796581391,0.7126625180244446,-0.2470377683639526,0.0421564169228076,1.157538652420044
1629796581547,0.7126625180244446,-0.2252199798822403,0.0227560568600893,1.157538652420044
1629796581641,0.7126625180244446,-0.1729359626770019,0.0151009876281023,1.157538652420044
1629796581719,0.7126625180244446,-0.1103032305836677,0.0167832821607589,1.157538652420044
1629796581797,0.7126625180244446,-0.0566378869116306,0.0160115323960781,1.157538652420044
1629796581891,0.7126625180244446,-0.0091952504590153,0.0048561268486082,1.157538652420044
1629796582032,0.7126625180244446,0.0464137196540832,-0.0149986259639263,1.157538652420044
1629796582125,0.7126625180244446,0.1120404303073883,-0.0348678529262542,1.157538652420044
1629796582269,0.7126625180244446,0.1739351004362106,-0.0483266450464725,1.157538652420044
1629796582316,0.7126625180244446,0.2182982861995697,-0.0573802478611469,1.157538652420044
1629796582410,0.7126625180244446,0.2418119311332702,-0.0687037408351898,1.157538652420044
1629796582519,0.7126625180244446,0.2490708380937576,-0.0835089683532714,1.157538652420044
1629796582597,0.7126625180244446,0.2486372739076614,-0.092180959880352,1.157538652420044
1629796582784,0.7126625180244446,0.2506539821624756,-0.0845486670732498,1.157538652420044
1629796582816,0.7126625180244446,0.264107197523117,-0.0630238801240921,1.157538652420044
1629796582956,0.7126625180244446,0.2888572514057159,-0.0417497530579566,1.157538652420044
1629796583019,0.7126625180244446,0.3121086359024048,-0.0348856896162033,1.157538652420044
1629796583144,0.7126625180244446,0.3215942978858948,-0.043921835720539,1.157538652420044
1629796583225,0.7126625180244446,0.3154128789901733,-0.0575715266168117,1.157538652420044
1629796583334,0.7126625180244446,0.299999475479126,-0.061446163803339,1.157538652420044
1629796583443,0.7126625180244446,0.2778775990009308,-0.0500983521342277,1.157538652420044
1629796583537,0.7126625180244446,0.2426845431327819,-0.030919199809432,1.157538652420044
1629796583662,0.7126625180244446,0.1893055140972137,-0.0149877052754163,1.157538652420044
1629796583740,0.7126625180244446,0.1244339123368263,-0.0063079050742089,1.157538652420044
1629796583834,0.7126625180244446,0.0663340538740158,-0.0032836811151355,1.256709098815918
1629796583945,0.7126625180244446,0.0303637832403183,-0.0014016670174896,1.194859743118286
1629796584055,0.7126625180244446,0.0198237337172031,0.0016662639100104,1.097244381904602
1629796584149,0.7126625180244446,0.0268499013036489,0.0034554984886199,0.9805448055267334
1629796584274,0.7126625180244446,0.0355046391487121,0.000104256097984,0.7880977392196655
1629796584321,0.7126625180244446,0.0293326415121555,-0.0100617446005344,0.7880977392196655
1629796584430,0.7126625180244446,0.0024486421607434,-0.0200444236397743,0.7880977392196655
1629796584570,0.7126625180244446,-0.0309356711804866,-0.0117859803140163,0.7880977392196655
1629796584695,0.7126625180244446,-0.0472702346742153,0.0254647862166166,0.7880977392196655
1629796584774,0.7126625180244446,-0.0371428281068801,0.0789998546242713,0.7880977392196655
1629796584852,0.7126625180244446,-0.0123874330893158,0.1245894655585289,0.7880977392196655
1629796584995,0.7126625180244446,0.0136162405833601,0.1472200006246566,0.7880977392196655
1629796585073,0.7126625180244446,0.0354883298277854,0.1483948081731796,0.7880977392196655
1629796585183,0.7126625180244446,0.0500184036791324,0.1394723653793335,0.7880977392196655
1629796585276,0.7126625180244446,0.054869320243597,0.1318015456199646,1.0763968229293823
1629796585401,0.7126625180244446,0.0515963025391101,0.1293163150548935,1.2252166271209717
1629796585495,0.7126625180244446,0.04393957182765,0.129006803035736,1.2895241975784302
1629796585557,0.7126625180244446,0.0323485657572746,0.1254695951938629,1.2895241975784302
1629796585667,0.7126625180244446,0.0133473370224237,0.1162552163004875,1.2895241975784302
1629796585776,0.7126625180244446,-0.0140348607674241,0.1023144498467445,1.2895241975784302
1629796585917,0.7126625180244446,-0.0478122755885124,0.0881474092602729,1.2895241975784302
1629796585995,0.7126625180244446,-0.087104432284832,0.080228641629219,1.2895241975784302
1629796586107,0.7126625180244446,-0.1347552388906479,0.0928382351994514,1.2895241975784302
1629796586169,0.7126625180244446,-0.1906750500202179,0.1396216601133346,1.2895241975784302
1629796586310,0.7126625180244446,-0.2471673935651779,0.2086932808160781,1.2895241975784302
1629796586419,0.7126625180244446,-0.2948159575462341,0.2718120217323303,1.2895241975784302
1629796586513,0.7126625180244446,-0.3319783210754394,0.3109750151634216,1.2895241975784302
1629796586638,0.7126625180244446,-0.360834926366806,0.3270339965820312,1.2895241975784302
1629796586732,0.7126625180244446,-0.3796074390411377,0.330971747636795,1.2895241975784302
1629796586794,0.7126625180244446,-0.3845557570457458,0.3316535055637359,1.2895241975784302
1629796586872,0.7126625180244446,-0.3757337927818298,0.3322493731975555,1.2895241975784302
1629796586997,0.7126625180244446,-0.3597827851772308,0.3326517343521118,1.2895241975784302
1629796587122,0.7126625180244446,-0.3438738584518432,0.3318515717983246,1.2895241975784302
1629796587216,0.7126625180244446,-0.3317811787128448,0.3306651711463928,1.2895241975784302
1629796587325,0.7126625180244446,-0.3220517933368683,0.3321653306484222,1.2895241975784302
1629796587419,0.7126625180244446,-0.3121171295642853,0.3383736312389374,1.2895241975784302
1629796587450,0.7126625180244446,-0.3036686778068542,0.3436432480812073,1.2895241975784302
1629796587638,0.7126625180244446,-0.2984028458595276,0.3310410380363464,1.2895241975784302
1629796587700,0.7126625180244446,-0.2965701222419739,0.2793987989425659,1.2895241975784302
1629796587809,0.7126625180244446,-0.2985567450523376,0.1799399554729461,1.2895241975784302
1629796587888,0.7126625180244446,-0.3095089793205261,0.0491644069552421,1.2895241975784302
1629796587997,0.7126625180244446,-0.3306856751441955,-0.0611527189612388,1.2895241975784302
1629796588075,0.7126625180244446,-0.3570798933506012,-0.1055256724357605,1.2895241975784302
1629796588218,0.7126625180244446,-0.3759449422359466,-0.1014392599463462,1.2895241975784302
1629796588343,0.7126625180244446,-0.3827532231807709,-0.0845520943403244,1.2895241975784302
1629796588436,0.7126625180244446,-0.3865019977092743,-0.0596507266163826,1.2895241975784302
1629796588515,0.7126625180244446,-0.3909018635749817,-0.0182601101696491,1.4178228378295898
1629796588624,0.7126625180244446,-0.3890055418014526,0.0350331552326679,1.493756651878357
1629796588733,0.7126625180244446,-0.3771242499351501,0.0812184363603591,1.493756651878357
1629796588827,0.7126625180244446,-0.3642750978469848,0.1061456575989723,1.493756651878357
1629796588936,0.7126625180244446,-0.3561126589775085,0.1097806021571159,1.493756651878357
1629796589030,0.7126625180244446,-0.3502429723739624,0.1040319725871086,1.493756651878357
1629796589186,0.7126625180244446,-0.345719963312149,0.1013361290097236,1.493756651878357
1629796589233,0.7126625180244446,-0.3459624946117401,0.1086880043148994,1.493756651878357
1629796589358,0.7126625180244446,-0.3388576209545135,0.126216635107994,1.493756651878357
1629796589436,0.7126625180244446,-0.3083551228046417,0.1505799889564514,1.493756651878357
1629796589530,0.7126625180244446,-0.2610382437705993,0.1772215664386749,1.493756651878357
1629796589639,0.7126625180244446,-0.2203626334667205,0.2013744264841079,1.493756651878357
1629796589764,0.7126625180244446,-0.1994887739419937,0.2174653112888336,1.531152844429016
1629796589827,0.7126625180244446,-0.1931614130735397,0.2215408831834793,1.531152844429016
1629796589936,0.7126625180244446,-0.1897532194852829,0.2096312493085861,1.531152844429016
1629796590064,0.7126625180244446,-0.1879051178693771,0.1788790374994278,1.531152844429016
1629796590157,0.7126625180244446,-0.1942939758300781,0.1331097334623336,1.531152844429016
1629796590251,0.7126625180244446,-0.2098577320575714,0.0842554941773414,1.531152844429016
1629796590392,0.7126625180244446,-0.2257577031850814,0.0464332960546016,1.531152844429016
1629796590485,0.7126625180244446,-0.235763669013977,0.0224460177123546,1.531152844429016
1629796590517,0.7126625180244446,-0.2413547933101654,0.0026494679041206,1.531152844429016
1629796590689,0.7126625180244446,-0.2466402500867843,-0.0196036603301763,1.531152844429016
1629796590735,0.7126625180244446,-0.2513964474201202,-0.0402017682790756,1.531152844429016
1629796590860,0.7126625180244446,-0.2616779208183288,-0.0530114844441413,1.531152844429016
1629796590970,0.7126625180244446,-0.2870018780231476,-0.0592803694307804,1.531152844429016
1629796591063,0.7126625180244446,-0.3309071660041809,-0.0697837024927139,1.531152844429016
1629796591126,0.7126625180244446,-0.3778719007968902,-0.0928236171603202,1.531152844429016
1629796591267,0.7126625180244446,-0.4055935442447662,-0.1222548708319664,1.531152844429016
1629796591391,0.7126625180244446,-0.4069251418113708,-0.1402469724416732,1.531152844429016
1629796591470,0.7126625180244446,-0.3909710645675659,-0.132688358426094,1.531152844429016
1629796591548,0.7126625180244446,-0.3660045266151428,-0.1067804172635078,1.531152844429016
1629796591641,0.7126625180244446,-0.3369944095611572,-0.0810533910989761,1.531152844429016
1629796591735,0.7126625180244446,-0.3106813728809356,-0.0667241215705871,1.531152844429016
1629796591907,0.7126625180244446,-0.2945910394191742,-0.0641802251338958,1.531152844429016
1629796591985,0.7126625180244446,-0.2912911176681518,-0.0672272369265556,1.531152844429016
1629796592081,0.7126625180244446,-0.2986343502998352,-0.0693056732416153,1.531152844429016
1629796592144,0.7126625180244446,-0.310095876455307,-0.0701775029301643,1.531152844429016
1629796592269,0.7126625180244446,-0.3179945349693298,-0.0781986936926841,1.531152844429016
1629796592378,0.7126625180244446,-0.321561723947525,-0.1062117740511894,1.531152844429016
1629796592487,0.7126625180244446,-0.3255312740802765,-0.1611161828041076,1.531152844429016
1629796592581,0.7126625180244446,-0.331881433725357,-0.2360923737287521,1.531152844429016
1629796592690,0.3913837671279907,-0.3398944437503814,-0.3115870952606201,0.8390503525733948
1629796592784,0.3809522092342376,-0.3487344682216644,-0.3702277839183807,0.8232415318489075
1629796592893,0.3592966496944427,-0.3583303093910217,-0.4197598695755005,0.7956082224845886
1629796592940,0.3279936909675598,-0.3719052374362945,-0.4845103621482849,0.7706744074821472
1629796593144,0.3279936909675598,-0.3906747698783874,-0.5662095546722412,0.7706744074821472
1629796593222,0.3279936909675598,-0.408419668674469,-0.6217273473739624,0.7706744074821472
1629796593300,0.3279936909675598,-0.4057542383670807,-0.5644952654838562,0.7706744074821472
1629796593363,0.3279936909675598,-0.3656748235225677,-0.3931558728218078,0.7706744074821472
1629796593456,0.3279936909675598,-0.3006227016448974,-0.2059807628393173,0.7706744074821472
1629796593581,0.3279936909675598,-0.2371573597192764,-0.0647300332784652,0.7706744074821472
1629796593722,0.3279936909675598,-0.1908982843160629,0.0218997616320848,1.1880055665969849
1629796593784,0.3279936909675598,-0.1612122058868408,0.066047579050064,1.273520588874817
1629796593879,0.3049573302268982,-0.1360870152711868,0.0873187631368637,1.3085660934448242
1629796594003,0.286579817533493,-0.1067583933472633,0.1009328663349151,1.3478273153305054
1629796594097,0.2664371728897095,-0.0758627206087112,0.1135070621967315,1.3934556245803833
1629796594177,0.2664371728897095,-0.0474531799554824,0.1260797530412674,1.4512923955917358
1629796594333,0.2664371728897095,-0.017792485654354,0.1373811960220337,1.5304230451583862
1629796594443,0.2664371728897095,0.021850012242794,0.1467928141355514,1.5304230451583862
1629796594505,0.2664371728897095,0.073489710688591,0.1551155596971511,1.5304230451583862
1629796594583,0.2664371728897095,0.1301606297492981,0.1643462926149368,1.5304230451583862
1629796594708,0.2664371728897095,0.1812436729669571,0.1723034679889679,1.5304230451583862
1629796594802,0.2664371728897095,0.2180653661489486,0.167915478348732,1.5520856380462646
1629796594958,0.2664371728897095,0.2372729331254959,0.1358605921268463,1.4725704193115234
1629796595005,0.2664371728897095,0.2431313246488571,0.0670711398124694,1.4101125001907349
1629796595161,1.0138309001922607,0.2437639683485031,-0.0309353992342948,1.3603116273880005
1629796595208,0.9402610063552856,0.2454295605421066,-0.1308750212192535,1.0839526653289795
1629796595333,0.8846531510353088,0.2483855187892913,-0.2017277926206588,0.8181764483451843
1629796595396,0.8476952314376831,0.2494531273841858,-0.2398985177278518,0.8227349519729614
1629796595567,0.8233928084373474,0.2462105453014373,-0.2617942988872528,0.8257871866226196
1629796595646,0.8233928084373474,0.2388467341661453,-0.2770869433879852,0.8257871866226196
1629796595724,0.8233928084373474,0.2277780771255493,-0.2816542387008667,0.8257871866226196
1629796595849,0.8233928084373474,0.2115597128868103,-0.2550255954265594,0.8257871866226196
1629796595911,0.8233928084373474,0.1881045997142791,-0.1756982505321502,0.8257871866226196
1629796596020,0.8233928084373474,0.1567803919315338,-0.0622866339981555,0.8257871866226196
1629796596145,0.8233928084373474,0.1175888776779174,0.0379443950951099,0.8257871866226196
1629796596255,0.8233928084373474,0.0711277574300766,0.0978841558098793,0.8155721426010132
1629796596348,0.693255603313446,0.020429803058505,0.1186673268675804,0.8111948370933533
1629796596442,0.5663031339645386,-0.0285541787743568,0.1176829859614372,0.8183631300926208
1629796596536,0.489491730928421,-0.071105845272541,0.1142161265015602,0.8282108902931213
1629796596630,0.4762387275695801,-0.1082982495427131,0.1162953078746795,0.8365302085876465
1629796596739,0.4762387275695801,-0.1421141028404235,0.1215105578303337,0.8365302085876465
1629796596833,0.4762387275695801,-0.1723112612962722,0.1273362338542938,0.8365302085876465
1629796596926,0.4762387275695801,-0.2010612934827804,0.1318335235118866,0.8365302085876465
1629796597083,0.4762387275695801,-0.2252787053585052,0.1328263878822326,0.8365302085876465
1629796597161,0.4762387275695801,-0.2153597772121429,0.1289751976728439,0.8365302085876465
1629796597239,0.4762387275695801,-0.1361672133207321,0.1201467290520668,0.8365302085876465
1629796597379,0.4762387275695801,-0.0132123623043298,0.1017388552427291,0.8365302085876465
1629796597458,0.4762387275695801,0.0923113897442817,0.0593035221099853,1.495104432106018
1629796597583,0.4762387275695801,0.1502217799425125,-0.0214953143149614,1.6342966556549072
1629796597676,0.4762387275695801,0.1642116755247116,-0.1375814080238342,1.6508629322052002
1629796597754,0.4762387275695801,0.1554584801197052,-0.2543829083442688,1.6508629322052002
1629796597817,0.4762387275695801,0.1451709866523742,-0.3231070637702942,1.6508629322052002
1629796597957,0.4762387275695801,0.1421739906072616,-0.3399301767349243,1.6508629322052002
1629796598082,0.4762387275695801,0.1470756381750106,-0.3442378640174866,1.6508629322052002
1629796598176,0.4762387275695801,0.1591075211763382,-0.3580552935600281,1.6508629322052002
1629796598288,0.4762387275695801,0.1752057075500488,-0.3817724883556366,1.5923398733139038
1629796598366,0.4762387275695801,0.1910880506038665,-0.4134560525417328,1.6517014503479004
1629796598460,1.3426179885864258,0.2049281150102615,-0.4420420825481415,1.7249726057052612
1629796598600,1.3426179885864258,0.2158610969781875,-0.4471717476844787,1.8087618350982664
1629796598694,1.3426179885864258,0.216078445315361,-0.4155381023883819,1.8087618350982664
1629796598772,1.3426179885864258,0.189772829413414,-0.3536820411682129,1.8087618350982664
1629796598881,1.4786349534988403,0.1253280639648437,-0.2781451344490051,1.8087618350982664
1629796599006,1.4786349534988403,0.0317982658743858,-0.2054347246885299,1.8087618350982664
1629796599069,1.4786349534988403,-0.0553164109587669,-0.1501389592885971,1.8087618350982664
1629796599209,1.4786349534988403,-0.0998349413275718,-0.1200373992323875,1.8087618350982664
1629796599323,1.4786349534988403,-0.1058153957128524,-0.112608827650547,1.8087618350982664
1629796599386,1.4786349534988403,-0.1006346046924591,-0.1164253279566764,1.8087618350982664
1629796599495,1.4786349534988403,-0.1000757366418838,-0.1176963299512863,1.8087618350982664
1629796599542,1.4786349534988403,-0.1119657456874847,-0.1090633869171142,1.8087618350982664
1629796599698,1.539702296257019,-0.1399773955345153,-0.0947382971644401,1.8087618350982664
1629796599870,1.539702296257019,-0.1825084090232849,-0.0813910216093063,1.8087618350982664
1629796599932,1.539702296257019,-0.2346305251121521,-0.0717742517590522,1.8087618350982664
1629796600010,1.539702296257019,-0.2927947044372558,-0.0641541555523872,1.8087618350982664
1629796600107,1.539702296257019,-0.3549609780311584,-0.0580654926598072,1.8087618350982664
1629796600185,1.539702296257019,-0.4120233654975891,-0.0566557943820953,1.8087618350982664
1629796600294,1.539702296257019,-0.4455984532833099,-0.0650631636381149,0.2340658754110336
1629796600404,1.539702296257019,-0.4414872825145721,-0.0899493545293808,0.2340658754110336
1629796600529,1.539702296257019,-0.4039830267429352,-0.1311456561088562,0.2340658754110336
1629796600591,1.539702296257019,-0.3417147696018219,-0.1716808527708053,0.2340658754110336
1629796600716,1.539702296257019,-0.2647064924240112,-0.1858017891645431,0.2340658754110336
1629796600779,1.539702296257019,-0.1832146346569061,-0.168247789144516,0.2340658754110336
1629796600872,1.539702296257019,-0.1139648929238319,-0.1422841995954513,0.2340658754110336
1629796601013,1.539702296257019,-0.0661669373512268,-0.1292036771774292,0.2340658754110336
1629796601154,1.539702296257019,-0.0403533801436424,-0.1317668706178665,0.2340658754110336
1629796601232,1.539702296257019,-0.0287454426288604,-0.136507973074913,0.2340658754110336
1629796601294,1.539702296257019,-0.0235981941223144,-0.1309679597616195,0.2340658754110336
1629796601388,1.539702296257019,-0.0168685503304004,-0.1117320358753204,0.2340658754110336
1629796601497,1.539702296257019,-0.0055060130544006,-0.084216333925724,0.2340658754110336
1629796601638,1.539702296257019,0.0089282877743244,-0.051055260002613,0.2340658754110336
1629796601716,1.539702296257019,0.0206684470176696,-0.0127278063446283,0.2340658754110336
1629796601825,1.539702296257019,0.0241579134017229,0.0249342955648899,0.2340658754110336
1629796601919,1.539702296257019,0.0166332405060529,0.0530940033495426,0.2340658754110336
1629796602013,1.539702296257019,0.0003049824445042,0.0656549334526062,0.2340658754110336
1629796602091,1.539702296257019,-0.0142386835068464,0.0658719763159751,0.2340658754110336
1629796602235,1.539702296257019,-0.0081031266599893,0.0633837357163429,0.2340658754110336
1629796602344,1.539702296257019,0.0246882420033216,0.0682579800486564,0.2340658754110336
1629796602407,1.539702296257019,0.0686603263020515,0.0833232775330543,0.2340658754110336
1629796602563,1.539702296257019,0.1035448014736175,0.1025074571371078,0.2340658754110336
1629796602625,1.539702296257019,0.1226362586021423,0.1165591850876808,0.2340658754110336
1629796602719,1.539702296257019,0.1300560981035232,0.1199059709906578,0.2340658754110336
1629796602906,1.539702296257019,0.1338753551244735,0.1136736273765564,0.2340658754110336
1629796602985,1.539702296257019,0.1377493292093277,0.1003153622150421,0.2340658754110336
1629796603094,1.539702296257019,0.1419326066970825,0.0804613456130027,0.2340658754110336
1629796603141,1.539702296257019,0.1451334655284881,0.0510031394660472,0.2340658754110336
1629796603223,1.539702296257019,0.1467123329639434,0.0074120941571891,0.2340658754110336
1629796603363,1.539702296257019,0.1486120522022247,-0.0479532964527606,0.2340658754110336
1629796603457,1.539702296257019,0.1585707068443298,-0.0993147641420364,1.3291263580322266
1629796603551,1.539702296257019,0.180079236626625,-0.1251542717218399,1.3291263580322266
1629796603691,1.539702296257019,0.2007765620946884,-0.1284615248441696,1.3291263580322266
1629796603738,1.539702296257019,0.1994743794202804,-0.1341123133897781,1.3291263580322266
1629796603879,1.539702296257019,0.1630254387855529,-0.1633477658033371,1.3291263580322266
1629796603941,1.539702296257019,0.0968112871050834,-0.2164157480001449,1.3291263580322266
1629796604097,1.539702296257019,0.0239626374095678,-0.2753865420818329,1.3291263580322266
1629796604191,1.539702296257019,-0.0304425861686468,-0.3161984980106354,1.3291263580322266
1629796604269,1.539702296257019,-0.0599067695438861,-0.3259767591953277,1.3291263580322266
1629796604363,1.539702296257019,-0.0756658241152763,-0.3101941645145416,1.3291263580322266
1629796604519,1.539702296257019,-0.0872641056776046,-0.2775688767433166,1.2786834239959717
1629796604566,1.539702296257019,-0.0956005454063415,-0.2388067245483398,1.249520182609558
1629796604675,1.539702296257019,-0.0994871407747268,-0.2018143385648727,1.2565314769744873
1629796604817,0.614017903804779,-0.1014404818415641,-0.1651219129562378,1.2601115703582764
1629796604880,0.6387943029403687,-0.1079939603805542,-0.1260047405958175,1.240155816078186
1629796604942,0.6387943029403687,-0.133410170674324,-0.0870936438441276,1.116380214691162
1629796605085,0.6387943029403687,-0.1910742968320846,-0.0474637858569622,1.116380214691162
1629796605116,0.6387943029403687,-0.2821352481842041,0.0096133267506957,1.116380214691162
1629796605303,0.6387943029403687,-0.3863205909729004,0.0978326201438903,1.116380214691162
1629796605413,0.6387943029403687,-0.4639993906021118,0.1967868208885193,1.116380214691162
1629796605475,0.6387943029403687,-0.4907289743423462,0.2768126428127289,1.116380214691162
1629796605553,0.6387943029403687,-0.4832711517810821,0.3241488039493561,1.116380214691162
1629796605678,0.6387943029403687,-0.462072342634201,0.3436508476734161,1.116380214691162
1629796605772,0.6387943029403687,-0.4360578656196594,0.3483363091945648,1.116380214691162
1629796605881,0.6387943029403687,-0.4026906192302704,0.3486400544643402,1.116380214691162
1629796606022,0.6595595479011536,-0.3636480867862701,0.3487341701984405,1.1440112590789795
1629796606134,0.6595595479011536,-0.3282741904258728,0.350164920091629,1.1440112590789795
1629796606196,0.6595595479011536,-0.3056921660900116,0.3521923422813415,1.1440112590789795
1629796606259,0.6595595479011536,-0.2960343062877655,0.3526656031608581,1.1440112590789795
1629796606384,0.6595595479011536,-0.2932471036911011,0.3497424721717834,1.1440112590789795
1629796606477,0.6595595479011536,-0.2863741815090179,0.3435950577259063,1.1440112590789795
1629796606587,0.6595595479011536,-0.2619971632957458,0.3347224593162536,1.1440112590789795
1629796606712,0.6595595479011536,-0.2039428204298019,0.316866934299469,1.1440112590789795
1629796606805,0.6595595479011536,-0.1201156675815582,0.2764545083045959,1.1440112590789795
1629796606899,0.6595595479011536,-0.0403168946504592,0.2081981152296066,1.1440112590789795
1629796607009,0.6595595479011536,0.0130971064791083,0.1279506236314773,1.1440112590789795
1629796607118,0.6595595479011536,0.0395870245993137,0.0749755352735519,1.1440112590789795
1629796607212,0.6595595479011536,0.0517130568623542,0.0737490952014923,1.1440112590789795
1629796607352,0.6595595479011536,0.0599491856992244,0.1022668555378913,1.1440112590789795
1629796607399,0.6595595479011536,0.0654361546039581,0.1306837648153305,1.1440112590789795
1629796607493,0.6595595479011536,0.0675752088427543,0.1494031399488449,1.1440112590789795
1629796607571,0.6595595479011536,0.06712556630373,0.1612722724676132,1.1440112590789795
1629796607696,0.6595595479011536,0.06568144261837,0.1699529737234115,1.1440112590789795
1629796607805,0.6595595479011536,0.0637221485376358,0.1759463548660278,1.1440112590789795
1629796607946,0.6595595479011536,0.0628160312771797,0.1819297075271606,1.1440112590789795
1629796608008,0.6595595479011536,0.0612843744456768,0.1922148317098617,1.1440112590789795
1629796608102,0.6595595479011536,0.0516829974949359,0.2055537700653076,1.1440112590789795
1629796608183,0.6595595479011536,0.0214177388697862,0.2171344757080078,1.1440112590789795
1629796608324,0.6595595479011536,-0.0350612960755825,0.2239938974380493,1.1440112590789795
1629796608417,0.6595595479011536,-0.1043795943260192,0.2263243794441223,1.1440112590789795
1629796608495,0.6595595479011536,-0.1515635251998901,0.2242884188890457,0.8881872892379761
1629796608652,0.6595595479011536,-0.1540648192167282,0.2144371271133422,0.8972387313842773
1629796608714,0.6595595479011536,-0.1301741451025009,0.1948606073856353,0.8972387313842773
1629796608839,0.6595595479011536,-0.1072322130203247,0.1704759299755096,0.8972387313842773
1629796608917,0.6595595479011536,-0.0940825566649437,0.1482931077480316,0.8972387313842773
1629796609058,0.6595595479011536,-0.0873196348547935,0.1323851943016052,0.8972387313842773
1629796609120,0.6595595479011536,-0.0805954411625862,0.1218153238296508,0.8972387313842773
1629796609279,0.6595595479011536,-0.0717343762516975,0.1137039363384246,0.8972387313842773
1629796609326,0.6595595479011536,-0.0632562562823295,0.1053127273917198,0.8972387313842773
1629796609467,0.6595595479011536,-0.0599011704325675,0.0919182822108268,0.8972387313842773
1629796609545,0.6595595479011536,-0.061734888702631,0.0703765600919723,0.8972387313842773
1629796609638,0.6595595479011536,-0.062760479748249,0.0423414222896099,0.8972387313842773
1629796609763,0.6595595479011536,-0.0591015219688415,0.0110181476920843,0.8931370377540588
1629796609826,0.6595595479011536,-0.0524877645075321,-0.0188006609678268,0.8931370377540588
1629796609951,0.6595595479011536,-0.0474261604249477,-0.0398963987827301,0.8931370377540588
1629796610016,0.6595595479011536,-0.0501795411109924,-0.0476216711103916,0.8931370377540588
1629796610172,0.6595595479011536,-0.0633718520402908,-0.045586597174406,0.8931370377540588
1629796610266,1.0322718620300293,-0.0829500332474708,-0.0374614782631397,0.9692324995994568
1629796610391,1.034088373184204,-0.0986480489373207,-0.0214459113776683,0.9751268029212952
1629796610485,1.034088373184204,-0.1036574989557266,0.0028100232593715,0.9875139594078064
1629796610578,1.034088373184204,-0.1044369041919708,0.026560029014945,1.0138925313949585
1629796610625,1.034088373184204,-0.1083325743675232,0.0412685386836528,1.0138925313949585
1629796610782,1.034088373184204,-0.1140009239315986,0.0504458248615264,1.0138925313949585
1629796610875,1.034088373184204,-0.115344189107418,0.064757689833641,1.0138925313949585
1629796610953,1.034088373184204,-0.111657790839672,0.0884548649191856,1.0138925313949585
1629796611062,1.034088373184204,-0.1062856242060661,0.1135120540857315,1.0138925313949585
1629796611156,1.034088373184204,-0.1014152914285659,0.1310908198356628,1.0138925313949585
1629796611234,1.034088373184204,-0.0953120067715644,0.1400030702352523,1.0138925313949585
1629796611375,1.034088373184204,-0.0847715511918068,0.1432846337556839,1.0138925313949585
1629796611469,1.067345380783081,-0.0655725970864296,0.1436337232589721,1.0224316120147705
1629796611578,1.067345380783081,-0.0353637859225273,0.1404185891151428,1.028602957725525
1629796611640,1.067345380783081,-0.0010935408063232,0.1340634822845459,1.042528748512268
1629796611781,1.067345380783081,0.0253852624446153,0.1249154284596443,1.042528748512268
1629796611890,1.067345380783081,0.0362703464925289,0.1113529205322265,1.042528748512268
1629796612000,1.067345380783081,0.0326255746185779,0.0914463624358177,1.042528748512268
1629796612078,1.067345380783081,0.0232883933931589,0.0674264505505561,1.042528748512268
1629796612172,1.067345380783081,0.0132737457752227,0.0445941239595413,1.042528748512268
1629796612250,1.067345380783081,0.0019242200069129,0.0244154464453458,1.042528748512268
1629796612359,1.067345380783081,-0.0089504607021808,0.0027592782862484,1.042528748512268
1629796612500,1.067345380783081,-0.011221288703382,-0.0255430731922388,1.042528748512268
1629796612609,1.067345380783081,0.0027453133370727,-0.0606721825897693,1.042528748512268
1629796612687,1.067345380783081,0.034104187041521,-0.0987032651901245,1.042528748512268
1629796612812,1.067345380783081,0.0734945014119148,-0.1356475949287414,1.042528748512268
1629796612890,1.067345380783081,0.108040727674961,-0.1668704450130462,1.042528748512268
1629796612953,1.067345380783081,0.1269866824150085,-0.184655025601387,1.042528748512268
1629796613152,1.067345380783081,0.1267711520195007,-0.1813434213399887,1.042528748512268
1629796613230,1.067345380783081,0.1140971332788467,-0.161321684718132,1.042528748512268
1629796613293,1.067345380783081,0.1054667979478836,-0.1418350934982299,1.042528748512268
1629796613418,1.067345380783081,0.1121946424245834,-0.1325381696224212,1.042528748512268
1629796613480,1.067345380783081,0.1295429021120071,-0.1242751032114029,1.042528748512268
1629796613589,1.067345380783081,0.1426980346441269,-0.1039326339960098,1.042528748512268
1629796613667,1.067345380783081,0.1435406357049942,-0.0740635320544242,1.042528748512268
1629796613808,1.067345380783081,0.1364414542913437,-0.0492450073361396,1.042528748512268
1629796613917,1.067345380783081,0.1286248415708542,-0.0395207479596138,1.042528748512268
1629796613980,1.067345380783081,0.1212578564882278,-0.0414279177784919,1.042528748512268
1629796614105,1.067345380783081,0.1085591912269592,-0.0443755276501178,1.042528748512268
1629796614233,1.067345380783081,0.0819617211818695,-0.0424299463629722,1.042528748512268
1629796614295,1.067345380783081,0.0392255745828151,-0.0361587963998317,1.042528748512268
1629796614467,1.067345380783081,-0.0146860061213374,-0.0302087478339672,1.042528748512268
1629796614514,1.067345380783081,-0.0679714679718017,-0.0247840918600559,1.042528748512268
1629796614639,1.067345380783081,-0.1080197766423225,-0.0074568493291735,1.042528748512268
1629796614717,1.067345380783081,-0.1300253719091415,0.0330023132264614,1.042528748512268
1629796614779,1.067345380783081,-0.1470949649810791,0.0881094336509704,1.042528748512268
1629796614904,1.067345380783081,-0.1760146021842956,0.1345817595720291,1.042528748512268
1629796615061,1.067345380783081,-0.2210673838853836,0.1582600623369217,1.042528748512268
1629796615123,1.067345380783081,-0.2697488069534302,0.1596152037382125,1.042528748512268
1629796615220,1.067345380783081,-0.2986218929290771,0.1484120041131973,1.042528748512268
1629796615345,1.067345380783081,-0.2952430248260498,0.1363646686077118,1.042528748512268
1629796615438,1.067345380783081,-0.2552664279937744,0.1326368153095245,1.042528748512268
1629796615485,1.090879201889038,-0.1895467936992645,0.1394132524728775,1.042528748512268
1629796615673,1.2020069360733032,-0.1193056777119636,0.1529153883457183,1.042528748512268
1629796615735,1.2875843048095703,-0.0655502304434776,0.1718418151140213,1.042528748512268
1629796615829,1.3280621767044067,-0.0364066138863563,0.1932264268398285,1.042528748512268
1629796615969,1.3383476734161377,-0.026118878275156,0.2133410573005676,0.926079034805298
1629796616048,1.3383476734161377,-0.0241287164390087,0.2244379669427871,0.926079034805298
1629796616126,1.3383476734161377,-0.0222071912139654,0.2174398154020309,0.926079034805298
1629796616285,1.3383476734161377,-0.0131898140534758,0.1900670528411865,0.926079034805298
1629796616332,1.3383476734161377,0.0062452326528728,0.1524262577295303,0.926079034805298
1629796616441,1.3383476734161377,0.0327456854283809,0.1230819076299667,0.926079034805298
1629796616566,1.3383476734161377,0.0579299740493297,0.109965018928051,0.926079034805298
1629796616628,1.3383476734161377,0.0768393501639366,0.1044658347964286,0.926079034805298
1629796616780,1.3383476734161377,0.089155837893486,0.0965999886393547,0.926079034805298
1629796616878,1.3383476734161377,0.0956833735108375,0.0871885791420936,0.926079034805298
1629796616956,1.3383476734161377,0.0908074378967285,0.079618364572525,0.926079034805298
1629796617050,1.3131859302520752,0.0679064616560936,0.0732333809137344,0.926079034805298
1629796617191,1.3131859302520752,0.0286304652690887,0.0688184797763824,0.926079034805298
1629796617272,1.3131859302520752,-0.0113050071522593,0.0660619363188743,0.926079034805298
1629796617350,1.3131859302520752,-0.0327469632029533,0.0648939087986946,0.926079034805298
1629796617460,1.3131859302520752,-0.0325556583702564,0.0649462193250656,0.926079034805298
1629796617569,1.3131859302520752,-0.02268379740417,0.0718354731798172,0.926079034805298
1629796617679,1.3131859302520752,-0.0082635302096605,0.0934537202119827,0.926079034805298
1629796617741,1.3131859302520752,0.0096868760883808,0.1256922483444214,0.926079034805298
1629796617850,1.3131859302520752,0.0269050393253564,0.1531185209751129,0.926079034805298
1629796617975,1.3131859302520752,0.0357712879776954,0.1679276525974273,0.926079034805298
1629796618119,1.3131859302520752,0.0340223237872123,0.1762987822294235,0.926079034805298
1629796618212,1.3131859302520752,0.0259304177016019,0.1890245825052261,0.926079034805298
1629796618275,1.3131859302520752,0.0167000964283943,0.2067535668611526,0.926079034805298
1629796618384,1.3131859302520752,0.0047296821139752,0.220105692744255,0.926079034805298
1629796618478,1.3131859302520752,-0.0107294050976634,0.2245533615350723,0.926079034805298
1629796618572,1.3131859302520752,-0.0252911318093538,0.2242411673069,0.926079034805298
1629796618681,1.3131859302520752,-0.0337515622377395,0.222203716635704,0.926079034805298
1629796618822,1.3131859302520752,-0.0367885455489158,0.2168866693973541,0.926079034805298
1629796618931,1.3131859302520752,-0.040850680321455,0.2076727151870727,0.8968462944030762
1629796618962,1.0063053369522097,-0.0516388900578022,0.1972745507955551,0.923491597175598
1629796619056,0.997360110282898,-0.071098156273365,0.1864675730466842,0.9117889404296876
1629796619200,0.997360110282898,-0.1056657433509826,0.1693934053182602,0.9117889404296876
1629796619310,0.997360110282898,-0.1617897003889084,0.1429188400506973,0.9117889404296876
1629796619388,0.997360110282898,-0.2357426732778549,0.1161302104592323,0.9117889404296876
1629796619497,0.997360110282898,-0.3058039247989654,0.0994498431682586,0.9117889404296876
1629796619653,0.997360110282898,-0.348345547914505,0.0888671651482582,0.9117889404296876
1629796619685,0.997360110282898,-0.3627999424934387,0.0720786675810813,0.9117889404296876
1629796619778,0.997360110282898,-0.3683329224586487,0.0486883707344532,0.9117889404296876
1629796619935,0.997360110282898,-0.3710813820362091,0.0326298251748085,0.9117889404296876
1629796620044,0.997360110282898,-0.3726640343666076,0.0338259451091289,0.9117889404296876
1629796620091,0.997360110282898,-0.3736318349838257,0.0453665740787982,0.9622195959091188
1629796620231,1.0378671884536743,-0.3736149072647095,0.0563365295529365,0.9946651458740234
1629796620294,1.0378671884536743,-0.3596476912498474,0.0666949823498725,0.9946651458740234
1629796620372,1.0378671884536743,-0.3123029768466949,0.0819821879267692,0.9946651458740234
1629796620528,1.0378671884536743,-0.2358496189117431,0.1027363017201423,0.9946651458740234
1629796620622,1.0378671884536743,-0.1580850481986999,0.1223480328917503,0.9946651458740234
1629796620703,1.0378671884536743,-0.1003126427531242,0.1337585151195526,0.9946651458740234
1629796620843,1.0378671884536743,-0.0677368640899658,0.1335289925336837,0.9946651458740234
1629796620906,1.0378671884536743,-0.0578586347401142,0.1200662925839424,0.9946651458740234
1629796620968,1.0378671884536743,-0.0654738694429397,0.0952749848365783,0.9946651458740234
1629796621140,1.0378671884536743,-0.082689493894577,0.0693338960409164,0.9946651458740234
1629796621222,1.0378671884536743,-0.098633088171482,0.054349560290575,0.9946651458740234
1629796621332,1.0378671884536743,-0.1045577675104141,0.0510733760893344,0.9946651458740234
1629796621394,1.0378671884536743,-0.097589299082756,0.049136396497488,0.9946651458740234
1629796621504,1.0378671884536743,-0.0787241458892822,0.0411477908492088,0.9946651458740234
1629796621597,1.0378671884536743,-0.0512082129716873,0.0308863837271928,1.0913597345352173
1629796621769,1.0378671884536743,-0.0237467102706432,0.0286357849836349,1.3048964738845823
1629796621863,1.0378671884536743,-0.0101028112694621,0.0344509445130825,1.4214420318603516
1629796621972,1.0378671884536743,-0.0229440089315176,0.0379557386040687,1.4214420318603516
1629796622035,1.0378671884536743,-0.062857873737812,0.0294194165617227,1.4214420318603516
1629796622128,1.0378671884536743,-0.11333929002285,0.0105483885854482,1.4214420318603516
1629796622271,1.0378671884536743,-0.1505290269851684,-0.0085816951468586,1.4214420318603516
1629796622349,1.0378671884536743,-0.1669151186943054,-0.0198551919311285,1.4214420318603516
1629796622412,1.0378671884536743,-0.1729693710803985,-0.0216356795281171,1.4214420318603516
1629796622537,1.0378671884536743,-0.1756962388753891,-0.0158230103552341,1.3626660108566284
1629796622646,1.0378671884536743,-0.1747875660657882,-0.0054731401614844,1.3121037483215332
1629796622724,1.0378671884536743,-0.1701789796352386,0.0057172370143234,1.2704628705978394
1629796622802,0.7615752816200256,-0.1666470319032669,0.0179723966866731,1.2811706066131592
1629796622974,0.7615752816200256,-0.1686904579401016,0.0333639606833457,1.295787692070007
1629796623071,0.7615752816200256,-0.1764332354068756,0.0501326248049736,1.316036820411682
1629796623181,0.7615752816200256,-0.187129721045494,0.0612433478236198,1.282517910003662
1629796623259,0.7615752816200256,-0.1930884718894958,0.0595212914049625,1.138979196548462
1629796623353,0.7615752816200256,-0.1863998025655746,0.0440135672688484,0.7021185159683228
1629796623462,0.7615752816200256,-0.1660302281379699,0.0214662868529558,0.7021185159683228
1629796623603,0.7615752816200256,-0.1409017443656921,0.0025238543748855,0.7021185159683228
1629796623681,0.7615752816200256,-0.1257671862840652,-0.0067998492158949,0.7021185159683228
1629796623790,0.7615752816200256,-0.1287689954042434,-0.0086067784577608,0.7021185159683228
1629796623868,0.7615752816200256,-0.1451064199209213,-0.0091743078082799,0.7021185159683228
1629796623962,0.7615752816200256,-0.1611742526292801,-0.0127292405813932,0.7021185159683228
1629796624040,0.7615752816200256,-0.1661925315856933,-0.0202311165630817,0.7437974810600281
1629796624168,0.7615752816200256,-0.156864047050476,-0.0308080855756998,0.7437974810600281
1629796624309,0.7615752816200256,-0.1391492784023285,-0.043708998709917,0.7437974810600281
1629796624402,0.7615752816200256,-0.1206216588616371,-0.0585835240781307,0.7437974810600281
1629796624527,0.7615752816200256,-0.108641430735588,-0.0773541405797004,0.7437974810600281
1629796624590,0.7615752816200256,-0.1081604957580566,-0.102216936647892,0.7437974810600281
1629796624715,0.7615752816200256,-0.1140064150094986,-0.1311239749193191,0.7437974810600281
1629796624793,0.7615752816200256,-0.109936699271202,-0.1612921506166458,0.7437974810600281
1629796624871,0.7615752816200256,-0.0838206633925437,-0.1889330595731735,0.7437974810600281
1629796624980,0.7615752816200256,-0.0449333004653453,-0.2120886594057083,0.7437974810600281
1629796625105,0.7615752816200256,-0.0109389359131455,-0.2280727922916412,0.7437974810600281
1629796625170,0.7615752816200256,0.0156973376870155,-0.2313223183155059,1.201252818107605
1629796625264,0.7615752816200256,0.0422811023890972,-0.2182103544473648,1.4062249660491943
1629796625389,0.7615752816200256,0.0705587342381477,-0.1918028742074966,1.4062249660491943
1629796625514,1.228872537612915,0.0924164056777954,-0.1581073999404907,1.4062249660491943
1629796625608,1.228872537612915,0.1016941219568252,-0.1230839788913726,1.4062249660491943
1629796625686,1.228872537612915,0.0983474925160408,-0.0930930078029632,1.4062249660491943
1629796625764,1.3031716346740725,0.086822897195816,-0.0723794624209404,1.436633825302124
1629796625873,1.345336675643921,0.0717852413654327,-0.0648620277643203,1.455621361732483
1629796626014,1.3646457195281982,0.0568870604038238,-0.063720054924488,1.4682482481002808
1629796626123,1.2836084365844729,0.0442708246409893,-0.0519981645047664,1.3997130393981934
1629796626186,1.213037610054016,0.0298711843788623,-0.0181216783821582,1.341883897781372
1629796626311,1.152359962463379,0.001560587552376,0.0294111855328083,1.2934160232543943
1629796626405,1.099218487739563,-0.0522875040769577,0.0713686645030975,1.2516831159591677
1629796626498,1.099218487739563,-0.1302273720502853,0.0956719070672988,1.2141742706298828
1629796626608,1.099218487739563,-0.2169578969478607,0.1038630679249763,1.1823179721832275
1629796626686,1.099218487739563,-0.3002022802829742,0.1038303524255752,1.032907247543335
1629796626826,1.099218487739563,-0.3831121921539306,0.1007672995328903,0.6896345019340515
1629796626904,1.099218487739563,-0.4655834436416626,0.0964131355285644,0.6896345019340515
1629796627014,0.7662612199783325,-0.5141252875328064,0.0920128375291824,0.9288849234580994
1629796627092,0.7662612199783325,-0.5016688108444214,0.0890793800354003,1.0337345600128174
1629796627219,0.7662612199783325,-0.4525540471076965,0.0871967524290084,1.0687021017074585
1629796627344,0.6239760518074036,-0.4073341190814972,0.0843376368284225,1.0719258785247805
1629796627438,0.461556077003479,-0.380629152059555,0.0794082880020141,1.0720422267913818
1629796627532,0.3763093650341034,-0.3608478903770447,0.0706953704357147,1.0693058967590332
1629796627610,0.324536383152008,-0.3336946368217468,0.0531053282320499,1.095693588256836
1629796627735,0.324536383152008,-0.2947772741317749,0.022618981078267,1.126845359802246
1629796627844,0.324536383152008,-0.2534980773925781,-0.0093616768717765,1.1614001989364624
1629796627953,0.324536383152008,-0.222149446606636,-0.0155682768672704,1.2009271383285522
1629796628018,0.324536383152008,-0.2069084793329239,0.0164793021976947,1.248259425163269
1629796628127,0.324536383152008,-0.2043818831443786,0.0627964735031127,1.3022814989089966
1629796628237,0.324536383152008,-0.2098410725593567,0.092294804751873,1.3022814989089966
1629796628362,0.324536383152008,-0.2185035943984985,0.0957593396306037,1.3022814989089966
1629796628471,0.324536383152008,-0.2297868728637695,0.0834306627511978,1.3022814989089966
1629796628518,0.324536383152008,-0.2471802830696106,0.0694847032427787,1.20136296749115
1629796628705,0.324536383152008,-0.2731868028640747,0.0623813569545745,1.0559920072555542
1629796628768,0.324536383152008,-0.3031902611255646,0.0631871148943901,1.0559920072555542
1629796628846,0.324536383152008,-0.3218759894371032,0.0676229670643806,1.0559920072555542
1629796628955,0.324536383152008,-0.3169661164283752,0.071975439786911,1.0559920072555542
1629796629065,0.324536383152008,-0.2976945042610168,0.0742339268326759,1.0559920072555542
1629796629190,0.4843296110630035,-0.2838983833789825,0.0771788209676742,0.2115352302789688
1629796629268,0.4935865700244903,-0.288623183965683,0.0853752642869949,0.2445517778396606
1629796629330,0.5669105052947998,-0.3067274987697601,0.0964530259370803,0.2996734082698822
1629796629471,0.5669105052947998,-0.3237995207309723,0.09898342192173,0.2996734082698822
1629796629580,0.5669105052947998,-0.3268393576145172,0.0844843015074729,0.2996734082698822
1629796629690,0.5669105052947998,-0.3020449578762054,0.0576301403343677,0.2996734082698822
1629796629799,0.5669105052947998,-0.2359764873981475,0.0395701192319393,0.2996734082698822
1629796629861,0.5669105052947998,-0.1487282961606979,0.0504619665443897,0.2996734082698822
1629796629986,0.5669105052947998,-0.0750904604792594,0.084499217569828,0.2996734082698822
1629796630033,0.5669105052947998,-0.0338943414390087,0.1216021925210952,0.2996734082698822
1629796630127,0.5669105052947998,-0.0196845009922981,0.1472887247800827,0.2996734082698822
1629796630299,0.5669105052947998,-0.0150435511022806,0.1602023392915725,0.2996734082698822
1629796630408,0.5108221173286438,-0.0096819698810577,0.1673596948385238,0.2936680316925049
1629796630439,0.5197648406028748,-0.007395886350423,0.1745972782373428,0.3202300071716308
1629796630564,0.5197648406028748,-0.0127379866316914,0.1822011172771453,0.3202300071716308
1629796630658,0.5197648406028748,-0.0231381226330995,0.1857784390449524,0.3202300071716308
1629796630752,0.5197648406028748,-0.0324528850615024,0.1797492355108261,0.3202300071716308
1629796630893,0.5197648406028748,-0.0378105640411376,0.1605039089918136,0.3202300071716308
1629796631002,0.4921159148216247,-0.0386023372411727,0.1299586743116378,-0.0935163050889968
1629796631131,0.5309961438179016,-0.0350542590022087,0.096315786242485,0.1002896279096603
1629796631209,0.6411795616149902,-0.0354847908020019,0.0696716606616973,0.3489359021186828
1629796631303,0.7848838567733765,-0.0566896088421344,0.0505312830209732,0.5674063563346863
1629796631412,0.8986506462097168,-0.1069350019097328,0.027747705578804,0.711937665939331
1629796631537,0.8986506462097168,-0.1742185801267624,-0.0067500751465559,0.784537136554718
1629796631615,0.8986506462097168,-0.2277246117591858,-0.0514090619981288,0.784537136554718
1629796631678,0.8986506462097168,-0.2446482181549072,-0.0859046950936317,0.784537136554718
1629796631818,0.8986506462097168,-0.2294269502162933,-0.0790560021996498,0.784537136554718
1629796631896,0.8986506462097168,-0.199273332953453,-0.0229465253651142,0.784537136554718
1629796632006,0.8986506462097168,-0.1648197770118713,0.0524318553507328,0.784537136554718
1629796632162,0.8986506462097168,-0.135790005326271,0.1138453483581543,0.784537136554718
1629796632211,0.9333409070968628,-0.116433061659336,0.1484427005052566,0.8300254940986633
1629796632305,0.9775816798210144,-0.1060003638267517,0.1624195277690887,0.8838421702384949
1629796632414,1.033629298210144,-0.1030350178480148,0.1683992594480514,0.9452022910118104
1629796632508,1.1048929691314695,-0.1075023934245109,0.1739238649606704,1.0134674310684204
1629796632570,1.1048929691314695,-0.1186994686722755,0.180083081126213,1.0836912393569946
1629796632695,1.1048929691314695,-0.1347680687904358,0.1850453466176986,1.0836912393569946
1629796632820,1.1048929691314695,-0.152967095375061,0.1878841668367386,1.0836912393569946
1629796632883,1.1048929691314695,-0.1677729785442352,0.1884602308273315,1.0836912393569946
1629796633026,1.1048929691314695,-0.1711573898792266,0.1866547614336013,1.0836912393569946
1629796633073,1.1048929691314695,-0.1600853353738784,0.183725818991661,1.0836912393569946
1629796633223,1.1048929691314695,-0.1446205079555511,0.1762755960226059,1.0836912393569946
1629796633332,1.1048929691314695,-0.1418433636426925,0.1552769243717193,1.0836912393569946
1629796633442,1.1048929691314695,-0.1592417508363723,0.1123706772923469,1.0836912393569946
1629796633520,1.1048929691314695,-0.1887162625789642,0.0501023083925247,1.0836912393569946
1629796633660,1.1048929691314695,-0.2110290229320526,-0.0147719476372003,1.0836912393569946
1629796633707,1.1048929691314695,-0.2133980840444564,-0.0629335045814514,1.0836912393569946
1629796633801,1.1048929691314695,-0.1973940581083297,-0.0926461443305015,1.0836912393569946
1629796633941,1.1048929691314695,-0.1717720031738281,-0.1151866465806961,1.0836912393569946
1629796634054,1.1048929691314695,-0.1459601372480392,-0.1374868899583816,1.0836912393569946
1629796634132,1.1048929691314695,-0.1257375627756118,-0.1581895053386688,1.0836912393569946
1629796634210,1.1048929691314695,-0.1100408658385276,-0.1734834611415863,1.0836912393569946
1629796634319,1.1048929691314695,-0.0964241623878479,-0.1824893355369568,1.0836912393569946
1629796634429,1.1048929691314695,-0.0840530022978782,-0.1809426397085189,1.0836912393569946
1629796634522,1.1048929691314695,-0.07064189016819,-0.1552359163761139,1.0836912393569946
1629796634697,1.1048929691314695,-0.0502477549016475,-0.1034183800220489,1.0836912393569946
1629796634790,1.1048929691314695,-0.0209934990853071,-0.0467882230877876,1.0836912393569946
1629796634853,1.1048929691314695,0.0133272698149085,-0.0089173763990402,1.0836912393569946
1629796634915,1.1048929691314695,0.0451540760695934,0.0041561974212527,1.0836912393569946
1629796634994,1.1048929691314695,0.0686750262975692,0.0046522128395736,1.0836912393569946
1629796635152,1.1048929691314695,0.0803785696625709,0.0122186662629246,1.0836912393569946
1629796635277,1.1048929691314695,0.0781688317656517,0.0347888134419918,1.0836912393569946
1629796635371,1.1048929691314695,0.0637475550174713,0.066644549369812,1.0836912393569946
1629796635434,1.1048929691314695,0.0432856194674968,0.0975110009312629,1.0836912393569946
1629796635527,1.1048929691314695,0.0242494139820337,0.1217355728149414,1.0836912393569946
1629796635637,1.1048929691314695,0.0105438651517033,0.1381458938121795,1.0836912393569946
1629796635746,1.1048929691314695,0.0012438342673704,0.1501208394765854,1.0836912393569946
1629796635840,1.1048929691314695,-0.0038087530992925,0.1644259542226791,1.0836912393569946
1629796635996,1.1048929691314695,-0.0045600412413477,0.1840069741010666,1.0836912393569946
1629796636044,1.1048929691314695,-0.0069706654176115,0.1994314789772033,1.0836912393569946
1629796636202,1.1048929691314695,-0.0226815827190876,0.1980646550655365,1.0836912393569946
1629796636296,1.1048929691314695,-0.0571423396468162,0.1777684390544891,1.0836912393569946
1629796636374,1.1048929691314695,-0.1069493368268013,0.1484156250953674,1.0836912393569946
1629796636467,1.1048929691314695,-0.1615184545516967,0.1247323527932167,1.0836912393569946
1629796636577,1.1048929691314695,-0.2095009982585907,0.1130392029881477,1.0836912393569946
1629796636655,1.1048929691314695,-0.2381996810436248,0.1097064241766929,1.0836912393569946
1629796636764,1.1048929691314695,-0.2312897741794586,0.1111874878406524,1.0836912393569946
1629796636827,1.1048929691314695,-0.188878446817398,0.1139282286167144,1.0836912393569946
1629796636999,1.1048929691314695,-0.1344567835330963,0.1140366122126579,0.6840067505836487
1629796637092,0.9929391145706176,-0.0891846343874931,0.1090011596679687,0.7221837043762207
1629796637170,0.9412638545036316,-0.0602513402700424,0.101529836654663,0.6781272292137146
1629796637311,0.9412638545036316,-0.0451316982507705,0.0947299972176551,0.6781272292137146
1629796637389,0.9412638545036316,-0.0399276316165924,0.0849676206707954,0.6781272292137146
1629796637467,0.9412638545036316,-0.0377573743462562,0.0669844672083854,0.6781272292137146
1629796637577,0.9412638545036316,-0.0287635400891304,0.0463133864104747,0.6781272292137146
1629796637655,0.9412638545036316,-0.0088502177968621,0.0362501740455627,0.6781272292137146
1629796637811,0.9412638545036316,0.013720934279263,0.0432147234678268,0.6781272292137146
1629796637858,0.9412638545036316,0.0283572748303413,0.0579193867743015,0.6781272292137146
1629796637983,0.9412638545036316,0.0331570319831371,0.0660571828484535,0.6781272292137146
1629796638092,0.9412638545036316,0.0322196371853351,0.0608046203851699,0.6781272292137146
1629796638220,0.9412638545036316,0.0275490507483482,0.0420176275074481,0.6781272292137146
1629796638298,0.9414307475090028,0.0135960252955555,0.0109961777925491,0.6666353344917297
1629796638361,0.9414307475090028,-0.0135680865496397,-0.0260060559958219,0.6666353344917297
1629796638486,0.9414307475090028,-0.0460823066532611,-0.058849561959505,0.6666353344917297
1629796638548,0.9414307475090028,-0.0632207468152046,-0.0791184529662132,0.6666353344917297
1629796638689,0.9414307475090028,-0.0530679859220981,-0.0903764963150024,0.6666353344917297
1629796638829,0.9414307475090028,-0.0255605783313512,-0.101877711713314,1.4500300884246826
1629796638956,1.580212116241455,0.0041358843445777,-0.1136048436164856,1.4500300884246826
1629796638988,1.580212116241455,0.0278789047151803,-0.1164150163531303,1.4500300884246826
1629796639128,1.580212116241455,0.0393731333315372,-0.1114753633737564,1.4500300884246826
1629796639222,1.580212116241455,0.0349025167524814,-0.1118447482585907,1.4500300884246826
1629796639269,1.580212116241455,0.0174858123064041,-0.1285496652126312,1.4500300884246826
1629796639441,1.580212116241455,-0.002371382433921,-0.1581466346979141,1.4500300884246826
1629796639519,1.580212116241455,-0.0172378029674291,-0.188302680850029,1.4500300884246826
1629796639644,1.580212116241455,-0.0273752566426992,-0.2113952189683914,1.4500300884246826
1629796639722,1.580212116241455,-0.0352279022336006,-0.2291994243860244,1.4500300884246826
1629796639862,1.580212116241455,-0.038959514349699,-0.2398363649845123,1.4500300884246826
1629796639909,1.580212116241455,-0.0391790196299552,-0.2382746934890747,1.3913288116455078
1629796640057,1.4979928731918335,-0.0405105426907539,-0.2197777330875396,1.3880618810653689
1629796640182,1.4447535276412964,-0.0537149310111999,-0.1843481659889221,1.3245115280151367
1629796640244,1.41331148147583,-0.0835502296686172,-0.1399932503700256,1.237229585647583
1629796640338,1.41331148147583,-0.1258958578109741,-0.0989100486040115,1.237229585647583
1629796640432,1.41331148147583,-0.1716957837343216,-0.0700409635901451,1.237229585647583
1629796640541,1.41331148147583,-0.2194719463586807,-0.055259384214878,1.237229585647583
1629796640650,1.41331148147583,-0.2723324298858642,-0.0501304753124713,1.237229585647583
1629796640744,1.41331148147583,-0.3277161717414856,-0.0474869310855865,1.237229585647583
1629796640916,1.41331148147583,-0.3717242479324341,-0.0408770143985748,1.237229585647583
1629796640963,1.41331148147583,-0.3928300142288208,-0.0294318478554487,1.237229585647583
1629796641010,1.41331148147583,-0.3928351998329162,-0.0170231442898511,1.237229585647583
1629796641135,1.41331148147583,-0.3796638548374176,-0.0076389908790588,1.237229585647583
1629796641275,1.41331148147583,-0.3614868223667145,-0.0020453303586691,1.237229585647583
1629796641338,1.41331148147583,-0.3455272316932678,-0.0002757306210696,1.237229585647583
1629796641447,1.41331148147583,-0.3295803964138031,-0.0026029341388493,1.237229585647583
1629796641525,1.41331148147583,-0.3096021115779876,-0.011237577535212,1.237229585647583
1629796641619,1.41331148147583,-0.2797873616218567,-0.0271136481314897,1.237229585647583
1629796641712,1.41331148147583,-0.2433708757162094,-0.0459028854966163,1.237229585647583
1629796641869,1.41331148147583,-0.2094475030899047,-0.0617744959890842,1.237229585647583
1629796641978,1.41331148147583,-0.1894778311252594,-0.076071947813034,1.237229585647583
1629796642072,1.41331148147583,-0.186560720205307,-0.097267173230648,1.237229585647583
1629796642150,1.41331148147583,-0.1945837438106537,-0.1265153735876083,1.237229585647583
1629796642212,1.41331148147583,-0.2042316198348999,-0.1519560366868972,1.237229585647583
1629796642322,1.41331148147583,-0.2097896188497543,-0.1616613715887069,1.237229585647583
1629796642462,1.41331148147583,-0.2140477150678634,-0.1565219908952713,1.237229585647583
1629796642556,1.41331148147583,-0.2213824242353439,-0.1430765688419342,1.237229585647583
1629796642697,1.41331148147583,-0.2323707193136215,-0.1221450269222259,1.237229585647583
1629796642775,1.41331148147583,-0.2445845305919647,-0.0957220345735549,1.237229585647583
1629796642868,1.41331148147583,-0.2569459974765777,-0.0727671384811401,1.237229585647583
1629796642947,1.41331148147583,-0.275144875049591,-0.0632043331861496,1.237229585647583
1629796643072,1.41331148147583,-0.3084551990032196,-0.0684833228588104,1.237229585647583
1629796643165,1.41331148147583,-0.365139752626419,-0.0836206302046775,1.237229585647583
1629796643243,1.41331148147583,-0.4440908432006836,-0.1011155471205711,1.237229585647583
1629796643368,1.41331148147583,-0.5321488976478577,-0.1116305068135261,1.237229585647583
1629796643446,1.41331148147583,-0.604115903377533,-0.1070713102817535,1.237229585647583
1629796643571,1.41331148147583,-0.6411844491958618,-0.088810309767723,1.237229585647583
1629796643697,1.41331148147583,-0.6423637866973877,-0.0692376643419265,1.237229585647583
1629796643821,1.41331148147583,-0.6046754717826843,-0.0604185461997985,1.237229585647583
1629796643868,1.41331148147583,-0.5218547582626343,-0.0633863359689712,1.237229585647583
1629796643978,1.41331148147583,-0.3930238485336303,-0.0704507306218147,1.237229585647583
1629796644056,1.41331148147583,-0.2443224340677261,-0.0784173384308815,1.237229585647583
1629796644183,1.41331148147583,-0.1152013763785362,-0.091913990676403,1.237229585647583
1629796644292,1.41331148147583,-0.0263572577387094,-0.115091897547245,1.237229585647583
1629796644417,1.41331148147583,0.0229488629847764,-0.1386443972587585,1.237229585647583
1629796644558,1.41331148147583,0.0465061068534851,-0.1448466032743454,1.237229585647583
1629796644604,1.41331148147583,0.059870533645153,-0.1290818452835083,1.237229585647583
1629796644683,1.41331148147583,0.0692944079637527,-0.1059344932436943,1.237229585647583
1629796644792,1.41331148147583,0.0748705193400383,-0.0926685482263565,1.237229585647583
1629796644979,1.41331148147583,0.0817536264657974,-0.0987817198038101,1.237229585647583
1629796645026,1.41331148147583,0.097452700138092,-0.1254298835992813,1.237229585647583
1629796645073,1.41331148147583,0.1232886090874672,-0.1668165624141693,1.237229585647583
1629796645169,1.41331148147583,0.151632934808731,-0.206690713763237,1.237229585647583
1629796645263,1.41331148147583,0.1723313182592392,-0.21762415766716,1.237229585647583
1629796645357,1.41331148147583,0.1785294711589813,-0.1822656840085983,1.237229585647583
1629796645497,1.41331148147583,0.1641568094491958,-0.1116005033254623,1.237229585647583
1629796645607,1.41331148147583,0.1242799386382103,-0.0329507030546665,1.237229585647583
1629796645716,1.41331148147583,0.0619372017681598,0.0309168510138988,1.237229585647583
1629796645779,1.41331148147583,-0.0071123628877103,0.0732734203338623,1.237229585647583
1629796645872,1.41331148147583,-0.0609057322144508,0.0969206988811492,1.237229585647583
1629796646029,1.41331148147583,-0.0896990299224853,0.111567847430706,1.237229585647583
1629796646122,1.41331148147583,-0.1017477139830589,0.1297505795955658,1.237229585647583
1629796646216,1.41331148147583,-0.1039904803037643,0.1570999324321746,1.237229585647583
1629796646325,1.41331148147583,-0.0914508402347564,0.1859752386808395,1.237229585647583
1629796646404,1.41331148147583,-0.0675510540604591,0.207330510020256,1.237229585647583
1629796646513,1.41331148147583,-0.0468626953661441,0.2169630527496338,1.237229585647583
1629796646622,1.41331148147583,-0.0444495789706707,0.21859210729599,1.237229585647583
1629796646732,1.41331148147583,-0.0613884329795837,0.2153962105512619,1.237229585647583
1629796646825,1.41331148147583,-0.0872882083058357,0.2041384726762771,1.237229585647583
1629796646935,1.41331148147583,-0.1092321798205375,0.1797294318675995,1.237229585647583
1629796647013,1.41331148147583,-0.1213772818446159,0.1386260390281677,1.237229585647583
1629796647122,1.41331148147583,-0.1241254657506942,0.0827072486281395,1.237229585647583
1629796647200,1.41331148147583,-0.117808811366558,0.0224223081022501,1.237229585647583
1629796647325,1.41331148147583,-0.1029731780290603,-0.027214316651225,1.237229585647583
1629796647419,1.41331148147583,-0.0809589773416519,-0.0591051168739795,1.237229585647583
1629796647560,1.41331148147583,-0.0534757412970066,-0.0830328986048698,0.7771421074867249
1629796647653,1.41331148147583,-0.0237220432609319,-0.1182795315980911,0.7831462025642395
1629796647716,0.7212979197502136,0.0019139981595799,-0.1753863990306854,0.7573123574256897
1629796647825,0.7688968777656555,0.0112796789035201,-0.2369149774312973,0.7573123574256897
1629796647981,0.8291597962379456,-0.0028967235703021,-0.2676372528076172,0.7573123574256897
1629796648075,0.8291597962379456,-0.0374402441084384,-0.2377997785806656,0.7573123574256897
1629796648106,0.8291597962379456,-0.0774148628115654,-0.1662217080593109,0.7573123574256897
1629796648231,0.8291597962379456,-0.108469434082508,-0.091545395553112,0.7573123574256897
1629796648356,0.8291597962379456,-0.1287994682788849,-0.0357818566262722,0.7573123574256897
1629796648419,0.8291597962379456,-0.1478082537651062,-0.0055345022119581,0.7573123574256897
1629796648606,0.8291597962379456,-0.1706306785345077,0.0026913653127849,0.7573123574256897
1629796648684,0.8291597962379456,-0.1953431814908981,-0.0016888921381905,0.7573123574256897
1629796648778,0.8291597962379456,-0.2199506908655166,-0.0097110606729984,0.790280282497406
1629796648856,0.8291597962379456,-0.2468677908182144,-0.0166504234075546,0.8057804703712463
1629796648981,0.8791122436523438,-0.2820808291435241,-0.021055694669485,0.8057804703712463
1629796649059,0.893274188041687,-0.3302271664142608,-0.0246322620660066,0.8057804703712463
1629796649186,0.9140291213989258,-0.3822230100631714,-0.0289679132401943,0.8057804703712463
1629796649295,0.9140291213989258,-0.3990949094295501,-0.0348225459456443,0.8057804703712463
1629796649358,0.9140291213989258,-0.3255904018878937,-0.0446570999920368,0.8057804703712463
1629796649452,0.9140291213989258,-0.1790539324283599,-0.0631702467799186,0.8057804703712463
1629796649561,0.9140291213989258,-0.0338897593319416,-0.098246157169342,0.8057804703712463
1629796649655,0.9140291213989258,0.0743534192442894,-0.1529948711395263,0.8057804703712463
1629796649780,0.9140291213989258,0.1446757316589355,-0.2144848555326461,0.8057804703712463
1629796649889,0.9140291213989258,0.190740630030632,-0.2544535398483276,0.8057804703712463
1629796649952,0.9140291213989258,0.224868893623352,-0.2538658678531647,0.8057804703712463
1629796650094,0.9140291213989258,0.2521001398563385,-0.2244444787502288,0.8057804703712463
1629796650141,0.9140291213989258,0.2714944779872894,-0.190325066447258,0.8057804703712463
1629796650250,0.9140291213989258,0.2838605046272278,-0.1624191701412201,0.8057804703712463
1629796650375,0.9140291213989258,0.2909470796585083,-0.1431331187486648,0.8057804703712463
1629796650516,0.9140291213989258,0.2950542867183685,-0.1309172064065933,0.5030680894851685
1629796650578,0.9140291213989258,0.2973392605781555,-0.1214069575071334,0.5139527320861816
1629796650641,0.6442073583602905,0.296070784330368,-0.1089620664715766,0.5438197255134583
1629796650797,0.6751044988632202,0.2853060662746429,-0.0874577909708023,0.6017336845397949
1629796650953,0.7796119451522827,0.2552089393138885,-0.0514488071203231,0.7368326783180237
1629796650985,0.9306867122650146,0.1970331519842147,0.001546487561427,0.921781599521637
1629796651063,1.0573124885559082,0.1133986264467239,0.0621711984276771,1.0795871019363403
1629796651190,1.1295832395553589,0.0193143188953399,0.1127836108207702,1.1772431135177612
1629796651253,1.1509848833084106,-0.0644783973693847,0.1402028799057006,1.2179601192474363
1629796651440,1.1509848833084106,-0.1333650052547454,0.1415905058383941,1.2184419631958008
1629796651503,1.1199322938919067,-0.1991184055805206,0.1242290139198303,1.199215531349182
1629796651597,1.0873644351959229,-0.2684445679187774,0.0995972454547882,1.1741572618484497
1629796651706,1.0579965114593506,-0.3265480399131775,0.0766756907105445,1.148488163948059
1629796651831,1.0337234735488892,-0.3593544065952301,0.0587706714868545,1.1474980115890503
1629796651893,1.031941294670105,-0.3645638525485992,0.0471855327486991,1.1508784294128418
1629796652018,1.0517617464065552,-0.3404395878314972,0.0414412692189216,1.1740261316299438
1629796652128,1.07319974899292,-0.2745438814163208,0.0384322367608547,1.1979002952575684
1629796652224,1.0970232486724854,-0.1596805453300476,0.0326340533792972,1.2231810092926023
1629796652333,1.1189364194869995,-0.0235304608941078,0.0175458826124668,1.246683120727539
1629796652443,1.1214693784713743,0.0928795710206031,-0.0136379590258002,1.2550700902938845
1629796652490,1.076879382133484,0.1698149740695953,-0.0697404816746711,1.2255672216415403
1629796652615,0.9602725505828856,0.2109750360250473,-0.1556076109409332,1.1383165121078491
1629796652693,0.7517442107200623,0.228478118777275,-0.2617919743061065,0.9855296611785888
1629796652802,0.4343142211437225,0.2344128191471099,-0.3602878749370575,0.783014178276062
1629796652927,0.4343142211437225,0.2369565963745117,-0.4169555008411407,0.594772219657898
1629796653005,0.4057239592075348,0.2399203330278396,-0.4272788465023041,0.4927674233913421
1629796653130,0.4057239592075348,0.2432969659566879,-0.4147279560565948,0.4927674233913421
1629796653215,0.4057239592075348,0.2447470724582672,-0.400644451379776,0.4927674233913421
1629796653309,0.4057239592075348,0.2426722794771194,-0.3926179707050323,0.4927674233913421
1629796653449,0.4057239592075348,0.2390408813953399,-0.3912277817726135,0.4927674233913421
1629796653559,0.4057239592075348,0.2331139743328094,-0.3914130628108978,0.4927674233913421
1629796653652,0.4057239592075348,0.2181855887174606,-0.3877848982810974,0.4927674233913421
1629796653715,0.4057239592075348,0.1797074526548385,-0.3800099790096283,0.4927674233913421
1629796653824,0.4057239592075348,0.105814442038536,-0.3694114089012146,0.4927674233913421
1629796653902,0.4057239592075348,-0.0010008107637986,-0.3564082682132721,0.4927674233913421
1629796654077,0.4057239592075348,-0.1154209822416305,-0.3388756513595581,0.4927674233913421
1629796654155,0.4057239592075348,-0.2042532265186309,-0.3173371851444244,0.4927674233913421
1629796654217,0.4057239592075348,-0.2545080780982971,-0.2978925406932831,0.4927674233913421
1629796654374,0.4057239592075348,-0.2812062799930572,-0.2882636189460754,0.4927674233913421
1629796654405,0.4057239592075348,-0.302226722240448,-0.2903403341770172,0.4927674233913421
1629796654530,0.4057239592075348,-0.3243182003498077,-0.3019522130489349,0.4927674233913421
1629796654702,0.0223799590021371,-0.3456734418869018,-0.3160884082317352,0.6638227105140686
1629796654795,0.1714294701814651,-0.3580914437770843,-0.3257312178611755,0.660914957523346
1629796654827,0.3010791838169098,-0.3551828265190124,-0.3296850621700287,0.6531160473823547
1629796654936,0.4000500738620758,-0.3448024392127991,-0.3335743546485901,0.6443589925765991
1629796655030,0.4654878675937652,-0.3330020904541015,-0.3461962938308716,0.6346580386161804
1629796655139,0.4992704093456268,-0.3184306025505066,-0.3720791637897491,0.6226651072502136
1629796655295,0.511983335018158,-0.2959369719028473,-0.4053096771240234,0.6105862855911255
1629796655342,0.5185781717300415,-0.2719981074333191,-0.433950275182724,0.6065583229064941
1629796655452,0.5185781717300415,-0.2578137516975403,-0.4480520784854889,0.6065583229064941
1629796655545,0.5185781717300415,-0.2580905854701996,-0.4457076787948608,0.6065583229064941
1629796655639,0.5185781717300415,-0.2693512141704559,-0.4170047640800476,0.6065583229064941
1629796655764,0.5185781717300415,-0.2874057590961456,-0.3543336987495422,0.6065583229064941
1629796655889,0.5521731972694397,-0.3089759945869446,-0.2767101526260376,0.6063283085823059
1629796655998,0.5893480777740479,-0.3262799680233001,-0.215118795633316,0.5981494188308716
1629796656110,0.6277235150337219,-0.327592521905899,-0.1801577806472778,0.5850426554679871
1629796656188,0.661323606967926,-0.3042903840541839,-0.1630575507879257,0.5700914263725281
1629796656235,0.6825277805328369,-0.2597870230674743,-0.1489000767469406,0.555406928062439
1629796656360,0.6867079138755798,-0.2084041088819503,-0.1293008774518966,0.5431764721870422
1629796656517,0.6702489852905273,-0.1630221903324127,-0.1024431437253952,0.5312798619270325
1629796656595,0.6702489852905273,-0.1295621395111084,-0.063576765358448,0.5312798619270325
1629796656657,0.6702489852905273,-0.1086283028125763,-0.0167020987719297,0.5312798619270325
1629796656782,0.6702489852905273,-0.0994995012879371,0.0250927433371543,0.5312798619270325
1629796656860,0.6702489852905273,-0.0983787178993225,0.0519872829318046,0.5312798619270325
1629796656938,0.6702489852905273,-0.0972752049565315,0.0637476965785026,0.5312798619270325
1629796657110,0.6702489852905273,-0.0898686945438385,0.0666775405406951,0.5312798619270325
1629796657204,0.6702489852905273,-0.0767861828207969,0.0613094009459018,0.5312798619270325
1629796657344,0.6702489852905273,-0.0654648542404174,0.0435169897973537,0.5312798619270325
1629796657391,0.6702489852905273,-0.0604810677468776,0.0182348079979419,0.5312798619270325
1629796657494,0.6702489852905273,-0.0621765293180942,0.0038482013624161,0.5312798619270325
1629796657589,0.6702489852905273,-0.0681527554988861,0.0123323164880275,0.5312798619270325
1629796657711,0.6702489852905273,-0.0727749094367027,0.0365204103291034,0.5312798619270325
1629796657819,0.6702489852905273,-0.0665916055440902,0.0613428801298141,0.5312798619270325
1629796657881,0.6702489852905273,-0.0473914183676242,0.0787819027900695,0.5312798619270325
1629796657989,0.6702489852905273,-0.0255670510232448,0.0876226127147674,0.5312798619270325
1629796658052,0.6702489852905273,-0.0142179680988192,0.0848064124584198,0.5312798619270325
1629796658145,0.6702489852905273,-0.0159998945891857,0.0729912742972374,0.5312798619270325
1629796658318,0.6702489852905273,-0.0157145131379365,0.063676968216896,1.1386643648147583
1629796658380,0.6702489852905273,0.0017809469718486,0.0686706602573394,1.081483006477356
1629796658524,0.6702489852905273,0.0323712863028049,0.0881455466151237,1.0305179357528689
1629796658602,0.6702489852905273,0.0632154121994972,0.114034853875637,1.0018340349197388
1629796658678,0.6702489852905273,0.0864137858152389,0.140668511390686,1.002170205116272
1629796658763,0.6702489852905273,0.1045572236180305,0.1637430936098098,1.018132209777832
1629796658883,0.8595232367515564,0.1209459975361824,0.1785659790039062,1.0320684909820557
1629796659019,0.8230504393577576,0.1360099464654922,0.1804890781641006,1.0438348054885864
1629796659133,0.8081822991371155,0.1477660089731216,0.170450210571289,1.040022373199463
1629796659229,0.8186872005462646,0.1522083729505539,0.153465136885643,1.0384347438812256
1629796659307,0.8378215432167053,0.1427182406187057,0.1341852098703384,1.03864324092865
1629796659387,0.8480724692344666,0.1173660084605217,0.1148966401815414,1.0332622528076172
1629796659543,0.843302309513092,0.0828875675797462,0.0953098833560943,1.0186387300491333
1629796659650,0.8277904987335205,0.0508880652487278,0.0751901566982269,0.996513605117798
1629796659712,0.8083326816558838,0.027385713532567,0.0537021867930889,0.92095947265625
1629796659831,0.7885016798973083,0.005522493738681,0.0284071657806634,0.8849831819534302
1629796659897,0.7885016798973083,-0.0230669789016246,-0.0010589219164103,0.894580066204071
1629796660018,0.7885016798973083,-0.0544591732323169,-0.0306576043367385,0.91045081615448
1629796660127,0.7763259410858154,-0.0764596164226532,-0.0592406615614891,0.9201639890670776
1629796660249,0.760219931602478,-0.0763746574521064,-0.0916358232498169,0.9116167426109314
1629796660327,0.7501099705696106,-0.0515500009059906,-0.1296986490488052,0.882572591304779
1629796660405,0.7527792453765869,-0.0115089323371648,-0.1655272245407104,0.8415130972862244
1629796660520,0.7654241323471069,0.0275587439537048,-0.1842798292636871,0.8045963644981384
1629796660660,0.770892322063446,0.0534142144024372,-0.1831746399402618,0.767116129398346
1629796660754,0.7504097819328308,0.0631237775087356,-0.1736060976982116,0.705022931098938
1629796660832,0.6956871151924133,0.063025914132595,-0.1675194799900055,0.5895648002624512
1629796660941,0.6140615940093994,0.0630062818527221,-0.1691615581512451,0.4087456166744232
1629796661066,0.6140615940093994,0.0689606741070747,-0.1720746606588363,0.4087456166744232
1629796661176,0.6140615940093994,0.0776367858052253,-0.1648463606834411,0.4087456166744232
1629796661223,0.6140615940093994,0.0819785669445991,-0.1445439904928207,0.4087456166744232
1629796661363,0.6140615940093994,0.0783663168549537,-0.1199491247534751,0.4087456166744232
1629796661457,0.59775710105896,0.0691190585494041,-0.1071089208126068,0.4078096151351928
1629796661582,0.551120400428772,0.0582250319421291,-0.1158530861139297,0.4350740611553192
1629796661695,0.5059502124786377,0.0448575466871261,-0.1431176215410232,0.4513079226016998
1629796661773,0.4620446264743805,0.021805191412568,-0.1725329160690307,0.4632659554481506
1629796661851,0.4219087064266205,-0.0203107632696628,-0.1822644621133804,0.4744242429733276
1629796662023,0.390334278345108,-0.0851296335458755,-0.1645733714103698,0.4851819574832916
1629796662088,0.3718312978744507,-0.1638845056295395,-0.1363519132137298,0.4983397126197815
1629796662151,0.3633581399917602,-0.2358260154724121,-0.1169163957238197,0.5135682821273804
1629796662276,0.3583658933639526,-0.2860794961452484,-0.1125798374414444,0.5261562466621399
1629796662319,0.3583658933639526,-0.3203378319740295,-0.1151505634188652,0.5261562466621399
1629796662429,0.3583658933639526,-0.3538286685943603,-0.1086118519306182,0.5261562466621399
1629796662616,0.3583658933639526,-0.3841839432716369,-0.0802648663520813,0.5261562466621399
1629796662663,0.3149459958076477,-0.3873046338558197,-0.0327280610799789,0.5419846773147583
1629796662772,0.2559791803359985,-0.3538430631160736,0.0170001294463872,0.5580337643623352
1629796662850,0.1993510872125625,-0.3057444989681244,0.0548678115010261,0.5690123438835144
1629796662975,0.159300610423088,-0.2693550288677215,0.0768292918801307,0.5750890374183655
1629796663069,0.137203648686409,-0.2528077065944671,0.089490532875061,0.5812047123908997
1629796663202,0.1331000477075576,-0.2514580488204956,0.1027547717094421,0.5899814367294312
1629796663312,0.1525133699178695,-0.2525624334812164,0.1193709373474121,0.6012428402900696
1629796663374,0.1939828097820282,-0.2417493909597396,0.131981149315834,0.614147961139679
1629796663452,0.1939828097820282,-0.2083932012319564,0.1319323480129242,0.614147961139679
1629796663572,0.1939828097820282,-0.1543157398700714,0.1174329370260238,0.614147961139679
1629796663634,0.1939828097820282,-0.0929579436779022,0.0952972546219825,0.614147961139679
1629796663789,0.1939828097820282,-0.0381615944206714,0.0758867263793945,0.614147961139679
1629796663914,0.1939828097820282,0.0022602812387049,0.066658079624176,0.614147961139679
1629796664024,0.1939828097820282,0.0263123326003551,0.0802865028381347,0.614147961139679
1629796664071,0.1939828097820282,0.0420860834419727,0.0829016417264938,0.614147961139679
1629796664149,0.1939828097820282,0.0483324117958545,0.0614025592803955,0.614147961139679
1629796664242,0.1939828097820282,0.0460346490144729,0.0136183705180883,0.614147961139679
1629796664430,0.1939828097820282,0.0423209406435489,-0.0483112893998622,0.614147961139679
1629796664508,0.1939828097820282,0.0462428703904151,-0.0969772040843963,0.6669926047325134
1629796664570,0.1939828097820282,0.061433158814907,-0.1175719648599624,0.6780935525894165
1629796664680,0.1939828097820282,0.0868051648139953,-0.1313218623399734,0.6787784695625305
1629796664774,0.1939828097820282,0.1185227409005165,-0.1740135103464126,0.6834065914154053
1629796664867,0.1939828097820282,0.1778166890144348,-0.2645204663276672,0.6945281624794006
1629796665008,0.1939828097820282,0.2224296033382415,-0.4040834903717041,0.7069815993309021
1629796665117,0.1939828097820282,0.2450279742479324,-0.4040834903717041,0.7242433428764343
1629796665229,0.1939828097820282,0.2528481781482696,-0.4040834903717041,0.7242433428764343
1629796665307,0.1939828097820282,0.253421425819397,-0.4040834903717041,0.7242433428764343
1629796665385,0.1939828097820282,0.2668731212615967,-0.4040834903717041,0.7242433428764343
1629796665510,0.1939828097820282,0.3077448606491089,-0.4040834903717041,0.7242433428764343
1629796665604,0.1939828097820282,0.3077448606491089,-0.4040834903717041,0.7242433428764343
1629796665744,0.1939828097820282,0.3077448606491089,-0.4040834903717041,0.7395873665809631
1629796665807,0.1939828097820282,0.3077448606491089,-0.4040834903717041,0.751892626285553
1629796665932,0.1939828097820282,0.3077448606491089,-0.4040834903717041,0.7566695809364319
1629796665983,0.1939828097820282,0.3077448606491089,-0.4040834903717041,0.7586058378219604
1629796666108,0.1939828097820282,0.3077448606491089,-0.4040834903717041,0.7659567594528198
1629796666248,0.1939828097820282,0.3077448606491089,-0.4040834903717041,0.7845974564552307
1629796666326,1.5109267234802246,0.3660934269428253,-0.4040834903717041,0.7845974564552307
1629796666449,1.538357853889465,0.365300714969635,-0.4040834903717041,0.7845974564552307
1629796666512,1.615863800048828,0.3746809959411621,-0.4040834903717041,0.7845974564552307
1629796666637,1.615863800048828,0.3746809959411621,-0.4040834903717041,0.7845974564552307
1629796666730,1.615863800048828,0.3746809959411621,-0.4040834903717041,0.7845974564552307
1629796666840,1.615863800048828,0.3746809959411621,-0.4040834903717041,0.7845974564552307
1629796666949,1.615863800048828,0.3746809959411621,-0.4040834903717041,0.7845974564552307
1629796667011,1.615863800048828,0.3746809959411621,-0.4040834903717041,0.7845974564552307
1629796667136,1.615863800048828,0.3746809959411621,-0.4040834903717041,0.7845974564552307
1629796667183,1.615863800048828,0.3746809959411621,-0.4040834903717041,0.7845974564552307
1629796667324,1.615863800048828,0.3746809959411621,-0.4040834903717041,0.7845974564552307
1629796667480,1.615863800048828,0.3746809959411621,-0.4040834903717041,0.7845974564552307
1629796667605,1.615863800048828,0.3746809959411621,-0.4040834903717041,0.7845974564552307
1629796667636,1.615863800048828,0.3746809959411621,-0.4040834903717041,0.7845974564552307
1629796667730,1.615863800048828,0.3746809959411621,-0.4040834903717041,0.7845974564552307
1629796667824,1.615863800048828,0.3746809959411621,-0.4040834903717041,0.7845974564552307
1629796667902,1.615863800048828,0.3746809959411621,-0.4040834903717041,0.7845974564552307
1629796668124,1.615863800048828,0.3746809959411621,-0.4040834903717041,0.7845974564552307
1629796668171,1.615863800048828,0.3746809959411621,-0.4040834903717041,0.7845974564552307
1629796668312,1.615863800048828,0.3746809959411621,-0.4040834903717041,0.7845974564552307
1629796668343,1.615863800048828,0.3746809959411621,-0.4040834903717041,0.7845974564552307
1629796668437,1.615863800048828,0.3746809959411621,-0.4040834903717041,0.7845974564552307
1629796668515,1.615863800048828,0.3746809959411621,-0.4040834903717041,0.7845974564552307
1629796668687,1.615863800048828,0.4543989896774292,-0.4040834903717041,0.7845974564552307
1629796668796,1.615863800048828,0.423953503370285,-0.4040834903717041,0.7845974564552307
1629796668843,1.615863800048828,0.4011085927486419,-0.4040834903717041,0.7845974564552307
1629796668999,1.615863800048828,0.3785836696624756,-0.4040834903717041,0.7845974564552307
1629796669040,1.615863800048828,0.3573298454284668,-0.4040834903717041,0.7845974564552307
1629796669107,1.615863800048828,0.3418541550636291,-0.2952012419700622,0.7845974564552307
1629796669309,1.615863800048828,0.3351761400699615,-0.2489007860422134,0.6853229403495789
1629796669359,0.2275670170783996,0.3323925137519836,-0.1622031480073928,0.6957051753997803
1629796669498,0.2275670170783996,0.3258897364139557,-0.0666131600737571,0.7282876372337341
1629796669578,0.2275670170783996,0.317732036113739,0.0235075578093528,0.801844596862793
1629796669673,0.2275670170783996,0.326522558927536,0.1226811408996582,0.801844596862793
1629796669751,0.2275670170783996,0.3653379082679748,0.2420670837163925,0.801844596862793
1629796669846,0.2275670170783996,0.3980193436145782,0.3577424883842468,0.801844596862793
1629796669989,0.2275670170783996,0.4412025213241577,0.4449781477451324,0.801844596862793
1629796670100,0.2275670170783996,0.4684218168258667,0.4955206513404846,0.801844596862793
1629796670181,0.2275670170783996,0.4716247022151947,0.5215098261833191,0.801844596862793
1629796670286,0.2275670170783996,0.4605084657669067,0.5385133624076843,1.0991733074188232
1629796670363,0.2275670170783996,0.4476687014102936,0.5721775889396667,1.2456263303756714
1629796670520,0.2275670170783996,0.4398917555809021,0.5997558236122131,1.283483386039734
1629796670583,0.2275670170783996,0.4385215938091278,0.620977520942688,1.327396273612976
1629796670692,0.2275670170783996,0.4402143359184265,0.6396883130073547,1.3799540996551514
1629796670754,0.2275670170783996,0.4394706189632416,0.657741129398346,1.444232702255249
1629796670849,0.2275670170783996,0.4346139430999756,0.6709506511688232,1.5238397121429443
1629796670933,0.2275670170783996,0.4279714822769165,0.6891780495643616,1.5238397121429443
1629796671105,0.2275670170783996,0.4188444912433624,0.7055942416191101,1.5238397121429443
1629796671199,0.2275670170783996,0.3940181136131286,0.7167419195175171,1.5238397121429443
1629796671293,0.2275670170783996,0.3343042135238647,0.7143532037734985,1.5238397121429443
1629796671386,0.2275670170783996,0.2303901463747024,0.693507969379425,1.5238397121429443
1629796671544,0.2275670170783996,0.0979337617754936,0.6586707830429077,1.5238397121429443
1629796671620,0.2275670170783996,-0.0181226264685392,0.6252637505531311,1.5238397121429443
1629796671697,0.2275670170783996,-0.0768395140767097,0.6008825898170471,1.555194854736328
1629796671806,0.2275670170783996,-0.0923642441630363,0.5761723518371582,1.4062029123306274
1629796671884,0.2275670170783996,-0.1016667261719703,0.5475261211395264,1.4062029123306274
1629796671993,0.2275670170783996,-0.1242454499006271,0.5285354256629944,1.1309261322021484
1629796672071,0.2275670170783996,-0.1702327877283096,0.5285354256629944,1.083822250366211
1629796672229,0.2275670170783996,-0.2422740012407302,0.5285354256629944,1.0286892652511597
1629796672323,0.2275670170783996,-0.3317409753799438,0.5285354256629944,1.0286892652511597
1629796672417,0.2275670170783996,-0.4154225885868072,0.5285354256629944,1.0286892652511597
1629796672511,0.4194114804267883,-0.4644477367401123,0.5285354256629944,0.9912185668945312
1629796672606,0.481834203004837,-0.4669826924800873,0.5285354256629944,0.9672383666038512
1629796672686,0.5179584622383118,-0.4330738186836242,0.0457804985344409,0.946269392967224
1629796672810,0.5240752100944519,-0.3854980170726776,0.041644524782896,0.9221815466880798
1629796672964,0.5260014533996582,-0.3455369770526886,0.0236515887081623,0.8968245387077332
1629796673058,0.5415545105934143,-0.3229195177555084,0.0056489026173949,0.8736416101455688
1629796673136,0.5616364479064941,-0.3150038421154022,0.0015157005982473,0.8168303966522217
1629796673244,0.5711711049079895,-0.3112369775772095,0.0144390631467103,0.7396244406700134
1629796673292,0.56891268491745,-0.2946867942810058,0.0425429381430149,0.6507507562637329
1629796673448,0.56891268491745,-0.2490965276956558,0.0761094167828559,0.6400955319404602
1629796673568,0.56891268491745,-0.1709687858819961,0.1040172129869461,0.5900210738182068
1629796673630,0.56891268491745,-0.0772776529192924,0.1190435588359832,0.5619332194328308
1629796673724,0.5718759894371033,0.0096765495836734,0.1197034642100334,0.564239501953125
1629796673818,0.595035970211029,0.0773946121335029,0.1095465347170829,0.564239501953125
1629796673896,0.6187820434570312,0.1238254308700561,0.1052642986178398,0.564239501953125
1629796674005,0.6279534101486206,0.1515760421752929,0.0917091816663742,0.5531082153320312
1629796674164,0.6219041347503662,0.1636434495449066,0.0704953670501709,0.521371603012085
1629796674257,0.6145114898681641,0.1632091403007507,0.0468478873372077,0.4819516837596893
1629796674335,0.6247984170913696,0.1537448018789291,0.0272271670401096,0.4640685319900512
1629796674429,0.6437892317771912,0.142207846045494,0.0166470892727375,0.4641751050949096
1629796674507,0.6437892317771912,0.1338542401790619,0.012312863022089,0.4797929227352142
1629796674616,0.6437892317771912,0.129838615655899,0.0039049147162586,0.5022743940353394
1629796674757,0.6437892317771912,0.1265488415956497,-0.0187948588281869,0.5402230620384216
1629796674851,0.6437892317771912,0.1170870512723922,-0.0637817531824112,0.5991711616516113
1629796674976,0.3539147973060608,0.0938964560627937,-0.1318732500076294,0.6473639011383057
1629796675022,0.4465267360210418,0.0496989525854587,-0.2142764329910278,0.6598289608955383
1629796675135,0.4896605908870697,-0.0201253704726696,-0.2927579581737518,0.6491655707359314
1629796675260,0.4896605908870697,-0.1141578033566474,-0.3479037582874298,0.6491655707359314
1629796675369,0.4896605908870697,-0.2231936007738113,-0.3755087256431579,0.6491655707359314
1629796675463,0.4896605908870697,-0.3316187262535095,-0.3817339837551117,0.6491655707359314
1629796675525,0.4896605908870697,-0.4139135479927063,-0.3593842089176178,0.6491655707359314
1629796675650,0.4896605908870697,-0.4493262767791748,-0.3033645749092102,0.6491655707359314
1629796675744,0.4896605908870697,-0.4478376507759094,-0.2372054010629654,0.6491655707359314
1629796675838,0.4896605908870697,-0.4341228604316711,-0.1849874854087829,0.6640807390213013
1629796675994,0.4896605908870697,-0.4287262260913849,-0.1514660418033599,0.6833422183990479
1629796676077,0.4896605908870697,-0.4332305490970611,-0.1276764571666717,0.6996912956237793
1629796676202,0.5488877296447754,-0.4410703480243683,-0.1063729077577591,0.7146356701850891
1629796676249,0.6093388795852661,-0.44485804438591,-0.0869706347584724,0.7236002087593079
1629796676374,0.6093388795852661,-0.4376033544540405,-0.0687515139579773,0.7236002087593079
1629796676436,0.6093388795852661,-0.4210982620716095,-0.0507493503391742,0.7236002087593079
1629796676577,0.6093388795852661,-0.401206225156784,-0.0342765338718891,0.7236002087593079
1629796676687,0.6093388795852661,-0.3819528520107269,-0.0212757438421249,0.7236002087593079
1629796676780,0.6093388795852661,-0.3615581393241882,-0.0109083922579884,0.7236002087593079
1629796676874,0.0989715680480003,-0.3418702483177185,-0.0012028038036078,0.5098517537117004
1629796676952,0.0989715680480003,-0.3318779766559601,0.0047726007178425,0.5639463067054749
1629796677045,0.0989715680480003,-0.339754968881607,-0.0026779484469443,0.641278862953186
1629796677170,0.0989715680480003,-0.3562122583389282,-0.0305534861981868,0.641278862953186
1629796677296,0.0989715680480003,-0.3577180504798889,-0.0723425969481468,0.641278862953186
1629796677388,0.0989715680480003,-0.332648366689682,-0.1156939268112182,0.641278862953186
1629796677466,0.0989715680480003,-0.2956104278564453,-0.1547961384057998,0.641278862953186
1629796677577,0.0989715680480003,-0.2649401426315307,-0.193585604429245,0.641278862953186
1629796677687,0.0989715680480003,-0.2476450949907302,-0.2331157624721527,0.641278862953186
1629796677811,0.0989715680480003,-0.2410145848989486,-0.2657836377620697,0.641278862953186
1629796677890,0.0989715680480003,-0.2442678213119506,-0.2909680306911468,0.641278862953186
1629796677996,0.0989715680480003,-0.2544440627098083,-0.3150987923145294,0.641278862953186
1629796678077,0.0989715680480003,-0.2678639590740204,-0.3402786552906036,0.6720069050788879
1629796678199,0.0989715680480003,-0.2786608338356018,-0.3621016442775726,0.7099058628082275
1629796678261,0.0989715680480003,-0.2810104787349701,-0.382205456495285,0.7609044313430786
1629796678402,0.0989715680480003,-0.2721016108989715,-0.4047074615955353,0.8124423623085022
1629796678496,0.0989715680480003,-0.2564387023448944,-0.4224753975868225,0.8715028166770935
1629796678605,0.0989715680480003,-0.2452924996614456,-0.4066746532917022,0.9612584114074708
1629796678688,0.0989715680480003,-0.2504160404205322,-0.3404299616813659,0.9612584114074708
1629796678813,0.0989715680480003,-0.2721118927001953,-0.2471629679203033,0.9612584114074708
1629796678907,0.0989715680480003,-0.2969690561294555,-0.1590374261140823,0.9612584114074708
1629796679032,0.0989715680480003,-0.3078722953796386,-0.0915880873799324,0.9612584114074708
1629796679120,0.0989715680480003,-0.3021276891231537,-0.045976273715496,0.9612584114074708
1629796679201,0.0989715680480003,-0.2890228629112243,-0.0169106889516115,0.9612584114074708
1629796679304,0.0989715680480003,-0.2793269753456116,-6.0572718211915344e-05,0.9612584114074708
1629796679430,0.0989715680480003,-0.2719103395938873,0.0096078934147953,0.9612584114074708
1629796679524,0.0989715680480003,-0.2625101208686828,0.0156521461904048,0.9612584114074708
1629796679650,0.0989715680480003,-0.2480033934116363,0.0208425931632518,0.9612584114074708
1629796679704,0.0989715680480003,-0.2307697385549545,0.0271878894418478,0.9575474262237548
1629796679814,0.0989715680480003,-0.2189990580081939,0.0348026640713214,0.9366912245750428
1629796679908,0.0989715680480003,-0.2203375250101089,0.0422129034996032,0.8959451913833618
1629796680064,0.0989715680480003,-0.2347660511732101,0.045670248568058,0.8217663168907166
1629796680111,0.2786800563335418,-0.2554667890071869,0.0401288345456123,0.630088746547699
1629796680282,0.3263205587863922,-0.274042934179306,0.0231356639415025,0.6460727453231812
1629796680329,0.3263205587863922,-0.2908028662204742,-0.0036550459917634,0.669830322265625
1629796680407,0.3263205587863922,-0.3115317821502685,-0.0358524322509765,0.7362410426139832
1629796680517,0.3263205587863922,-0.338011085987091,-0.0645869895815849,0.7362410426139832
1629796680657,0.3263205587863922,-0.3612511157989502,-0.0772736817598342,0.7362410426139832
1629796680689,0.3263205587863922,-0.3705316483974457,-0.0647871941328048,0.7362410426139832
1629796680830,0.3263205587863922,-0.3638975024223327,-0.0272427629679441,0.7362410426139832
1629796680955,0.3263205587863922,-0.3530430495738983,0.0203833039849996,0.7362410426139832
1629796681049,0.3263205587863922,-0.3466292023658752,0.060820672661066,0.7362410426139832
1629796681137,0.3263205587863922,-0.3450465202331543,0.0840634405612945,0.7362410426139832
1629796681253,0.3263205587863922,-0.3454498946666717,0.0898078978061676,0.7465984225273132
1629796681363,0.3798736035823822,-0.3456881642341614,0.0855817198753357,0.762435793876648
1629796681441,0.3798736035823822,-0.3415026664733886,0.0801565125584602,0.79006028175354
1629796681581,0.3798736035823822,-0.3279076516628265,0.0776766538619995,0.8022517561912537
1629796681675,0.3798736035823822,-0.3036374449729919,0.0746497437357902,0.8078675270080566
1629796681821,0.3798736035823822,-0.2780510187149048,0.0658177882432937,0.7940048575401306
1629796681869,0.4692970514297485,-0.2616357803344726,0.0498413778841495,0.7451699376106262
1629796681931,0.4435847997665405,-0.2568233013153076,0.0316129624843597,0.5735695958137512
1629796682088,0.4284447729587555,-0.2585937678813934,0.0138865169137716,0.5735695958137512
1629796682181,0.4284447729587555,-0.2609190046787262,-0.0080010732635855,0.5735695958137512
1629796682244,0.4284447729587555,-0.2576157450675964,-0.0411945357918739,0.5735695958137512
1629796682340,0.4284447729587555,-0.2383855879306793,-0.090453878045082,0.5735695958137512
1629796682434,0.4284447729587555,-0.1989632993936538,-0.1491801887750625,0.5735695958137512
1629796682559,0.4284447729587555,-0.1527166366577148,-0.1973344832658767,0.5735695958137512
1629796682684,0.4284447729587555,-0.1164442375302314,-0.2119420617818832,0.5735695958137512
1629796682778,0.4284447729587555,-0.0964468270540237,-0.1929573118686676,0.5735695958137512
1629796682887,0.4284447729587555,-0.0908138304948806,-0.1636808365583419,0.5735695958137512
1629796682981,0.4284447729587555,-0.0963051617145538,-0.142107218503952,0.5735695958137512
1629796683119,0.4165056347846985,-0.110843151807785,-0.1261982470750808,0.5416027903556824
1629796683140,0.3894267976284027,-0.1332103312015533,-0.1038557291030883,0.5416027903556824
1629796683290,0.3894267976284027,-0.1560295671224594,-0.0724899619817733,0.5416027903556824
1629796683386,0.3894267976284027,-0.1724486649036407,-0.0424821339547634,0.5416027903556824
1629796683479,0.3894267976284027,-0.1808647215366363,-0.0255367755889892,0.5416027903556824
1629796683556,0.3894267976284027,-0.1861875802278518,-0.0217596795409917,0.5416027903556824
1629796683681,0.3894267976284027,-0.1957832127809524,-0.020500237122178,0.5416027903556824
1629796683775,0.3894267976284027,-0.2137814164161682,-0.0096870465204119,0.5416027903556824
1629796683884,0.3894267976284027,-0.2334197908639907,0.0138968676328659,0.5416027903556824
1629796683963,0.3894267976284027,-0.229176640510559,0.0411840490996837,0.5416027903556824
1629796684073,0.3894267976284027,-0.18423792719841,0.0596380196511745,0.5416027903556824
1629796684150,0.3894267976284027,-0.1223658695816993,0.0636618062853813,0.5416027903556824
1629796684292,0.3894267976284027,-0.0792491510510444,0.0582737736403942,0.5416027903556824
1629796684370,0.3894267976284027,-0.0651723593473434,0.0536211803555488,0.5416027903556824
1629796684524,0.3894267976284027,-0.0658920034766197,0.0543530024588108,0.5416027903556824
1629796684608,0.3894267976284027,-0.0609419383108615,0.0561283081769943,0.5416027903556824
1629796684683,0.3894267976284027,-0.0451434664428234,0.0540023781359195,0.5416027903556824
1629796684777,0.3894267976284027,-0.0277037415653467,0.0495813451707363,0.5416027903556824
1629796684914,0.3894267976284027,-0.0141026740893721,0.0501279421150684,0.5416027903556824
1629796684961,0.3894267976284027,-0.0049466001801192,0.0593399591743946,0.5416027903556824
1629796685118,0.3894267976284027,0.0024784980341792,0.0718248784542083,0.5416027903556824
1629796685214,0.3894267976284027,0.0100314710289239,0.0768663585186004,0.5416027903556824
1629796685317,0.5472490787506104,0.0163147207349538,0.0659810826182365,0.4867472648620605
1629796685395,0.5472490787506104,0.0122050596401095,0.0381438136100769,0.4867472648620605
1629796685520,0.5472490787506104,-0.0183341968804597,0.0016100022476166,0.4867472648620605
1629796685645,0.5472490787506104,-0.0836772248148918,-0.0317252427339553,0.4867472648620605
1629796685723,0.5472490787506104,-0.1621517091989517,-0.0563438348472118,0.4867472648620605
1629796685817,0.5472490787506104,-0.2034588754177093,-0.0776475891470909,0.4867472648620605
1629796685924,0.5472490787506104,-0.1891065388917923,-0.1013574972748756,0.4867472648620605
1629796686033,0.5472490787506104,-0.159696951508522,-0.1254148185253143,0.4867472648620605
1629796686094,0.5472490787506104,-0.1505777537822723,-0.1454838216304779,0.4867472648620605
1629796686203,0.5472490787506104,-0.1550184041261673,-0.1663723587989807,0.4867472648620605
1629796686312,0.5472490787506104,-0.1493814140558242,-0.1979687362909317,0.4867472648620605
1629796686468,0.5472490787506104,-0.1276335567235946,-0.2430424690246582,0.4867472648620605
1629796686531,0.5472490787506104,-0.1014123708009719,-0.2913954555988312,0.4867472648620605
1629796686609,0.5472490787506104,-0.0833097174763679,-0.3238694965839386,0.4867472648620605
1629796686752,0.5472490787506104,-0.0769290328025817,-0.3234994411468506,0.4867472648620605
1629796686815,0.5472490787506104,-0.0783252492547035,-0.2933789193630218,0.4867472648620605
1629796687020,0.5472490787506104,-0.0837235227227211,-0.2541534602642059,0.4867472648620605
1629796687051,0.1172486841678619,-0.0907276421785354,-0.2266168594360351,0.7759247422218323
1629796687160,0.1172486841678619,-0.1005888506770134,-0.2142989635467529,0.7759247422218323
1629796687223,0.1172486841678619,-0.1229695379734039,-0.2055871039628982,0.7759247422218323
1629796687379,0.1172486841678619,-0.1659637093544006,-0.183145672082901,0.7759247422218323
1629796687426,0.1172486841678619,-0.2221244871616363,-0.141042098402977,0.7759247422218323
1629796687551,0.1172486841678619,-0.2660069763660431,-0.0922299996018409,0.7759247422218323
1629796687638,0.1172486841678619,-0.2762171328067779,-0.0528812855482101,0.7759247422218323
1629796687750,0.1172486841678619,-0.2624522745609283,-0.0298902448266744,0.7759247422218323
1629796687826,0.1172486841678619,-0.2496545016765594,-0.0201991163194179,0.7759247422218323
1629796687920,0.1172486841678619,-0.2498566955327987,-0.0168737228959798,0.7759247422218323
1629796688011,0.1172486841678619,-0.2624937295913696,-0.0144025711342692,0.7759247422218323
1629796688168,0.1172486841678619,-0.2817763388156891,-0.0126420892775058,0.7759247422218323
1629796688247,0.1172486841678619,-0.2990204691886902,-0.0137281194329261,0.7759247422218323
1629796688341,0.1172486841678619,-0.3055118918418884,-0.0185834821313619,0.7759247422218323
1629796688435,0.1172486841678619,-0.2933929860591888,-0.0248378831893205,0.7759247422218323
1629796688530,0.1172486841678619,-0.2601651847362518,-0.0289551801979541,0.7759247422218323
1629796688608,0.025570748373866,-0.2099253088235855,-0.0312756672501564,0.183233767747879
1629796688776,0.025570748373866,-0.1541034579277038,-0.0365734584629535,0.183233767747879
1629796688901,0.025570748373866,-0.1066210344433784,-0.0511986948549747,0.183233767747879
1629796688948,0.025570748373866,-0.0744002684950828,-0.0786181092262268,0.183233767747879
1629796689074,0.025570748373866,-0.0525898374617099,-0.1132614761590957,0.183233767747879
1629796689150,0.025570748373866,-0.0344335325062274,-0.1412609964609146,0.183233767747879
1629796689261,0.025570748373866,-0.0202231369912624,-0.1505242586135864,0.183233767747879
1629796689385,0.025570748373866,-0.0149550260975956,-0.1436337828636169,0.183233767747879
1629796689465,0.025570748373866,-0.0200207028537988,-0.1349373012781143,0.183233767747879
1629796689565,0.025570748373866,-0.0288925841450691,-0.1357835829257965,0.183233767747879
1629796689659,0.025570748373866,-0.0342053323984146,-0.1475538611412048,0.183233767747879
1629796689768,0.025570748373866,-0.0346407033503055,-0.1656370609998703,0.183233767747879
1629796689893,0.025570748373866,-0.0343265384435653,-0.1853109151124954,0.183233767747879
1629796689987,0.025570748373866,-0.0368652231991291,-0.1996936947107315,0.183233767747879
1629796690101,0.025570748373866,-0.0418006293475627,-0.2031000554561615,0.183233767747879
1629796690187,0.025570748373866,-0.0447060838341712,-0.195359855890274,0.183233767747879
1629796690318,0.025570748373866,-0.0424005426466465,-0.1841136515140533,0.183233767747879
1629796690428,0.5202096700668335,-0.0363938547670841,-0.1790045648813247,0.2222090363502502
1629796690475,0.5202096700668335,-0.0327668823301792,-0.1859380006790161,0.2222090363502502
1629796690587,0.5202096700668335,-0.0393851958215236,-0.2062907814979553,0.2222090363502502
1629796690731,0.5202096700668335,-0.059661079198122,-0.2394799441099167,0.2222090363502502
1629796690809,0.5202096700668335,-0.089852251112461,-0.2800680994987488,0.2222090363502502
1629796690855,0.5202096700668335,-0.1212255656719207,-0.3191008567810058,0.2222090363502502
1629796691002,0.5202096700668335,-0.1458612084388733,-0.3475498557090759,0.2222090363502502
1629796691064,0.5202096700668335,-0.1618712991476059,-0.3616502583026886,0.2222090363502502
1629796691204,0.5202096700668335,-0.1667462587356567,-0.3614397048950195,0.2222090363502502
1629796691314,0.5202096700668335,-0.155579999089241,-0.3533183932304382,0.2222090363502502
1629796691408,0.5202096700668335,-0.1300368756055832,-0.3476997315883636,0.2222090363502502
1629796691501,0.5202096700668335,-0.0990082025527954,-0.3568791449069977,0.2998027503490448
1629796691611,0.5202096700668335,-0.0780076906085014,-0.3860844671726227,0.3296204209327698
1629796691689,0.5202096700668335,-0.0812735259532928,-0.4314190447330475,0.3407705724239349
1629796691814,0.5202096700668335,-0.112565703690052,-0.4812614917755127,0.379133015871048
1629796691923,0.5202096700668335,-0.1623816788196563,-0.52271568775177,0.4500782787799835
1629796692033,0.0951409414410591,-0.2096265107393264,-0.5456191897392273,0.5459218621253967
1629796692136,0.0951409414410591,-0.2382351756095886,-0.549949586391449,0.5459218621253967
1629796692204,0.0951409414410591,-0.2511595487594604,-0.5399278402328491,0.5459218621253967
1629796692329,0.0951409414410591,-0.254463255405426,-0.5185322761535645,0.5459218621253967
1629796692438,0.0951409414410591,-0.2462305873632431,-0.4815750420093536,0.5459218621253967
1629796692532,0.0951409414410591,-0.2264367341995239,-0.4286525547504425,0.5459218621253967
1629796692594,0.0951409414410591,-0.2035872042179107,-0.3686943352222442,0.5459218621253967
1629796692701,0.0951409414410591,-0.191334918141365,-0.3200534284114837,0.5459218621253967
1629796692826,0.0951409414410591,-0.1993747055530548,-0.2924133241176605,0.5459218621253967
1629796692904,0.0951409414410591,-0.2261122167110443,-0.2837720811367035,0.5459218621253967
1629796693060,0.0951409414410591,-0.2621196508407593,-0.2836421728134155,0.5512120723724365
1629796693155,0.0951409414410591,-0.2947658598423004,-0.2824020087718963,0.6036280989646912
1629796693269,0.0951409414410591,-0.3131612539291382,-0.2745942175388336,0.6129143834114075
1629796693300,0.0951409414410591,-0.3165251612663269,-0.2634349167346954,0.5711416602134705
1629796693441,0.0951409414410591,-0.3081004619598388,-0.250849574804306,0.419510930776596
1629796693519,0.0951409414410591,-0.2955434620380401,-0.2378260046243667,-0.0018119140295311
1629796693675,-0.0055338987149298,-0.2857263386249542,-0.2245702296495437,0.0047985189594328
1629796693754,0.1582872867584228,-0.2809728980064392,-0.2164356410503387,0.1736941933631897
1629796693894,0.1582872867584228,-0.2844859659671783,-0.2182753384113311,0.1736941933631897
1629796693941,0.1582872867584228,-0.3000351190567016,-0.229721799492836,0.1736941933631897
1629796694003,0.1582872867584228,-0.3243559896945953,-0.2406445294618606,0.1736941933631897
1629796694097,0.1582872867584228,-0.3491573631763458,-0.2440486401319503,0.1736941933631897
1629796694271,0.1582872867584228,-0.3681535422801971,-0.2416762113571167,0.1736941933631897
1629796694349,0.1582872867584228,-0.3801002204418182,-0.2409258186817169,0.1736941933631897
1629796694458,0.1582872867584228,-0.3918711543083191,-0.2442514151334762,0.1736941933631897
1629796694536,0.1582872867584228,-0.4100686609745025,-0.2478921264410019,0.1736941933631897
1629796694630,0.1582872867584228,-0.435471773147583,-0.2516022324562073,0.1736941933631897
1629796694771,0.1582872867584228,-0.4596122205257416,-0.2560042440891266,0.1593972593545913
1629796694896,0.2004063725471496,-0.4490855932235718,-0.2544679045677185,0.1830193400382995
1629796694974,0.2004063725471496,-0.374240517616272,-0.2360577285289764,0.3435392379760742
1629796695052,0.2004063725471496,-0.2546097934246063,-0.1958457827568054,0.3435392379760742
1629796695177,0.2004063725471496,-0.1406200379133224,-0.1407156735658645,0.3435392379760742
1629796695240,0.2004063725471496,-0.0618585683405399,-0.0784978717565536,0.3435392379760742
1629796695364,0.2004063725471496,-0.0195468068122863,-0.0167002212256193,0.3435392379760742
1629796695458,0.2004063725471496,0.000750747101847,0.0337541475892066,0.3435392379760742
1629796695568,0.2004063725471496,0.0127704236656427,0.0620460696518421,0.3435392379760742
1629796695678,0.2004063725471496,0.0226995907723903,0.0662694871425628,0.3435392379760742
1629796695755,0.2004063725471496,0.0307407360523939,0.0569015443325042,0.3435392379760742
1629796695865,0.2004063725471496,0.0365860275924205,0.0480267331004142,0.3435392379760742
1629796695927,0.2004063725471496,0.0431836694478988,0.0468402206897735,0.3435392379760742
1629796696134,0.2004063725471496,0.0535479187965393,0.0494421236217021,0.3435392379760742
1629796696181,0.2004063725471496,0.066117912530899,0.051871933043003,0.3435392379760742
1629796696306,0.2004063725471496,0.0745235234498977,0.0523642562329769,0.3435392379760742
1629796696399,0.2004063725471496,0.0685731694102287,0.0501439794898033,1.1405227184295654
1629796696477,0.2004063725471496,0.0383326262235641,0.0412033982574939,1.2008213996887207
1629796696556,0.3023488223552704,-0.0194867327809333,0.0209960490465164,1.1658263206481934
1629796696696,0.3023488223552704,-0.0905343368649482,-0.0107113486155867,1.1336930990219116
1629796696821,0.3023488223552704,-0.1339176595211029,-0.0482234321534633,1.1336930990219116
1629796696915,0.3023488223552704,-0.0954411253333091,-0.0854362323880195,1.1336930990219116
1629796697008,0.3023488223552704,0.0281577631831169,-0.1196959093213081,1.1336930990219116
1629796697105,0.3023488223552704,0.1749751567840576,-0.1481594145298004,1.1336930990219116
1629796697152,0.3023488223552704,0.2926662266254425,-0.167561650276184,1.1336930990219116
1629796697324,0.3023488223552704,0.3653753697872162,-0.1753997206687927,1.1336930990219116
1629796697402,0.3023488223552704,0.3984078764915466,-0.1716517210006714,1.1336930990219116
1629796697511,0.3023488223552704,0.4069495499134063,-0.1615535318851471,1.1336930990219116
1629796697620,0.3023488223552704,0.4051834344863891,-0.1491094529628753,1.1336930990219116
1629796697714,0.3023488223552704,0.4011847972869873,-0.1384907662868499,1.0979864597320557
1629796697808,0.3023488223552704,0.3988227546215057,-0.132093071937561,1.0453836917877195
1629796697917,0.3023488223552704,0.3991423845291137,-0.1286978274583816,0.9306932091712952
1629796698045,0.3023488223552704,0.4009024202823639,-0.1244474127888679,0.8726466298103333
1629796698108,0.3023488223552704,0.4018560349941253,-0.1176668852567672,0.8726466298103333
1629796698201,0.3023488223552704,0.4005942940711975,-0.1106697991490364,0.8726466298103333
1629796698295,0.3023488223552704,0.3966304659843445,-0.111887939274311,0.8726466298103333
1629796698389,0.3023488223552704,0.3853936791419983,-0.1274321675300598,0.8726466298103333
1629796698514,0.3023488223552704,0.353765457868576,-0.1518186777830124,0.8726466298103333
1629796698639,0.3023488223552704,0.2905355989933014,-0.1738498657941818,0.8726466298103333
1629796698733,0.3023488223552704,0.2006265372037887,-0.182839497923851,0.8726466298103333
1629796698810,0.3023488223552704,0.1112188845872879,-0.1781396120786667,0.8726466298103333
1629796698920,0.3023488223552704,0.0580998584628105,-0.1672772020101547,0.8726466298103333
1629796698998,0.3023488223552704,0.0471778437495231,-0.1572111845016479,0.8726466298103333
1629796699126,0.3023488223552704,0.0547477193176746,-0.1533657014369964,0.8726466298103333
1629796699204,0.3023488223552704,0.0637463331222534,-0.1532158702611923,0.8726466298103333
1629796699329,0.3023488223552704,0.0672313868999481,-0.1464214473962783,0.8726466298103333
1629796699422,0.3023488223552704,0.0649117827415466,-0.1290207207202911,0.8726466298103333
1629796699485,0.3023488223552704,0.0600015670061111,-0.1086272895336151,0.8726466298103333
1629796699625,0.3023488223552704,0.0568595118820667,-0.0943692326545715,0.8708504438400269
1629796699782,0.3023488223552704,0.0568709038197994,-0.0857167467474937,0.9343202710151672
1629796699875,0.3023488223552704,0.0579337775707244,-0.0676920115947723,0.9343202710151672
1629796699954,0.3023488223552704,0.0566061325371265,-0.020222645252943,0.9343202710151672
1629796700032,0.3023488223552704,0.0542013309895992,0.0515854582190513,0.9343202710151672
1629796700160,0.3023488223552704,0.0544457621872425,0.1211878135800361,0.9343202710151672
1629796700222,0.3023488223552704,0.0568800754845142,0.1668111383914947,0.9343202710151672
1629796700425,0.3023488223552704,0.057958573102951,0.1838450133800506,0.9343202710151672
1629796700472,0.3023488223552704,0.0581984966993331,0.1813601404428482,0.9343202710151672
1629796700581,0.3023488223552704,0.0600722320377826,0.1722602546215057,0.9343202710151672
1629796700644,0.3023488223552704,0.0641475543379783,0.1640767306089401,0.9343202710151672
1629796700769,0.3023488223552704,0.0681957975029945,0.1578744351863861,0.9343202710151672
1629796700831,0.3023488223552704,0.0728311985731124,0.1506491154432296,0.9923601150512696
1629796701019,0.3023488223552704,0.0789877697825431,0.1406526565551757,0.9550419449806212
1629796701097,0.3023488223552704,0.0844656080007553,0.1299251317977905,0.8832399249076843
1629796701144,0.3023488223552704,0.0850942656397819,0.1225080117583274,0.7506141066551208
1629796701253,0.3974090814590454,0.0789631009101867,0.1223017498850822,0.5223692059516907
1629796701331,0.3974090814590454,0.0635681077837944,0.1270028948783874,0.5872253775596619
1629796701503,0.3974090814590454,0.0332903303205966,0.1218558326363563,0.5872253775596619
1629796701597,0.3974090814590454,-0.0195133239030838,0.0924428775906562,0.5872253775596619
1629796701675,0.3974090814590454,-0.0941959470510482,0.0394484475255012,0.5872253775596619
1629796701769,0.3974090814590454,-0.1751686036586761,-0.0163353979587554,0.5872253775596619
1629796701831,0.3974090814590454,-0.2386854439973831,-0.0500037670135498,0.5872253775596619
1629796701940,0.3974090814590454,-0.2812172174453735,-0.0609371028840541,0.5872253775596619
1629796702034,0.3974090814590454,-0.3217865824699402,-0.0642277002334594,0.5872253775596619
1629796702194,0.3974090814590454,-0.3737329840660095,-0.0657182484865188,0.5872253775596619
1629796702272,0.3974090814590454,-0.4338516891002655,-0.062832623720169,0.5872253775596619
1629796702366,0.3974090814590454,-0.4929027855396271,-0.0563227273523807,0.5872253775596619
1629796702444,0.3974090814590454,-0.5447810888290405,-0.0489731132984161,0.6313117146492004
1629796702584,0.3974090814590454,-0.581678569316864,-0.0420505069196224,0.6313117146492004
1629796702652,0.3974090814590454,-0.5902791619300842,-0.035529501736164,0.6313117146492004
1629796702824,0.3974090814590454,-0.5640753507614136,-0.0330669470131397,0.6313117146492004
1629796702887,0.3974090814590454,-0.5123575925827026,-0.0420958511531353,0.6313117146492004
1629796702949,0.3974090814590454,-0.4572736024856567,-0.0638552233576774,0.6313117146492004
1629796703090,0.3974090814590454,-0.4099323153495788,-0.0883327275514602,0.6313117146492004
1629796703183,0.3974090814590454,-0.3660488724708557,-0.0998713299632072,0.6313117146492004
1629796703233,0.3974090814590454,-0.3068758249282837,-0.0906952619552612,0.6313117146492004
1629796703370,0.3974090814590454,-0.2316998243331909,-0.0650466978549957,0.6313117146492004
1629796703496,0.3974090814590454,-0.1603679209947586,-0.0297106858342885,0.6313117146492004
1629796703591,0.3974090814590454,-0.1119196936488151,0.0066497568041086,0.6313117146492004
1629796703667,0.3974090814590454,-0.0875265747308731,0.0329611599445343,0.6313117146492004
1629796703760,0.3974090814590454,-0.0762351602315902,0.0438313521444797,0.6313117146492004
1629796703874,0.3974090814590454,-0.0682379901409149,0.0444538071751594,0.6313117146492004
1629796704112,0.3974090814590454,-0.0611765421926975,0.0436378195881843,0.6313117146492004
1629796704129,0.3974090814590454,-0.0568866468966007,0.0442474447190761,0.6313117146492004
1629796704187,0.3974090814590454,-0.0581754334270954,0.0423075594007968,0.6313117146492004
1629796704264,0.3974090814590454,-0.0667291432619094,0.0304461289197206,0.6313117146492004
1629796704391,0.3974090814590454,-0.0819486156105995,0.00710363779217,0.6313117146492004
1629796704482,0.3023891746997833,-0.1000514179468154,-0.0174730792641639,0.7169145941734314
1629796704608,0.321222722530365,-0.1155638396739959,-0.0181725304573774,0.7421573996543884
1629796704718,0.321222722530365,-0.1301474720239639,0.0195729322731494,0.8038989305496216
1629796704826,0.321222722530365,-0.1573424786329269,0.0775984302163124,0.8782091736793518
1629796704894,0.321222722530365,-0.2012938112020492,0.1235792711377143,0.8782091736793518
1629796705032,0.321222722530365,-0.2403809875249862,0.1423877030611038,0.8782091736793518
1629796705077,0.321222722530365,-0.2354020029306411,0.1383805572986602,0.8782091736793518
1629796705228,0.321222722530365,-0.185047298669815,0.1275048106908798,0.8782091736793518
1629796705307,0.321222722530365,-0.1273636370897293,0.1210935488343238,0.8782091736793518
1629796705417,0.321222722530365,-0.0885175988078117,0.1199426874518394,0.8782091736793518
1629796705558,0.321222722530365,-0.069408543407917,0.1188090071082115,0.8782091736793518
1629796705635,0.321222722530365,-0.0615305639803409,0.1151073202490806,0.8782091736793518
1629796705729,0.2924533486366272,-0.0564261376857757,0.1102848649024963,0.8871803879737854
1629796705837,0.2924533486366272,-0.0511894896626472,0.1085929945111274,0.9113871455192566
1629796705915,0.2924533486366272,-0.0460803769528865,0.1111829802393913,0.9601028561592102
1629796706041,0.2924533486366272,-0.0426760874688625,0.1131606251001358,1.0077332258224487
1629796706149,0.2924533486366272,-0.0424893125891685,0.1005554422736167,1.012302279472351
1629796706276,0.2924533486366272,-0.042689774185419,0.060305543243885,0.9521142244338988
1629796706304,0.2924533486366272,-0.0390294417738914,-0.0095490738749504,0.9521142244338988
1629796706436,0.2924533486366272,-0.030704753473401,-0.0876475051045417,0.9521142244338988
1629796706546,0.2924533486366272,-0.0206335503607988,-0.1412487477064132,0.9521142244338988
1629796706655,0.2924533486366272,-0.0136682791635394,-0.157670259475708,0.9521142244338988
1629796706702,0.2924533486366272,-0.0146409412845969,-0.155959665775299,0.9521142244338988
1629796706811,0.2924533486366272,-0.0247313305735588,-0.1517805904150009,0.9521142244338988
1629796706952,0.2924533486366272,-0.0418481901288032,-0.1493666321039199,0.9521142244338988
1629796707097,0.2924533486366272,-0.0596348010003566,-0.145478680729866,0.9521142244338988
1629796707175,0.2924533486366272,-0.0727247819304466,-0.1372704058885574,0.9521142244338988
1629796707237,0.2924533486366272,-0.083029918372631,-0.1218429654836654,0.9521142244338988
1629796707331,0.2924533486366272,-0.0949069932103157,-0.1009816527366638,0.9521142244338988
1629796707456,0.2924533486366272,-0.1086349487304687,-0.0797027945518493,0.9521142244338988
1629796707534,0.2924533486366272,-0.1170674934983253,-0.064585655927658,0.9521142244338988
1629796707730,0.2924533486366272,-0.1152041852474212,-0.0591104701161384,0.9521142244338988
1629796707762,0.2924533486366272,-0.1085956990718841,-0.0619346275925636,0.9521142244338988
1629796707840,0.5422226786613464,-0.1083950400352478,-0.0672948062419891,0.984534502029419
1629796707949,0.4799723625183105,-0.1233779564499855,-0.0722370594739914,0.9454784989356996
1629796708104,0.4162983894348144,-0.158658742904663,-0.0771777331829071,0.9192312955856324
1629796708138,0.4162983894348144,-0.2127038240432739,-0.0823378562927246,0.9192312955856324
1629796708326,0.4162983894348144,-0.2652608752250671,-0.0799970775842666,0.9192312955856324
1629796708373,0.4162983894348144,-0.2777052819728851,-0.0605845861136913,0.9192312955856324
1629796708451,0.4162983894348144,-0.2285969257354736,-0.0208371412009,0.9192312955856324
1629796708560,0.4162983894348144,-0.1524447649717331,0.0246799904853105,0.9192312955856324
1629796708669,0.4162983894348144,-0.0877902060747146,0.0574148446321487,0.9192312955856324
1629796708779,0.4162983894348144,-0.0471551232039928,0.0669530555605888,0.9192312955856324
1629796708873,0.4162983894348144,-0.0258605498820543,0.0560679547488689,0.9192312955856324
1629796708998,0.4162983894348144,-0.0162223316729068,0.0368396826088428,0.9192312955856324
1629796709107,0.3689940273761749,-0.0150062572211027,0.0234617944806814,0.8791297078132629
1629796709169,0.2745735645294189,-0.0209879204630851,0.0236104242503643,0.825848400592804
1629796709262,0.2745735645294189,-0.032111644744873,0.0350478589534759,0.825848400592804
1629796709371,0.2745735645294189,-0.0443925969302654,0.0495264418423175,0.825848400592804
1629796709495,0.2745735645294189,-0.0552065633237361,0.0601940937340259,0.825848400592804
1629796709574,0.2745735645294189,-0.0631977692246437,0.0646243020892143,0.825848400592804
1629796709735,0.3339039385318756,-0.070043571293354,0.0638855770230293,0.4722233712673187
1629796709763,0.2936528921127319,-0.0812281519174575,0.05737279728055,0.5149498581886292
1629796709854,0.2936528921127319,-0.1039200499653816,0.0401648432016372,0.5149498581886292
1629796709963,0.2936528921127319,-0.138867050409317,0.0046949097886681,0.5149498581886292
1629796710141,0.2936528921127319,-0.1552035510540008,-0.0493045002222061,0.5149498581886292
1629796710231,0.2936528921127319,-0.1053740382194519,-0.1071963459253311,0.5149498581886292
1629796710278,0.2936528921127319,0.0001246502797584,-0.1415699571371078,0.5149498581886292
1629796710372,0.2936528921127319,0.1048956513404846,-0.1403765380382537,0.5149498581886292
1629796710481,0.2936528921127319,0.1765766739845276,-0.1209582164883613,0.5149498581886292
1629796710575,0.2936528921127319,0.2137586027383804,-0.1075531840324401,0.5149498581886292
1629796710752,0.2936528921127319,0.2302382439374923,-0.1062381789088249,0.5149498581886292
1629796710799,0.2936528921127319,0.2392860352993011,-0.1123858913779258,0.5149498581886292
1629796710908,0.2226942628622055,0.2472857683897018,-0.1218541786074638,0.4611579775810241
1629796711018,0.2226942628622055,0.2556996941566467,-0.1361320316791534,0.4611579775810241
1629796711088,0.2226942628622055,0.2629762887954712,-0.1519642770290374,0.4611579775810241
1629796711166,0.2226942628622055,0.2670565545558929,-0.1566711217164993,0.4611579775810241
1629796711354,0.2226942628622055,0.2683753967285156,-0.1379374712705612,0.4611579775810241
1629796711383,0.2226942628622055,0.2680448293685913,-0.097835749387741,0.639144778251648
1629796711534,0.5235809087753296,0.2638467252254486,-0.0516392849385738,0.7444155216217041
1629796711596,0.5235809087753296,0.2459891885519027,-0.0124794356524944,0.7444155216217041
1629796711690,0.5235809087753296,0.2011037468910217,0.0166248325258493,0.7444155216217041
1629796711768,0.5235809087753296,0.125525489449501,0.0421966947615146,0.7444155216217041
1629796711924,0.5235809087753296,0.0373295843601226,0.0734960436820983,0.7444155216217041
1629796712003,0.5235809087753296,-0.0287149287760257,0.110369749367237,0.7444155216217041
1629796712159,0.5235809087753296,-0.0533389337360858,0.1440991908311844,0.7444155216217041
1629796712219,0.5235809087753296,-0.0554498322308063,0.1640990525484085,0.7444155216217041
1629796712281,0.5235809087753296,-0.0585535280406475,0.1674330681562423,0.7444155216217041
1629796712422,0.5235809087753296,-0.0652306750416755,0.1609294861555099,0.7444155216217041
1629796712531,0.5235809087753296,-0.0655541196465492,0.1564933657646179,0.7444155216217041
1629796712625,0.5235809087753296,-0.0521400459110736,0.1601703912019729,0.7840146422386169
1629796712719,0.5235809087753296,-0.0279556084424257,0.1658606529235839,0.7840146422386169
1629796712797,0.5235809087753296,-0.0040842806920409,0.1631516367197036,0.7840146422386169
1629796712937,0.5235809087753296,0.013707241974771,0.1461623162031173,0.7840146422386169
1629796713036,0.5235809087753296,0.02872602827847,0.1194612979888916,0.7840146422386169
1629796713130,0.5235809087753296,0.0468704290688037,0.0940039083361625,0.7840146422386169
1629796713250,0.5235809087753296,0.0655753538012504,0.0743077844381332,0.7840146422386169
1629796713313,0.5235809087753296,0.0783512666821479,0.0503740683197975,0.7840146422386169
1629796713469,0.5235809087753296,0.0849984511733055,0.0083265881985425,0.7840146422386169
1629796713553,0.5235809087753296,0.0892083570361137,-0.0534349977970123,0.7840146422386169
1629796713667,0.5235809087753296,0.093931995332241,-0.1195811629295349,0.7840146422386169
1629796713792,0.5235809087753296,0.0988379716873169,-0.1656763106584549,0.7840146422386169
1629796713839,0.5235809087753296,0.1032273024320602,-0.1793778985738754,0.7840146422386169
1629796713932,0.5235809087753296,0.1060700789093971,-0.1732872277498245,0.7840146422386169
1629796714076,0.5235809087753296,0.1036197394132614,-0.1701735854148864,0.7840146422386169
1629796714170,0.5235809087753296,0.0922550931572914,-0.1862790435552597,0.7840146422386169
1629796714216,0.5235809087753296,0.0733263120055198,-0.220392107963562,0.7840146422386169
1629796714388,0.5235809087753296,0.0546392761170864,-0.2616032063961029,0.7840146422386169
1629796714451,0.5235809087753296,0.0440341830253601,-0.292955607175827,0.7840146422386169
1629796714529,0.5235809087753296,0.0443780273199081,-0.3072371482849121,0.7840146422386169
1629796714665,0.5020454525947571,0.0503732226788997,-0.3104974329471588,0.7567577362060547
1629796714743,0.5020454525947571,0.0539775416254997,-0.310173898935318,0.7567577362060547
1629796714850,0.5020454525947571,0.0487026683986187,-0.3107975721359253,0.7567577362060547
1629796715002,0.5020454525947571,0.0304494351148605,-0.3139805495738983,0.7567577362060547
1629796715089,0.5020454525947571,0.0047360518947243,-0.3171609342098236,0.7567577362060547
1629796715151,0.5020454525947571,-0.0190106611698865,-0.3170482814311981,0.7567577362060547
1629796715261,0.5020454525947571,-0.0337594114243984,-0.3141614496707916,0.7567577362060547
1629796715401,0.5020454525947571,-0.04273646697402,-0.3108203411102295,0.7567577362060547
1629796715479,0.5020454525947571,-0.0536537356674671,-0.3049894273281097,0.7567577362060547
1629796715573,0.5020454525947571,-0.0686681717634201,-0.2939259111881256,0.7567577362060547
1629796715682,0.5020454525947571,-0.0842170119285583,-0.2778339385986328,0.7567577362060547
1629796715823,0.5020454525947571,-0.0951783657073974,-0.2633055746555328,0.7567577362060547
1629796715901,0.5020454525947571,-0.0984058380126953,-0.2529076337814331,0.7567577362060547
1629796716011,0.5020454525947571,-0.097625233232975,-0.2502014636993408,0.7567577362060547
1629796716057,0.5020454525947571,-0.1032867580652237,-0.2590600252151489,0.7567577362060547
1629796716182,0.5020454525947571,-0.1226507127285003,-0.2795555591583252,0.7567577362060547
1629796716307,0.4090461134910583,-0.1521411687135696,-0.3072680532932281,0.3305861949920654
1629796716401,0.3945956230163574,-0.1805243343114853,-0.3323646485805511,0.3594102263450622
1629796716495,0.379288911819458,-0.2031795978546142,-0.3510747849941253,0.389535903930664
1629796716557,0.384900838136673,-0.2283273041248321,-0.3677211403846741,0.4250971972942352
1629796716667,0.384900838136673,-0.2612635493278503,-0.3850395381450653,0.4747145473957062
1629796716823,0.384900838136673,-0.2939302921295166,-0.4018135666847229,0.4747145473957062
1629796716901,0.384900838136673,-0.3056274652481079,-0.4126343429088592,0.4747145473957062
1629796716963,0.384900838136673,-0.2752557694911957,-0.4121542274951935,0.4747145473957062
1629796717120,0.384900838136673,-0.21022330224514,-0.3975034952163696,0.4747145473957062
1629796717171,0.384900838136673,-0.140330508351326,-0.3742376267910003,0.4747145473957062
1629796717280,0.384900838136673,-0.0908346399664878,-0.3500467240810394,0.4747145473957062
1629796717405,0.384900838136673,-0.0720362439751625,-0.3292085528373718,0.4747145473957062
1629796717515,0.3974373936653137,-0.0788513794541359,-0.3071312010288238,0.4932539761066437
1629796717608,0.3963484168052673,-0.0985240265727043,-0.2811798751354217,0.5183568596839905
1629796717686,0.3752789795398712,-0.1175532415509224,-0.2563791573047638,0.5491552948951721
1629796717811,0.3752789795398712,-0.1274075806140899,-0.2353860884904861,0.5827440619468689
1629796717936,0.3752789795398712,-0.1296087950468063,-0.2172808051109314,0.5827440619468689
1629796718030,0.3752789795398712,-0.1308329999446869,-0.2020649462938308,0.5827440619468689
1629796718139,0.3752789795398712,-0.1353556364774704,-0.1948819011449813,0.5827440619468689
1629796718218,0.3752789795398712,-0.1413472294807434,-0.1967006921768188,0.5827440619468689
1629796718327,0.3752789795398712,-0.1454851478338241,-0.2038380652666092,0.8328891396522522
1629796718436,0.3752789795398712,-0.150069922208786,-0.2116217166185379,0.9016605615615844
1629796718514,0.3752789795398712,-0.1677142083644867,-0.2191872298717498,1.03851318359375
1629796718639,0.3752789795398712,-0.2062932401895523,-0.2210629731416702,1.03851318359375
1629796718749,0.3752789795398712,-0.2590093910694122,-0.2092678844928741,1.03851318359375
1629796718842,0.3752789795398712,-0.3047757744789123,-0.1858728528022766,1.03851318359375
1629796718921,0.3752789795398712,-0.3277919590473175,-0.1656354069709777,1.03851318359375
1629796719046,0.3752789795398712,-0.3357478678226471,-0.1619698703289032,1.03851318359375
1629796719108,0.3752789795398712,-0.3449617326259613,-0.1725463271141052,1.03851318359375
1629796719236,0.3752789795398712,-0.359279602766037,-0.1832644194364547,1.03851318359375
1629796719345,0.3752789795398712,-0.3744635581970215,-0.1857087314128875,1.03851318359375
1629796719454,0.3752789795398712,-0.3811947405338287,-0.1810468286275863,1.03851318359375
1629796719532,0.3752789795398712,-0.3780144155025482,-0.173232302069664,1.0431848764419556
1629796719642,0.3752789795398712,-0.3673795759677887,-0.1567399650812149,1.0340604782104492
1629796719704,0.3752789795398712,-0.3510023057460785,-0.1286543011665344,1.0117151737213137
1629796719829,0.3752789795398712,-0.3289607465267181,-0.0903853997588157,1.0316964387893677
1629796719985,0.3752789795398712,-0.3052740693092346,-0.0497711412608623,1.0122140645980835
1629796720048,0.3752789795398712,-0.2850547432899475,-0.0156644415110349,1.0122140645980835
1629796720126,0.3752789795398712,-0.2727017104625702,0.0071871550753712,1.0122140645980835
1629796720235,0.3752789795398712,-0.2647639513015747,0.0209333337843418,1.0122140645980835
1629796720345,0.3752789795398712,-0.2523384392261505,0.0326461568474769,1.0122140645980835
1629796720501,0.3752789795398712,-0.2288977354764938,0.047017615288496,1.0122140645980835
1629796720579,0.3752789795398712,-0.1966625154018402,0.063870795071125,1.0122140645980835
1629796720673,0.3752789795398712,-0.1616732329130172,0.0809486657381057,1.0122140645980835
1629796720735,0.3752789795398712,-0.1296861618757248,0.0969080328941345,1.0122140645980835
1629796720829,0.3752789795398712,-0.1001267582178115,0.1122249066829681,1.0122140645980835
1629796720970,0.3752789795398712,-0.0734611973166465,0.1262810230255127,1.0122140645980835
1629796721082,0.3752789795398712,-0.049312736839056,0.1396064162254333,1.0122140645980835
1629796721160,0.3752789795398712,-0.0273727588355541,0.1518428474664688,1.0122140645980835
1629796721238,0.3752789795398712,-0.00806350633502,0.159983828663826,1.0122140645980835
1629796721378,0.3752789795398712,0.0068919705227017,0.1598124653100967,1.0122140645980835
1629796721425,0.3180088400840759,0.0148975364863872,0.1515111923217773,0.8633396625518799
1629796721535,0.3480799794197082,0.0139205940067768,0.1415744870901107,0.8668420910835266
1629796721706,0.3549411296844482,0.0052979453466832,0.1357386112213134,0.859338641166687
1629796721785,0.3549411296844482,-0.006119605153799,0.1322653740644455,0.8639981746673584
1629796721863,0.3549411296844482,-0.0168938469141721,0.1258120089769363,0.9183471202850342
1629796721972,0.3549411296844482,-0.0251927245408296,0.1184836402535438,0.9183471202850342
1629796722050,0.3549411296844482,-0.0294019300490617,0.1187110245227813,0.9183471202850342
1629796722179,0.3549411296844482,-0.0292278006672859,0.1282569766044616,0.9183471202850342
1629796722288,0.3549411296844482,-0.0277121886610984,0.1403050273656845,0.9183471202850342
1629796722413,0.3549411296844482,-0.0319803468883037,0.148619145154953,0.9183471202850342
1629796722507,0.3549411296844482,-0.0448798015713691,0.1513021439313888,0.9183471202850342
1629796722585,0.3549411296844482,-0.0613144375383853,0.1486855447292328,0.9183471202850342
1629796722710,0.3963139057159424,-0.0724757239222526,0.1392047703266143,0.964539647102356
1629796722788,0.4234331548213959,-0.0759497135877609,0.124528668820858,0.9991853833198548
1629796722866,0.4234331548213959,-0.0784657895565033,0.1105877161026001,1.0176079273223877
1629796723022,0.4234331548213959,-0.0837305039167404,0.0996072217822074,1.02009379863739
1629796723105,0.4234331548213959,-0.0863311439752578,0.0853041559457779,1.0183075666427612
1629796723200,0.4234331548213959,-0.0770025178790092,0.0590489841997623,1.0226755142211914
1629796723263,-0.0014215988339856,-0.0535199977457523,0.0213149487972259,1.0252277851104736
1629796723356,-0.0014215988339856,-0.0218856334686279,-0.0190919917076826,0.997984766960144
1629796723527,-0.0014215988339856,0.0060747992247343,-0.056310411542654,0.997984766960144
1629796723653,-0.0014215988339856,0.023489186540246,-0.0922416895627975,0.997984766960144
1629796723715,-0.0014215988339856,0.0318005122244358,-0.1228312402963638,0.997984766960144
1629796723796,-0.0014215988339856,0.0377978421747684,-0.1412964165210724,0.997984766960144
1629796723858,-0.0014215988339856,0.0458024255931377,-0.1511861830949783,0.997984766960144
1629796723984,-0.0014215988339856,0.0532700568437576,-0.1590854227542877,0.997984766960144
1629796724110,-0.0014215988339856,0.0539030581712722,-0.160806730389595,0.997984766960144
1629796724204,-0.0014215988339856,0.0433202423155307,-0.1455752700567245,0.9805140495300292
1629796724282,-0.0014215988339856,0.0233997646719217,-0.1177905946969986,0.9461783170700072
1629796724374,-0.0014215988339856,0.0029013978783041,-0.0946697816252708,0.9049396514892578
1629796724498,-0.0014215988339856,-0.007363358978182,-0.0835942476987838,0.9049396514892578
1629796724570,-0.0014215988339856,-0.0038700310979038,-0.0744916647672653,0.9049396514892578
1629796724733,-0.0014215988339856,0.0063740140758454,-0.0532920137047767,0.9049396514892578
1629796724796,-0.0014215988339856,0.012907032854855,-0.015793789178133,0.9049396514892578
1629796724968,-0.0014215988339856,0.008240851573646,0.0302019994705915,0.9049396514892578
1629796725016,-0.0014215988339856,-0.0071195727214217,0.0744587704539299,0.7742297053337097
1629796725085,-0.0014215988339856,-0.0258924011141061,0.1090395972132682,0.7742297053337097
1629796725196,-0.0014215988339856,-0.0373807251453399,0.1270909160375595,0.7742297053337097
1629796725319,-0.0014215988339856,-0.0353894643485546,0.1276498734951019,0.7742297053337097
1629796725429,-0.0014215988339856,-0.02333789691329,0.1162362322211265,0.7742297053337097
1629796725569,-0.0014215988339856,-0.0086783906444907,0.1000495851039886,0.7742297053337097
1629796725600,-0.0014215988339856,0.0029468364082276,0.0806075856089592,0.7742297053337097
1629796725789,-0.0014215988339856,0.0103405183181166,0.0546604245901107,0.7742297053337097
1629796725836,-0.0014215988339856,0.0142612745985388,0.0227275099605321,0.7742297053337097
1629796725936,-0.0014215988339856,0.0135641535744071,-0.0086289355531334,0.7742297053337097
1629796726030,-0.0014215988339856,0.0059093707241117,-0.0334496051073074,0.7742297053337097
1629796726170,-0.0014215988339856,-0.0098204324021935,-0.0555298067629337,0.7799192667007446
1629796726217,-0.0014215988339856,-0.0334624908864498,-0.0837307348847389,0.8059167861938477
1629796726342,-0.0014215988339856,-0.0635885223746299,-0.1264704465866089,0.8621112704277039
1629796726405,-0.0014215988339856,-0.0923500433564186,-0.1841079294681549,0.8621112704277039
1629796726576,-0.0014215988339856,-0.1022091582417488,-0.2515361309051513,0.8621112704277039
1629796726670,-0.0014215988339856,-0.0825137719511985,-0.3215516805648803,0.8621112704277039
1629796726748,-0.0014215988339856,-0.048454463481903,-0.3872691988945007,0.8621112704277039
1629796726826,-0.0014215988339856,-0.0255716238170862,-0.4431003630161285,0.8621112704277039
1629796726935,-0.0014215988339856,-0.0213874820619821,-0.4788586795330047,0.8621112704277039
1629796727018,-0.0014215988339856,-0.02437100186944,-0.4863705635070801,0.8621112704277039
1629796727158,-0.0014215988339856,-0.0191335827112197,-0.4667253792285919,0.8621112704277039
1629796727268,-0.0014215988339856,-0.0004222053976263,-0.4261268973350525,0.8621112704277039
1629796727330,-0.0014215988339856,0.0289547108113765,-0.370689183473587,0.8621112704277039
1629796727439,-0.0014215988339856,0.0664435550570488,-0.3053061068058014,0.8621112704277039
1629796727538,-0.0014215988339856,0.1070771738886833,-0.2387106418609619,0.8621112704277039
1629796727647,-0.0014215988339856,0.1429563760757446,-0.1811194568872451,0.8621112704277039
1629796727757,-0.0014215988339856,0.1680115461349487,-0.1410082876682281,0.8621112704277039
1629796727866,0.2777383923530578,0.1808920055627823,-0.1191165745258331,0.8436828255653381
1629796727991,0.3881169259548187,0.1820288151502609,-0.1108572408556938,0.8483641147613525
1629796728038,0.4820161163806915,0.1711015105247497,-0.1092576682567596,0.8260376453399658
1629796728147,0.4820161163806915,0.1463439464569091,-0.1101783961057663,0.8029363751411438
1629796728257,0.4820161163806915,0.109597697854042,-0.1081173047423362,0.8284372091293335
1629796728397,0.4820161163806915,0.0711604803800582,-0.0942814350128173,0.8284372091293335
1629796728491,0.4820161163806915,0.0419905744493007,-0.0657495409250259,0.8284372091293335
1629796728600,0.4820161163806915,0.0232696533203125,-0.0337912365794181,0.8284372091293335
1629796728678,0.4820161163806915,0.0083495713770389,-0.0125089678913354,0.8284372091293335
1629796728757,0.4820161163806915,-0.0093550374731421,-0.0081560248509049,0.8284372091293335
1629796728850,0.4820161163806915,-0.0341469682753086,-0.0175764095038175,0.8284372091293335
1629796729009,0.4820161163806915,-0.0696848928928375,-0.0339587368071079,0.8284372091293335
1629796729103,0.5319511294364929,-0.1127583533525466,-0.0510862097144126,0.8455746173858643
1629796729165,0.5904525518417358,-0.1510394215583801,-0.062683992087841,0.8543016910552979
1629796729272,0.5904525518417358,-0.1730337589979171,-0.0625933855772018,0.8420558571815491
1629796729397,0.5904525518417358,-0.1797076165676117,-0.0527359209954738,0.8333099484443665
1629796729476,0.5904525518417358,-0.1750241070985794,-0.0432925708591938,0.8707412481307983
1629796729599,0.5904525518417358,-0.1603995710611343,-0.0407799147069454,0.9258480668067932
1629796729677,0.4052871167659759,-0.1346493810415268,-0.0400336235761642,0.9564277529716492
1629796729802,0.4052871167659759,-0.0988336727023124,-0.0291082877665758,0.9111874103546144
1629796729943,0.4052871167659759,-0.0590789131820201,-0.006616145838052,0.9111874103546144
1629796730005,0.4052871167659759,-0.0216913297772407,0.0165283065289258,0.9111874103546144
1629796730146,0.4052871167659759,0.0157500375062227,0.0321107618510723,0.9111874103546144
1629796730224,0.4052871167659759,0.0533718802034854,0.0398172326385974,0.9111874103546144
1629796730333,0.4052871167659759,0.0862065628170967,0.0456354394555091,0.9111874103546144
1629796730380,0.4052871167659759,0.1073979437351226,0.0546547658741474,0.9111874103546144
1629796730505,0.4052871167659759,0.1156520918011665,0.0656506866216659,0.9111874103546144
1629796730599,0.4052871167659759,0.1133531555533409,0.0741464421153068,0.9111874103546144
1629796730740,0.4052871167659759,0.1035605370998382,0.0775535106658935,0.9111874103546144
1629796730818,0.4052871167659759,0.0896844491362571,0.0743670538067817,0.9111874103546144
1629796730927,0.4052871167659759,0.0764829516410827,0.0659643113613128,0.912135362625122
1629796731036,0.4052871167659759,0.0649615153670311,0.0564347542822361,0.912135362625122
1629796731083,0.4052871167659759,0.0513651184737682,0.0496362932026386,0.912135362625122
1629796731193,0.4052871167659759,0.0303348563611507,0.045960932970047,0.912135362625122
1629796731286,0.4052871167659759,-0.00177541479934,0.0378454849123954,0.912135362625122
1629796731427,0.345010370016098,-0.0460103042423725,0.0178864188492298,0.8989495635032654
1629796731489,0.3881032168865204,-0.1002762243151664,-0.0138072427362203,0.9287680387496948
1629796731620,0.5200381278991699,-0.169330283999443,-0.0478291735053062,1.004075288772583
1629796731714,0.6836850047111511,-0.258249968290329,-0.0727193802595138,1.101811170578003
1629796731855,0.8053700923919678,-0.3680332601070404,-0.0878372937440872,1.101811170578003
1629796731901,0.866949200630188,-0.4828431904315948,-0.1031189262866973,1.101811170578003
1629796732089,0.8805273175239563,-0.5774485468864441,-0.1249357461929321,1.101811170578003
1629796732140,0.8695094585418701,-0.6330385208129883,-0.1509451866149902,1.101811170578003
1629796732203,0.8695094585418701,-0.6515337228775024,-0.1755983829498291,1.101811170578003
1629796732312,0.8695094585418701,-0.6435503363609314,-0.1888273507356643,1.101811170578003
1629796732468,0.8695094585418701,-0.6222676038742065,-0.1769245564937591,1.101811170578003
1629796732499,0.8695094585418701,-0.5890885591506958,-0.1356718242168426,1.101811170578003
1629796732671,0.8968474268913269,-0.5411621928215027,-0.083806924521923,1.1321202516555786
1629796732718,0.929893672466278,-0.4776071906089782,-0.0453657656908035,1.167465329170227
1629796732827,0.96946781873703,-0.4057984948158264,-0.0288643147796392,1.2125883102416992
1629796732921,1.015835523605347,-0.33594611287117,-0.0242296513170003,1.2125883102416992
1629796733015,1.0621557235717771,-0.2789810299873352,-0.0180276986211538,1.2125883102416992
1629796733124,1.090487003326416,-0.236840546131134,-0.0077060717158019,1.2125883102416992
1629796733253,1.0761165618896484,-0.2049543410539627,0.0012389316689223,1.2125883102416992
1629796733346,1.0761165618896484,-0.1778072267770767,0.0085247224196791,1.2125883102416992
1629796733471,1.0761165618896484,-0.1533895283937454,0.0202317647635936,1.2125883102416992
1629796733549,1.0761165618896484,-0.1264542043209076,0.046219103038311,1.2125883102416992
1629796733612,1.0761165618896484,-0.0923806652426719,0.0953277871012687,1.2125883102416992
1629796733737,1.0761165618896484,-0.0551772117614746,0.1662368178367614,1.2125883102416992
1629796733862,1.0761165618896484,-0.0267621167004108,0.2397079616785049,1.2125883102416992
1629796733956,1.0761165618896484,-0.0137375490739941,0.29250368475914,1.2125883102416992
1629796734054,1.0761165618896484,-0.0140441805124282,0.3138268291950226,1.2125883102416992
1629796734148,1.0761165618896484,-0.0204566977918148,0.309940367937088,1.2125883102416992
1629796734304,1.0761165618896484,-0.0308457259088754,0.2966385185718536,1.2125883102416992
1629796734397,1.0761165618896484,-0.0440432280302047,0.2884950041770935,1.2125883102416992
1629796734522,1.0761165618896484,-0.050717506557703,0.2921516001224518,1.2125883102416992
1629796734569,1.0761165618896484,-0.0308079794049263,0.309214174747467,1.2125883102416992
1629796734663,1.0761165618896484,0.0259264390915632,0.3358293175697326,1.2125883102416992
1629796734757,1.0761165618896484,0.1063092797994613,0.3637411892414093,1.2125883102416992
1629796734882,1.0761165618896484,0.2029854655265808,0.3892311453819275,1.2125883102416992
1629796734960,1.0761165618896484,0.3062082529067993,0.4147887825965881,1.2125883102416992
1629796735149,1.0761165618896484,0.3971615135669708,0.4382600784301758,1.2125883102416992
1629796735196,1.0761165618896484,0.4589490294456482,0.448462963104248,1.2125883102416992
1629796735258,1.0761165618896484,0.4873906672000885,0.4349327087402344,1.2125883102416992
1629796735368,1.0761165618896484,0.4928684532642364,0.4000488519668579,1.2125883102416992
1629796735477,1.0761165618896484,0.4933533668518066,0.36492520570755,1.2125883102416992
1629796735555,1.0761165618896484,0.497843325138092,0.3553585708141327,1.2125883102416992
1629796735696,1.0761165618896484,0.5049651861190796,0.3658808767795563,1.2125883102416992
1629796735836,1.0761165618896484,0.5124719142913818,0.3905806541442871,1.2125883102416992
1629796735914,1.0761165618896484,0.5255392789840698,0.4193408489227295,1.2125883102416992
1629796736008,1.0761165618896484,0.5485804080963135,0.4364962577819824,1.2125883102416992
1629796736039,1.0761165618896484,0.57524573802948,0.4420095682144165,1.2125883102416992
1629796736180,1.0761165618896484,0.5916796326637268,0.4306046366691589,1.2125883102416992
1629796736305,1.0761165618896484,0.5883888602256775,0.4030681550502777,1.2125883102416992
1629796736414,1.0761165618896484,0.5598917007446289,0.3636706173419952,1.2125883102416992
1629796736508,1.0761165618896484,0.5065177083015442,0.3096770942211151,1.2125883102416992
1629796736664,1.0761165618896484,0.4355220198631286,0.2397018522024154,1.2125883102416992
1629796736711,1.0761165618896484,0.3654297292232513,0.1687545925378799,1.2125883102416992
1629796736805,1.0761165618896484,0.3202741742134094,0.1213748082518577,1.2125883102416992
1629796736930,1.0761165618896484,0.3050149083137512,0.1010279431939125,1.2125883102416992
1629796736992,1.0761165618896484,0.2994775772094726,0.0774473547935485,1.2125883102416992
1629796737134,1.0761165618896484,0.2900657057762146,0.0628458857536315,1.2125883102416992
1629796737259,1.0761165618896484,0.2764488756656647,0.0604404360055923,1.2125883102416992
1629796737290,1.0761165618896484,0.2606337666511535,0.0697211176156997,1.2125883102416992
1629796737400,1.0761165618896484,0.2309930771589279,0.0792286768555641,1.2125883102416992
1629796737549,1.0761165618896484,0.1707544475793838,0.052967507392168,1.2125883102416992
1629796737596,1.0761165618896484,0.0782304108142852,0.0146591896191239,1.2125883102416992
1629796737690,1.0761165618896484,-0.015131059102714,-0.0110163325443863,1.2125883102416992
1629796737815,1.0761165618896484,-0.061296060681343,-0.0054153283126652,1.2125883102416992
1629796737893,1.0761165618896484,-0.0536811985075473,0.0165078807622194,1.2125883102416992
1629796738002,1.0761165618896484,-0.0318026021122932,0.0337851643562316,1.2125883102416992
1629796738127,1.0761165618896484,-0.0195455159991979,0.0388013049960136,1.2125883102416992
1629796738207,1.0761165618896484,-0.0162892378866672,0.0329501926898956,1.2125883102416992
1629796738332,1.0761165618896484,-0.0151697071269154,0.0191045869141817,1.2125883102416992
1629796738441,1.0761165618896484,-0.009580485522747,0.0019268722971901,1.2125883102416992
1629796738535,1.0761165618896484,0.0048882761038839,-0.0138985272496938,1.2125883102416992
1629796738629,1.0761165618896484,0.0256669912487268,-0.0318523719906806,1.2125883102416992
1629796738738,1.0761165618896484,0.0468379668891429,-0.0627559348940849,1.2125883102416992
1629796738863,1.0761165618896484,0.0636188015341758,-0.1113738194108009,1.2125883102416992
1629796738957,1.0761165618896484,0.0744310840964317,-0.1672513037919998,1.2125883102416992
1629796739097,1.0761165618896484,0.080901488661766,-0.2075042724609375,1.2125883102416992
1629796739144,1.0761165618896484,0.0861484557390213,-0.2149693369865417,1.2125883102416992
1629796739191,1.0761165618896484,0.090520478785038,-0.1945918649435043,1.2125883102416992
1629796739367,1.0761165618896484,0.0915024876594543,-0.1604281961917877,1.2125883102416992
1629796739461,1.0761165618896484,0.0880822464823722,-0.1237489655613899,1.2125883102416992
1629796739554,1.0761165618896484,0.0821964517235755,-0.0865232050418853,1.2125883102416992
1629796739632,1.0761165618896484,0.0784216076135635,-0.0506827123463153,1.2125883102416992
1629796739711,1.0761165618896484,0.0779667496681213,-0.0213774405419826,1.2125883102416992
1629796739820,1.0761165618896484,0.0772351250052452,-0.0045023998245596,1.2125883102416992
1629796739992,1.0761165618896484,0.0740868896245956,0.0031065114308148,1.2125883102416992
1629796740101,1.0761165618896484,0.072097897529602,0.010724046267569,1.2125883102416992
1629796740164,1.0761165618896484,0.0770796090364456,0.0268277153372764,1.2125883102416992
1629796740259,1.0761165618896484,0.0893328338861465,0.0517265051603317,1.2125883102416992
1629796740322,1.0761165618896484,0.1043138056993484,0.0794698521494865,1.2125883102416992
1629796740447,1.0761165618896484,0.1180421411991119,0.1042546182870864,1.2125883102416992
1629796740603,1.0761165618896484,0.1266463100910186,0.1224626004695892,1.2125883102416992
1629796740703,1.0761165618896484,0.1223983392119407,0.1304973512887954,1.2125883102416992
1629796740781,1.0761165618896484,0.0982504189014434,0.1245300099253654,1.2125883102416992
1629796740859,1.0761165618896484,0.0588054619729518,0.1040704697370529,1.2125883102416992
1629796740937,1.0761165618896484,0.0184682626277208,0.0748695880174636,1.2125883102416992
1629796741062,1.0761165618896484,-0.0105438455939292,0.0425636060535907,1.2125883102416992
1629796741187,1.0761165618896484,-0.0306636057794094,0.011191145516932,1.2125883102416992
1629796741281,1.0761165618896484,-0.0513788796961307,-0.0171714257448911,1.2125883102416992
1629796741374,0.0238190554082393,-0.0756836831569671,-0.0367676131427288,0.6247347593307495
1629796741468,0.1414525955915451,-0.1018382683396339,-0.0474700517952442,0.670067548751831
1629796741562,0.3401976227760315,-0.1351979076862335,-0.0570805184543132,0.7336704134941101
1629796741671,0.5250189304351807,-0.1866927742958068,-0.0743008330464363,0.7908365726470947
1629796741780,0.651680052280426,-0.2621375918388366,-0.100526288151741,0.8227959871292114
1629796741890,0.7193105816841125,-0.3542657494544983,-0.1303752362728119,0.826779842376709
1629796741952,0.744320273399353,-0.4425109028816223,-0.1569850295782089,0.8144318461418152
1629796742046,0.7537550330162048,-0.5054680109024048,-0.1785364747047424,0.8057684898376465
1629796742159,0.7537550330162048,-0.5377234816551208,-0.2028279453516006,0.8237900733947754
1629796742271,0.7537550330162048,-0.5456323623657227,-0.229511022567749,0.884428083896637
1629796742443,0.7537550330162048,-0.5404376983642578,-0.2473172545433044,0.884428083896637
1629796742490,0.7537550330162048,-0.531050443649292,-0.2422907203435897,0.884428083896637
1629796742598,0.7884623408317566,-0.5232515335083008,-0.2105600386857986,0.8965291976928711
1629796742708,0.8268717527389526,-0.5194303393363953,-0.1682198047637939,0.9168792366981506
1629796742754,0.8707271814346313,-0.516248881816864,-0.1315173357725143,0.9410052299499512
1629796742894,0.9195950031280518,-0.5058654546737671,-0.104289524257183,0.9636207222938538
1629796743036,0.9659042358398438,-0.4860134422779083,-0.0759871453046798,0.9790661931037904
1629796743100,0.9935434460639954,-0.4625178277492523,-0.0357114411890506,0.9818207025527954
1629796743172,0.9191629886627196,-0.441249132156372,0.0126658538356423,1.0253937244415283
1629796743265,0.7935323119163513,-0.4243420362472534,0.0553321838378906,1.0628900527954102
1629796743375,0.6304839253425598,-0.4116840660572052,0.0830869004130363,1.09462571144104
1629796743468,0.4580445289611816,-0.4041756987571716,0.0955491960048675,1.1212786436080933
1629796743610,0.2366878390312194,-0.4078047573566437,0.0953247770667076,1.1338567733764648
1629796743732,0.1988591104745865,-0.4259523451328277,0.0858485177159309,1.1153740882873535
1629796743858,0.1611893475055694,-0.4542268812656402,0.0701691657304763,1.038807988166809
1629796743921,0.1333866566419601,-0.4816562533378601,0.0523365139961242,1.0117506980895996
1629796743968,0.1139431446790695,-0.4985242486000061,0.0336834527552127,0.9925379753112792
1629796744093,0.1006431058049202,-0.5020830631256104,0.0115995537489652,0.9750855565071106
1629796744236,0.0913475751876831,-0.4928832650184631,-0.0133938221260905,0.9579030871391296
1629796744330,0.0874079167842865,-0.4737050533294678,-0.0357034914195537,0.9434844255447388
1629796744439,0.094619020819664,-0.4536734223365783,-0.0526479184627532,0.9335426688194276
1629796744533,0.1217013150453567,-0.4415488839149475,-0.0726641565561294,0.9268693923950196
1629796744595,0.1674690246582031,-0.4405530393123626,-0.1115748658776283,0.920501708984375
1629796744705,0.1979445070028305,-0.4441859424114227,-0.1781502366065979,0.8772557973861694
1629796744830,0.2284231036901474,-0.440130740404129,-0.2646846175193786,0.8331912159919739
1629796744923,0.2459563910961151,-0.4189147353172302,-0.3477063179016113,0.8022273778915405
1629796745048,0.2539050877094269,-0.3839512169361114,-0.400619238615036,0.7890732884407043
1629796745095,0.2650052607059479,-0.3430727124214172,-0.415846049785614,0.7927483320236206
1629796745285,0.285934180021286,-0.3049261271953583,-0.4096771478652954,0.8081590533256531
1629796745332,0.3058688640594482,-0.2758614420890808,-0.4021840393543243,0.8155212998390198
1629796745441,0.3267037570476532,-0.2524774074554443,-0.3957003355026245,0.8200351595878601
1629796745550,0.3482975363731384,-0.2215039879083633,-0.3810756206512451,0.8218647241592407
1629796745629,0.3710952997207641,-0.1726876497268676,-0.3529488146305084,0.8258774280548096
1629796745738,0.3959294557571411,-0.1186456605792045,-0.3214649558067322,0.8341231346130371
1629796745847,0.42204549908638,-0.0798346102237701,-0.2999752461910248,0.8432580232620239
1629796745925,0.445118248462677,-0.0636730343103408,-0.2915976345539093,0.8492425680160522
1629796746035,0.4544421434402466,-0.0627528354525566,-0.2904044389724731,0.8520243763923645
1629796746175,0.4367413222789764,-0.0627300441265106,-0.2867388427257538,0.8571557998657227
1629796746222,0.388683021068573,-0.056747980415821,-0.2746662199497223,0.871422529220581
1629796746300,0.3282877504825592,-0.0494092889130115,-0.2575421631336212,0.8955926299095154
1629796746425,0.4674297571182251,-0.0484712459146976,-0.240825355052948,0.8955926299095154
1629796746588,0.4856347143650055,-0.0578331090509891,-0.2296755760908126,0.8955926299095154
1629796746651,0.4673036634922027,-0.0767228081822395,-0.2252164930105209,0.8955926299095154
1629796746807,0.4479423463344574,-0.0999297052621841,-0.2247344404458999,0.8955926299095154
1629796746854,0.4289650022983551,-0.1191028803586959,-0.2252255529165268,0.8613244891166687
1629796746948,0.4208008944988251,-0.1292220056056976,-0.2282949090003967,0.8507795333862305
1629796747060,0.4171039760112762,-0.1348950415849685,-0.2381285279989242,0.8227580189704895
1629796747138,0.4195950329303741,-0.1482706815004348,-0.2580259442329407,0.790109395980835
1629796747309,0.4290105402469635,-0.1713453829288482,-0.2852509319782257,0.7734507322311401
1629796747356,0.4405320286750793,-0.1901674419641494,-0.3086334764957428,0.7872100472450256
1629796747481,0.4495383203029632,-0.189688041806221,-0.3130886554718017,0.8257877230644226
1629796747559,0.4550252556800842,-0.1724750101566314,-0.2923444211483001,0.8713737726211548
1629796747638,0.4577075541019439,-0.1548145413398742,-0.2531097531318664,0.9072559475898744
1629796747747,0.4603116512298584,-0.1484135240316391,-0.2063406854867935,0.9250561594963074
1629796747919,0.4603116512298584,-0.1535515785217285,-0.1599276661872863,0.9250561594963074
1629796747966,0.4249695241451263,-0.1664899587631225,-0.1195112168788909,0.9250561594963074
1629796748094,0.4293232858181,-0.1817364245653152,-0.0764075890183448,0.9343005418777466
1629796748169,0.4485417902469635,-0.1935379058122635,-0.0149191170930862,0.940163552761078
1629796748279,0.4651623964309692,-0.2005019336938858,0.061526283621788,0.94435054063797
1629796748388,0.4767959713935852,-0.2050641030073166,0.1308501064777374,0.9506329298019408
1629796748497,0.487751305103302,-0.2143241912126541,0.1787231117486953,0.9657579064369202
1629796748591,0.4996069371700287,-0.2293709516525268,0.207945242524147,0.9968952536582948
1629796748716,0.5092673897743225,-0.2531448006629944,0.2312971204519271,1.0428575277328491
1629796748810,0.5115287899971008,-0.2871055006980896,0.2578856348991394,1.0928064584732056
1629796748888,0.5061455965042114,-0.3272755742073059,0.2876981198787689,1.1323983669281006
1629796748950,0.5061455965042114,-0.3758260309696197,0.3152586221694946,1.1323983669281006
1629796749108,0.5061455965042114,-0.2694698572158813,0.3336479365825653,1.1323983669281006
1629796749172,0.5061455965042114,-0.1964089125394821,0.3394793570041656,1.1323983669281006
1629796749296,0.5061455965042114,-0.1565263122320175,0.33440962433815,1.1323983669281006
1629796749389,0.5061455965042114,-0.1316656470298767,0.3245934844017029,1.1323983669281006
1629796749498,0.5061455965042114,-0.1032277271151542,0.3158420324325561,1.1323983669281006
1629796749561,0.5061455965042114,-0.0677187070250511,0.3044392764568329,1.1323983669281006
1629796749718,0.5061455965042114,-0.032980415970087,0.2805060744285583,1.1323983669281006
1629796749811,0.5061455965042114,-0.0059063360095024,0.2401709854602813,1.1323983669281006
1629796749891,0.5061455965042114,0.0085939522832632,0.1925540566444397,1.1323983669281006
1629796750032,0.5061455965042114,0.01092498190701,0.1514946222305297,1.1323983669281006
1629796750142,0.5061455965042114,0.0023868146818131,0.1211380437016487,1.007425308227539
1629796750187,0.105805329978466,-0.0234201569110155,0.0934440195560455,1.0198801755905151
1629796750298,0.1013158559799194,-0.0426897890865802,0.0613482929766178,1.009719729423523
1629796750421,0.0993012338876724,-0.0583423636853694,0.0228374786674976,0.9831154942512512
1629796750530,0.0931255519390106,-0.073330745100975,-0.022200621664524,0.9568490982055664
1629796750577,0.0822000727057457,-0.141606256365776,-0.0689303278923034,0.9418746829032898
1629796750717,0.0677536576986312,-0.2061296850442886,-0.1078531518578529,0.9359883069992064
1629796750816,0.0677536576986312,-0.248427152633667,-0.1324336975812912,0.9359883069992064
1629796750957,0.0677536576986312,-0.2731263935565948,-0.1462175250053405,0.9359883069992064
1629796751050,0.0677536576986312,-0.2924852669239044,-0.1504959762096405,0.9359883069992064
1629796751097,0.0677536576986312,-0.3024596869945526,-0.1333384215831756,0.9359883069992064
1629796751253,0.0677536576986312,-0.2944376766681671,-0.0966019406914711,0.9359883069992064
1629796751285,0.0677536576986312,-0.2730174362659454,-0.0589915961027145,0.9323166012763976
1629796751394,0.0467435307800769,-0.2496464699506759,-0.0351184792816638,0.927573561668396
1629796751581,0.0375613011419773,-0.2310993820428848,-0.0248570181429386,0.9142606854438782
1629796751660,0.0366188734769821,-0.2198947519063949,-0.0204756185412406,0.8808684945106506
1629796751753,0.0347133614122867,-0.2160199582576751,-0.0177769232541322,0.8319152593612671
1629796751831,0.0217884127050638,-0.216536283493042,-0.0171057879924774,0.7947940230369568
1629796751941,0.0217884127050638,-0.2139735519886016,-0.0141912372782826,0.7947940230369568
1629796752019,0.0217884127050638,-0.1998706459999084,-0.0023870272561907,0.7947940230369568
1629796752144,0.0217884127050638,-0.1712974309921264,0.0205727778375148,0.7947940230369568
1629796752238,0.0217884127050638,-0.1317212283611297,0.0491837784647941,0.7947940230369568
1629796752316,0.3811706602573395,-0.0892592445015907,0.0753980726003646,1.001378893852234
1629796752409,0.3472341001033783,-0.0540498197078704,0.092562012374401,0.9699167013168336
1629796752534,0.3086602091789245,-0.0335542596876621,0.0947550237178802,0.944904923439026
1629796752612,0.2765553295612335,-0.0283494293689727,0.075377345085144,0.9366518259048462
1629796752753,0.2549059987068176,-0.0312380734831094,0.0352018997073173,0.9428120851516724
1629796752847,0.2435525804758072,-0.0319213978946208,-0.0123978955671191,0.9545027613639832
1629796752987,0.241598293185234,-0.0251695662736892,-0.045623667538166,0.963645040988922
1629796753084,0.2575646042823791,-0.010603399015963,-0.0453179143369197,0.966952383518219
1629796753116,0.3158995509147644,0.0080606872215867,-0.0082869995385408,0.9692637324333192
1629796753241,0.4495373368263244,0.0246285907924175,0.0545460991561412,0.988537073135376
1629796753399,0.4495373368263244,0.0332873985171318,0.125873252749443,1.043130874633789
1629796753477,0.4495373368263244,0.0312298610806465,0.1855205297470092,1.1188104152679443
1629796753571,0.4531515538692474,0.0184485260397195,0.2203088700771331,1.19546377658844
1629796753633,0.4565001726150512,-0.0059454161673784,0.2279709726572036,1.205401062965393
1629796753738,0.4629475772380829,-0.0431686267256736,0.2163764685392379,1.240857481956482
1629796753878,0.4767791032791137,-0.0875272899866104,0.1971207559108734,1.2546638250350952
1629796753972,0.5030655264854431,-0.1232919618487358,0.1796277910470962,1.2582718133926392
1629796754053,0.5420652031898499,-0.13654126226902,0.1677402108907699,1.2558521032333374
1629796754178,0.5510130524635315,-0.1326992660760879,0.1623804718255996,1.2490084171295166
1629796754257,0.5650174021720886,-0.1310450285673141,0.1625811159610748,1.2404676675796509
1629796754381,0.578281044960022,-0.1457280665636062,0.1643498390913009,1.2342160940170288
1629796754444,0.587668776512146,-0.1749171912670135,0.161777377128601,1.2328548431396484
1629796754569,0.5850874185562134,-0.2114118635654449,0.1470339447259903,1.235274076461792
1629796754710,0.5394454002380371,-0.2490900307893753,0.1118563935160636,1.236832857131958
1629796754866,0.3126505613327026,-0.2841995656490326,0.0471822619438171,1.22822368144989
1629796754897,0.2976216077804565,-0.3103061616420746,-0.0556186772882938,1.1946266889572144
1629796754975,0.2822364270687103,-0.3234573006629944,-0.1975413560867309,1.1264500617980957
1629796755069,0.2722936570644378,-0.3277438580989837,-0.3580538928508758,1.0250014066696167
1629796755178,0.2679226398468017,-0.329058438539505,-0.4840762317180633,1.0210305452346802
1629796755330,0.2659968733787536,-0.3292252719402313,-0.5331377983093262,0.9603675007820128
1629796755377,0.2647749483585357,-0.329497754573822,-0.5271350741386414,0.9333239197731018
1629796755471,0.2647749483585357,-0.3351664245128631,-0.5101527571678162,0.9331461787223816
1629796755596,0.2647749483585357,-0.3475525379180908,-0.4986912608146667,0.9476521015167236
1629796755658,0.2708692848682403,-0.349343478679657,-0.4880661368370056,0.9682311415672302
1629796755821,0.2686410248279571,-0.3178216218948364,-0.46927410364151,0.986942172050476
1629796755961,0.2610439956188202,-0.2585302591323852,-0.4410852789878845,0.9969660639762878
1629796756005,0.2495559304952621,-0.2023287415504455,-0.4094757735729217,0.99580055475235
1629796756082,0.2331860959529876,-0.1690992414951324,-0.3754916191101074,0.9880387187004088
1629796756221,0.2133679240942001,-0.1561180353164672,-0.3397920131683349,0.9816292524337769
1629796756269,0.2013051062822342,-0.1485235095024109,-0.3005718886852264,0.9779414534568788
1629796756408,0.2064327895641327,-0.1387078016996383,-0.2598065137863159,0.9698963165283204
1629796756517,0.2227135002613067,-0.1286725848913192,-0.2220686823129654,0.9531659483909608
1629796756612,0.2227135002613067,-0.1212220638990402,-0.1910143792629242,0.9531659483909608
1629796756690,0.2227135002613067,-0.1150173917412757,-0.1706666797399521,0.9531659483909608
1629796756785,0.2227135002613067,-0.1065799370408058,-0.1620508581399917,0.9531659483909608
1629796756865,0.2227135002613067,-0.0950668379664421,-0.1603252440690994,0.9531659483909608
1629796757009,0.2227135002613067,-0.0833013653755188,-0.1590417027473449,0.9531659483909608
1629796757130,0.2227135002613067,-0.0766057521104812,-0.1520164012908935,0.9531659483909608
1629796757204,0.2227135002613067,-0.0834276899695396,-0.142279714345932,0.9531659483909608
1629796757314,0.2227135002613067,-0.108695313334465,-0.1383907943964004,0.9531659483909608
1629796757376,0.2227135002613067,-0.1462839990854263,-0.1425037086009979,0.9481898546218872
1629796757517,0.1326664239168167,-0.1796702444553375,-0.149946242570877,0.9066228866577148
1629796757626,0.091749183833599,-0.1964638531208038,-0.1593338847160339,0.8771605491638184
1629796757736,0.0529022775590419,-0.202110156416893,-0.1748821586370468,0.8542784452438354
1629796757814,0.0341628156602382,-0.2102127224206924,-0.2027313411235809,0.837713897228241
1629796757907,0.0331987515091896,-0.223398745059967,-0.242375299334526,0.8351617455482483
1629796758018,0.0331987515091896,-0.2352651059627533,-0.2850547134876251,0.8571837544441223
1629796758097,0.0331987515091896,-0.2427980005741119,-0.3202489018440246,0.9253953099250792
1629796758251,0.0331987515091896,-0.2507033944129944,-0.3314513564109802,0.9253953099250792
1629796758313,0.0331987515091896,-0.2672590017318725,-0.3096314966678619,0.9253953099250792
1629796758409,0.0331987515091896,-0.2972782552242279,-0.2709527909755707,0.9253953099250792
1629796758538,0.0331987515091896,-0.33575639128685,-0.2363876700401306,0.9253953099250792
1629796758616,0.0331987515091896,-0.3721609115600586,-0.21678526699543,0.8971718549728394
1629796758724,0.0282386541366577,-0.4010539054870605,-0.2037272155284881,0.8844285011291504
1629796758817,-0.0045075365342199,-0.4276194870471954,-0.1840285509824752,0.8914093375205994
1629796758958,-0.0573673695325851,-0.4575587213039398,-0.1587714403867721,0.9118117690086364
1629796759052,-0.0960365161299705,-0.47624272108078,-0.1356724798679351,0.9404420852661132
1629796759180,-0.0960365161299705,-0.4546247720718384,-0.1156691312789917,0.9769888520240784
1629796759227,-0.0960365161299705,-0.390180379152298,-0.0945499166846275,1.027257204055786
1629796759305,-0.0960365161299705,-0.3141766190528869,-0.0726580917835235,1.027257204055786
1629796759477,-0.0960365161299705,-0.2539304792881012,-0.0558724328875541,1.027257204055786
1629796759570,-0.0960365161299705,-0.2166320979595184,-0.0470294766128063,1.027257204055786
1629796759648,-0.0960365161299705,-0.1926891356706619,-0.0445982441306114,1.027257204055786
1629796759752,-0.0960365161299705,-0.1688291728496551,-0.0492227189242839,1.027257204055786
1629796759845,-0.0960365161299705,-0.1403256505727768,-0.0625041276216507,1.027257204055786
1629796759939,-0.0960365161299705,-0.111003577709198,-0.0797308236360549,1.027257204055786
1629796760048,-0.0960365161299705,-0.0887948647141456,-0.0931373685598373,1.027257204055786
1629796760189,-0.0960365161299705,-0.0783260986208915,-0.101133607327938,1.027257204055786
1629796760251,-0.0960365161299705,-0.0779780745506286,-0.1114255338907241,1.027257204055786
1629796760329,-0.0960365161299705,-0.0816384181380271,-0.1294865608215332,1.027257204055786
1629796760439,-0.0960365161299705,-0.083185575902462,-0.1512028872966766,1.027257204055786
1629796760517,-0.0960365161299705,-0.0845082700252533,-0.1688401401042938,1.027257204055786
1629796760689,-0.0960365161299705,-0.0942272841930389,-0.1828104704618454,1.027257204055786
1629796760782,1.3381177186965942,-0.1178538426756858,-0.1962175518274307,1.027257204055786
1629796760876,1.465749979019165,-0.1529548913240432,-0.2037804424762725,1.027257204055786
1629796760990,1.506028413772583,-0.1890583783388137,-0.1887689977884292,1.027257204055786
1629796761052,1.506028413772583,-0.2165950834751129,-0.1426851898431778,1.027257204055786
1629796761131,1.506028413772583,-0.2377286851406097,-0.0808183699846267,1.027257204055786
1629796761318,1.506028413772583,-0.2612662613391876,-0.0286985337734222,1.027257204055786
1629796761412,1.506028413772583,-0.291466623544693,-0.0002537426189519,1.027257204055786
1629796761490,1.4440215826034546,-0.3261892795562744,0.0041259969584643,1.027257204055786
1629796761615,1.390503168106079,-0.3594319224357605,-0.0067785144783556,1.027257204055786
1629796761677,1.3924087285995483,-0.3855831623077392,-0.0221461709588766,1.027257204055786
1629796761755,1.3941068649291992,-0.4044031798839569,-0.0342567190527915,1.027257204055786
1629796761896,1.3453260660171509,-0.4228406250476837,-0.0401564352214336,0.966351330280304
1629796761970,1.301321029663086,-0.4505700469017029,-0.0378025397658348,0.9710132479667664
1629796762126,1.2615103721618652,-0.4922410249710083,-0.0296990238130092,0.9760934710502625
1629796762163,1.186423420906067,-0.5455113649368286,-0.0206898339092731,0.9764182567596436
1629796762272,1.0270496606826782,-0.6019667983055115,-0.0167090632021427,0.9686490893363952
1629796762335,0.7286133766174316,-0.6501576900482178,-0.018868014216423,0.9547391533851624
1629796762506,0.0795573145151138,-0.6891971826553345,-0.0274241175502538,0.9411858320236206
1629796762616,0.0585351921617984,-0.7267369627952576,-0.0472889393568038,0.9339408278465272
1629796762710,0.0467326641082763,-0.7644914388656616,-0.083067387342453,0.937822163105011
1629796762772,0.0490321926772594,-0.7970137596130371,-0.1281554549932479,0.954147458076477
1629796762897,0.0614590868353843,-0.8130708932876587,-0.1652874499559402,0.975759983062744
1629796763006,0.0534871779382228,-0.8002181053161621,-0.1791476458311081,0.99124675989151
1629796763131,0.0521741323173046,-0.7483809590339661,-0.1714147329330444,0.9963247179985046
1629796763194,0.034055046737194,-0.6733884811401367,-0.1529662013053894,0.992801547050476
1629796763319,0.0224221907556056,-0.6019811630249023,-0.1329261809587478,0.9969547986984252
1629796763381,0.021300995722413,-0.5432206988334656,-0.1172176897525787,0.9982863664627076
1629796763537,0.030390303581953,-0.4927197992801666,-0.1124775484204292,0.9989793300628662
1629796763569,0.0440279059112072,-0.447165697813034,-0.1205903515219688,0.9988406896591188
1629796763694,0.0560122244060039,-0.4117947518825531,-0.1397311091423034,1.0006554126739502
1629796763834,0.0662302896380424,-0.3893340229988098,-0.1615781188011169,1.008762240409851
1629796763928,0.0848530381917953,-0.3731302618980407,-0.1838301420211792,1.0251868963241575
1629796764037,0.1205131784081459,-0.3510662317276001,-0.2125432938337326,1.0469439029693604
1629796764100,0.1701957583427429,-0.3157459199428558,-0.2501700818538666,1.0686519145965576
1629796764181,0.2209844589233398,-0.2723688781261444,-0.2835748195648193,1.0820292234420776
1629796764364,0.2209844589233398,-0.2332105040550232,-0.2901045083999634,1.0754896402359009
1629796764427,0.2209844589233398,-0.2075313329696655,-0.2674032151699066,1.0420488119125366
1629796764520,0.2209844589233398,-0.1964271515607834,-0.236736923456192,0.9912075400352478
1629796764614,0.2209844589233398,-0.1947014927864074,-0.2171667665243148,0.9665558934211732
1629796764723,0.2209844589233398,-0.1922155916690826,-0.2113402783870697,0.9614731669425964
1629796764801,0.3470746278762817,-0.1775061935186386,-0.213835209608078,0.912409245967865
1629796764958,0.3605288565158844,-0.1508980840444564,-0.2218338996171951,0.8956961631774902
1629796765020,0.3498112857341766,-0.1242115870118141,-0.2323614954948425,0.8840274214744568
1629796765130,0.3216942250728607,-0.1074381545186042,-0.2390253543853759,0.8758285641670227
1629796765241,0.2882978618144989,-0.1010969951748848,-0.2328516542911529,0.8687025308609009
1629796765319,0.2553968727588653,-0.1000748351216316,-0.2164205610752105,0.8614282011985779
1629796765444,0.2228776067495346,-0.1031660214066505,-0.1994688659906387,0.8560699820518494
1629796765569,0.1902785003185272,-0.1137767806649208,-0.1872808784246444,0.8569726943969727
1629796765663,0.1606510281562805,-0.1344508230686187,-0.1765351146459579,0.8664606213569641
1629796765741,0.152357205748558,-0.1629855334758758,-0.1641200184822082,0.8828115463256836
1629796765835,0.2185293287038803,-0.192191481590271,-0.1526083797216415,0.90729159116745
1629796765929,0.428187608718872,-0.2131385654211044,-0.1391657441854477,0.90729159116745
1629796766038,0.4361571073532104,-0.2227820754051208,-0.1109398603439331,0.9003672003746033
1629796766163,0.4452380537986755,-0.2266498357057571,-0.0625386238098144,0.8972977995872498
1629796766259,0.4519413709640503,-0.2374887466430664,-0.0084595130756497,0.8994436860084534
1629796766369,0.4542920589447021,-0.2693804204463959,0.0315803475677967,0.9052274823188782
1629796766447,0.4584352970123291,-0.3261670768260956,0.0503920279443264,0.9136021733283995
1629796766540,0.4735420942306518,-0.3945257663726806,0.0522608235478401,0.9239566922187804
1629796766665,0.5038357973098755,-0.448556512594223,0.043342251330614,0.9366284012794496
1629796766775,0.5470209121704102,-0.468127429485321,0.0280294567346572,0.9539278745651244
1629796766868,0.6020644903182983,-0.4568515419960022,0.0107014225795865,0.9793188571929932
1629796766993,0.6720736622810364,-0.4288142919540405,-0.0037812676746398,1.0138670206069946
1629796767040,0.6800879836082458,-0.396117240190506,-0.013641282916069,1.0212278366088867
1629796767181,0.6882951855659485,-0.3670789301395416,-0.0230598524212837,1.015223503112793
1629796767306,0.6835209131240845,-0.3445536196231842,-0.0373547710478305,0.9961378574371338
1629796767415,0.6094381213188171,-0.3261069059371948,-0.0577811747789382,0.9413628578186036
1629796767462,-0.0505919307470321,-0.3119477033615112,-0.0871043875813484,0.9354702234268188
1629796767603,0.0017272788099944,-0.3067573308944702,-0.1339105665683746,0.9263283014297484
1629796767681,0.0579111613333225,-0.314723789691925,-0.204839140176773,0.9301255345344543
1629796767775,0.1052883565425872,-0.3305160105228424,-0.2930019199848175,0.95498389005661
1629796767899,0.141897052526474,-0.3422380983829498,-0.3711481690406799,0.9917984008789062
1629796768024,0.1669762879610061,-0.343553751707077,-0.412604957818985,1.023370623588562
1629796768087,0.1832786500453949,-0.3402091264724731,-0.4207813143730163,1.0405023097991943
1629796768181,0.1832786500453949,-0.3439433872699737,-0.4111938774585724,1.0428582429885864
1629796768243,0.1832786500453949,-0.3589077293872833,-0.3927057087421417,1.0428582429885864
1629796768368,0.1832786500453949,-0.3784966170787811,-0.3641351163387298,1.0428582429885864
1629796768446,0.1832786500453949,-0.3894237875938415,-0.3203105628490448,1.0428582429885864
1629796768622,0.2040104568004608,-0.3860800862312317,-0.2628319263458252,1.053416728973389
1629796768715,0.2280561178922653,-0.378107488155365,-0.2062671333551406,1.0639814138412476
1629796768840,0.2550007700920105,-0.3787672519683838,-0.1650006026029586,1.0736513137817385
1629796768870,0.2846524715423584,-0.3934555947780609,-0.1436966508626938,1.0859062671661377
1629796769012,0.3126411437988281,-0.4142177700996399,-0.1390126794576645,1.105995774269104
1629796769060,0.3324961960315704,-0.421180784702301,-0.1456091552972793,1.1346435546875
1629796769185,0.3412775993347168,-0.400827944278717,-0.1609143614768982,1.163455367088318
1629796769296,0.3412775993347168,-0.361146867275238,-0.182813212275505,1.1784241199493408
1629796769375,0.3412775993347168,-0.3197917640209198,-0.2059744149446487,1.1784241199493408
1629796769468,0.3412775993347168,-0.2852409183979034,-0.219202384352684,1.1784241199493408
1629796769574,0.3412775993347168,-0.2539546489715576,-0.2095406502485275,1.1784241199493408
1629796769699,0.3412775993347168,-0.2213375121355056,-0.1780607253313064,1.1784241199493408
1629796769798,-0.0449974611401557,-0.1900808215141296,-0.1415073871612548,0.5703584551811218
1629796769892,-0.0177972260862588,-0.1675750315189361,-0.1192375794053077,0.6216569542884827
1629796770017,-0.0242280475795269,-0.157645583152771,-0.1233450174331665,0.6707921028137207
1629796770099,-0.0455450117588043,-0.154748797416687,-0.155758187174797,0.7037085294723511
1629796770210,-0.0606017224490642,-0.1430553048849105,-0.206552654504776,0.7137603163719177
1629796770319,-0.0638480708003044,-0.1133293956518173,-0.2576751112937927,0.7086392045021057
1629796770439,-0.0619305707514286,-0.0727735757827758,-0.2934646606445312,0.7059103846549988
1629796770518,-0.0568533837795257,-0.0358345285058021,-0.3054805397987366,0.7204769849777222
1629796770596,-0.0568533837795257,-0.0117015372961759,-0.2956227958202362,0.7533814907073975
1629796770731,-0.0568533837795257,-0.0013084543170407,-0.2734300792217254,0.7533814907073975
1629796770793,-0.0568533837795257,-0.0010012768907472,-0.2528256177902221,0.7533814907073975
1629796770874,-0.0568533837795257,-0.0058071333914995,-0.2410654574632644,0.7533814907073975
1629796771054,-0.0445491932332515,-0.0122633837163448,-0.2377934604883194,0.7711629271507263
1629796771132,-0.0340323969721794,-0.0212669912725687,-0.2471374273300171,0.7906877994537354
1629796771242,-0.0392421185970306,-0.0336876884102821,-0.2729359269142151,0.808603823184967
1629796771288,-0.0637764036655426,-0.046636588871479,-0.3089571297168731,0.8222886323928833
1629796771429,-0.0923179239034652,-0.0537186488509178,-0.3349478542804718,0.8277871608734131
1629796771554,-0.0995428711175918,-0.0535781159996986,-0.3274301290512085,0.8227463960647583
1629796771663,-0.0773804932832717,-0.0517235621809959,-0.2809675931930542,0.814573347568512
1629796771741,-0.0773804932832717,-0.0516263730823993,-0.2153745740652084,0.8231925964355469
1629796771835,-0.0773804932832717,-0.0409166179597377,-0.1549572795629501,0.8231925964355469
1629796771929,-0.0773804932832717,-0.0075733796693384,-0.1158633232116699,0.8231925964355469
1629796772042,-0.0773804932832717,0.0381751619279384,-0.0991696566343307,0.8231925964355469
1629796772136,-0.0773804932832717,0.0748121887445449,-0.0958002582192421,0.8231925964355469
1629796772307,0.0904401615262031,0.0912522822618484,-0.0953209474682807,0.7611607313156128
1629796772370,0.0688323378562927,0.0917004346847534,-0.0922163426876068,0.8134680986404419
1629796772448,0.0612569451332092,0.084521859884262,-0.0885430127382278,0.8890485167503357
1629796772526,0.0777573809027671,0.0742941349744796,-0.0888399332761764,0.9596375823020936
1629796772620,0.0973346456885337,0.0631179586052894,-0.0933400690555572,1.005311131477356
1629796772745,0.104189857840538,0.0520545467734336,-0.0978070423007011,1.020553708076477
1629796772854,0.099956065416336,0.0412375591695308,-0.0952186062932014,1.0132125616073608
1629796772979,0.0973451733589172,0.0276022162288427,-0.0809087380766868,0.998108983039856
1629796773042,0.1083786189556121,0.0092033958062529,-0.0613010413944721,0.987475335597992
1629796773151,0.1331872045993805,-0.0131803685799241,-0.0518106929957866,0.9840071797370912
1629796773213,0.1331872045993805,-0.0426126420497894,-0.0614622682332992,0.9851966500282288
1629796773351,0.1331872045993805,-0.0955782979726791,-0.0836086273193359,0.9851966500282288
1629796773507,0.1440370082855224,-0.1942787617444992,-0.0976511389017105,0.9955769181251526
1629796773538,0.146637737751007,-0.3476836681365967,-0.0907958820462226,1.012153387069702
1629796773679,0.1449146121740341,-0.5316599011421204,-0.0729213654994964,1.032178521156311
1629796773759,0.1509140729904174,-0.6677283048629761,-0.0613673254847526,1.0501058101654053
1629796773835,0.1690486073493957,-0.6864647269248962,-0.0625557824969291,1.0576105117797852
1629796773944,0.1865850389003753,-0.6221423149108887,-0.0703674033284187,1.0454964637756348
1629796774054,0.1900132447481155,-0.5404233336448669,-0.0767445415258407,1.009334683418274
1629796774194,0.1850265860557556,-0.4755847454071045,-0.0807549431920051,0.9568405151367188
1629796774272,0.1921157240867614,-0.4312446713447571,-0.0865830108523368,0.9132474660873412
1629796774385,0.1921157240867614,-0.3889468610286712,-0.098507285118103,0.9060563445091248
1629796774486,0.1921157240867614,-0.3317408263683319,-0.1177378520369529,0.903146743774414
1629796774564,0.1921157240867614,-0.26669842004776,-0.1419028043746948,0.930716335773468
1629796774705,0.1921157240867614,-0.2120726406574249,-0.1648202836513519,0.9789249300956726
1629796774783,0.506970226764679,-0.1771818399429321,-0.1825418770313263,1.036046266555786
1629796774892,0.5383564233779907,-0.1584118008613586,-0.1979658901691436,1.0751228332519531
1629796774939,0.5412979125976562,-0.146680012345314,-0.2182274609804153,1.0916807651519775
1629796775063,0.5223531126976013,-0.1398010700941085,-0.2481860369443893,1.0914511680603027
1629796775223,0.4895575940608978,-0.1397595703601837,-0.2817303240299225,1.0826069116592407
1629796775301,0.4517886340618133,-0.148549422621727,-0.3023771345615387,1.0753381252288818
1629796775410,0.4181962013244629,-0.1674965769052505,-0.299235850572586,1.0772664546966553
1629796775519,0.4181962013244629,-0.1976657956838607,-0.2783638536930084,1.0772664546966553
1629796775582,0.4181962013244629,-0.2361337542533874,-0.2509386241436004,1.0772664546966553
1629796775738,0.4181962013244629,-0.2723068296909332,-0.2112734466791153,1.0772664546966553
1629796775800,0.4181962013244629,-0.2962183952331543,-0.1514734327793121,1.0772664546966553
1629796775941,0.4181962013244629,-0.31613889336586,-0.0832709446549415,1.0772664546966553
1629796776019,0.4346735775470733,-0.350799024105072,-0.0306120738387107,1.0998117923736572
1629796776100,0.4345703423023224,-0.4074800312519073,-0.0042095407843589,1.1143189668655396
1629796776178,0.40743288397789,-0.4723086953163147,0.0015094791306182,1.1157310009002686
1629796776272,0.347001314163208,-0.5210819244384766,0.0051604765467345,1.102721929550171
1629796776397,0.251507043838501,-0.5461310148239136,0.0201662871986627,1.0793994665145874
1629796776506,0.1244375631213188,-0.562564492225647,0.0446690320968627,1.0547062158584597
1629796776585,0.1244375631213188,-0.5762466192245483,0.070073515176773,1.0547062158584597
1629796776710,0.1244375631213188,-0.5831088423728943,0.0906772762537002,1.0547062158584597
1629796776803,0.1244375631213188,-0.582040548324585,0.1058667451143264,1.0547062158584597
1629796776928,0.1244375631213188,-0.578574001789093,0.1158104166388511,1.0547062158584597
1629796777022,0.6522711515426636,-0.5732342600822449,0.1204098984599113,0.8044970035552979
1629796777135,0.6691083908081055,-0.5632522702217102,0.1221781224012374,0.8063040971755981
1629796777220,0.6654064059257507,-0.5529322028160095,0.1208781078457832,0.7903509140014648
1629796777329,0.6483719348907471,-0.551264226436615,0.1102768182754516,0.7646737098693848
1629796777439,0.623683750629425,-0.5630533695220947,0.0851019769906997,0.7334210872650146
1629796777532,0.595658004283905,-0.5843009352684021,0.0501528866589069,0.6982031464576721
1629796777626,0.5677857995033264,-0.604162335395813,0.0183606911450624,0.6638771891593933
1629796777735,0.5427423715591431,-0.6144448518753052,0.000405019003665,0.6330754160881042
1629796777813,0.520297110080719,-0.6131723523139954,-0.0090079233050346,0.6059873104095459
1629796777923,0.4985570311546325,-0.6018079519271851,-0.0209377463907003,0.584856390953064
1629796778017,0.4769105017185211,-0.5823341608047485,-0.0417469255626201,0.5722354054450989
1629796778095,0.4568129777908325,-0.5607286691665649,-0.0724457204341888,0.5664681792259216
1629796778191,0.4405842423439026,-0.5446707010269165,-0.1106805950403213,0.5569272637367249
1629796778363,0.4098074734210968,-0.5368790030479431,-0.1536121815443039,0.5222849249839783
1629796778441,0.3751612901687622,-0.5273312926292419,-0.1969447135925293,0.4810305833816528
1629796778550,0.3242708146572113,-0.4946662783622741,-0.2340739369392395,0.4268003106117248
1629796778628,0.2642568349838257,-0.4280122220516205,-0.262860357761383,0.3714519143104553
1629796778769,0.2046491205692291,-0.3402500748634338,-0.2808631956577301,0.3242541551589966
1629796778816,0.1534927636384964,-0.2609251141548157,-0.2755633890628814,0.2904236316680908
1629796778972,0.1160415187478065,-0.2082839757204055,-0.23231041431427,0.2744601964950561
1629796779081,0.0932938084006309,-0.1838979721069336,-0.1633181869983673,0.2819841206073761
1629796779128,0.0805085450410842,-0.1786347478628158,-0.1004264131188392,0.3045945763587951
1629796779209,0.0674201697111129,-0.1798334419727325,-0.0651230216026306,0.3350191116333008
1629796779350,0.0513348244130611,-0.1811467409133911,-0.0582115314900875,0.3728406131267547
1629796779412,0.043071836233139,-0.1818015724420547,-0.0677130222320556,0.408820241689682
1629796779553,0.043071836233139,-0.1813890784978866,-0.0765539556741714,0.408820241689682
1629796779662,0.043071836233139,-0.1784293949604034,-0.0737968161702156,0.408820241689682
1629796779787,0.043071836233139,-0.1735060662031173,-0.0593818873167037,0.408820241689682
1629796779881,0.043071836233139,-0.169142872095108,-0.0400880053639411,0.408820241689682
1629796779943,-0.1805279701948166,-0.1697046309709549,-0.021567940711975,-0.1373322308063507
1629796780040,-0.0855564475059509,-0.1811167001724243,-0.007262083236128,-0.0372660793364048
1629796780196,0.0892817080020904,-0.2061643749475479,0.0030844737775623,0.0529236011207103
1629796780274,0.2811291813850403,-0.2449384778738021,0.007670076098293,0.1300620138645172
1629796780384,0.4262318909168243,-0.2905381023883819,0.0004572065081447,0.19160096347332
1629796780462,0.506830632686615,-0.3308158218860626,-0.0212951283901929,0.231107622385025
1629796780587,0.5321981906890869,-0.3532132804393768,-0.0450717620551586,0.2501304745674133
1629796780649,0.5215800404548645,-0.3528073132038116,-0.0475797727704048,0.2497861534357071
1629796780790,0.5215800404548645,-0.3364245295524597,-0.0188446752727031,0.2497861534357071
1629796780852,0.5215800404548645,-0.3143167793750763,0.0259139221161603,0.2497861534357071
1629796780977,0.5215800404548645,-0.2949526309967041,0.0678399354219436,0.2497861534357071
1629796781074,0.5215800404548645,-0.2803356945514679,0.0969714075326919,0.2497861534357071
1629796781199,0.5568350553512573,-0.2641732096672058,0.1123177260160446,0.2821734249591827
1629796781231,0.5954760313034058,-0.2399766743183136,0.1163537874817848,0.3152627348899841
1629796781387,0.6380912661552429,-0.2108716368675232,0.1144627556204795,0.3482571244239807
1629796781540,0.6853273510932922,-0.1873483657836914,0.1131462380290031,0.3759468197822571
1629796781574,0.7330799698829651,-0.1770608723163604,0.1154534816741943,0.3968556225299835
1629796781728,0.7662308812141418,-0.1820056438446045,0.1158971190452575,0.4073521792888641
1629796781760,0.7631327509880066,-0.1953634321689605,0.1080889105796814,0.4025775194168091
1629796781900,0.7631327509880066,-0.2028822749853134,0.0916452333331108,0.4025775194168091
1629796782012,0.7631327509880066,-0.1924562454223632,0.0680030286312103,0.4025775194168091
1629796782107,0.7631327509880066,-0.1644488871097564,0.0337314829230308,0.4025775194168091
1629796782215,0.7631327509880066,-0.129526749253273,-0.0163548067212104,0.4025775194168091
1629796782246,0.3088289797306061,-0.0990124195814132,-0.0806531533598899,0.2450754046440124
1629796782405,0.2920450270175934,-0.0789031162858009,-0.1454455256462097,0.2353330999612808
1629796782483,0.2572134137153625,-0.0707284361124038,-0.1977410167455673,0.2140586972236633
1629796782608,0.2101544439792633,-0.0730278864502906,-0.2355522364377975,0.1815396845340728
1629796782686,0.1638178825378418,-0.0840055346488952,-0.2649065256118774,0.1505632251501083
1629796782811,0.1306971162557602,-0.0985149964690208,-0.2865112423896789,0.1404340863227844
1629796782891,0.1188056096434593,-0.1073749810457229,-0.2968630492687225,0.1647686660289764
1629796783051,0.126930296421051,-0.10395248234272,-0.2940342426300049,0.2113396972417831
1629796783117,0.1439848393201828,-0.0916692167520523,-0.2804366946220398,0.2582099735736847
1629796783242,0.1439848393201828,-0.0795325711369514,-0.2622548937797546,0.2582099735736847
1629796783289,0.1439848393201828,-0.0720148608088493,-0.2404491454362869,0.2582099735736847
1629796783429,0.1439848393201828,-0.0650992766022682,-0.2072397768497467,0.2582099735736847
1629796783537,0.1092202812433242,-0.051738828420639,-0.1547258347272873,0.2650216817855835
1629796783583,0.0901718661189079,-0.0333382375538349,-0.092129573225975,0.2662016153335571
1629796783708,0.0668058097362518,-0.0203012656420469,-0.0397555269300937,0.2644262909889221
1629796783849,0.0300092678517103,-0.0207563247531652,-0.0085647692903876,0.2646312415599823
1629796783927,-0.0048627448268234,-0.0323136076331138,0.0035728628281503,0.2738429307937622
1629796784036,-0.0095928143709898,-0.0436155796051025,0.0066924090497195,0.2982840538024902
1629796784147,0.0302425306290388,-0.0472041964530944,0.0098548643290996,0.3469017744064331
1629796784196,0.1013755425810813,-0.0457261949777603,0.0153645928949117,0.4162921011447906
1629796784304,0.1013755425810813,-0.0460867434740066,0.0202660337090492,0.4162921011447906
1629796784449,0.1013755425810813,-0.0511224903166294,0.0187979526817798,0.4162921011447906
1629796784543,0.1013755425810813,-0.0573821738362312,0.0055162892676889,0.4162921011447906
1629796784629,0.1013755425810813,-0.0589198470115661,-0.0200302358716726,0.4162921011447906
1629796784751,0.4570378959178924,-0.0538723543286323,-0.0493188984692096,0.4977342188358307
1629796784829,0.4674667716026306,-0.0479237139225006,-0.0756459534168243,0.5351120829582214
1629796784907,0.4718952775001526,-0.05179213732481,-0.1035437360405922,0.536668062210083
1629796785126,0.4717012345790863,-0.0743498429656028,-0.1452512294054031,0.5152539610862732
1629796785157,0.4685163497924804,-0.1153891012072563,-0.2036466598510742,0.485915333032608
1629796785204,0.4629233479499817,-0.1603952646255493,-0.2620650231838226,0.4571071565151214
1629796785345,0.4506437480449676,-0.1890837252140045,-0.3023924827575683,0.4289158582687378
1629796785423,0.4316594898700714,-0.1947359591722488,-0.3283940851688385,0.4008709490299225
1629796785532,0.4099644124507904,-0.188079684972763,-0.358959287405014,0.3752650618553161
1629796785688,0.3926629424095154,-0.1801925301551818,-0.4003942608833313,0.3567431569099426
1629796785782,0.3926629424095154,-0.1737679094076156,-0.4396564960479736,0.3567431569099426
1629796785923,0.3926629424095154,-0.1688561588525772,-0.4525665938854217,0.3567431569099426
1629796786006,0.3873044848442077,-0.1672432124614715,-0.4169292747974396,0.3630352318286896
1629796786052,0.3821692764759063,-0.1719041764736175,-0.3403967618942261,0.359353244304657
1629796786131,0.3749800324440002,-0.1854421347379684,-0.2594956755638122,0.3335032761096954
1629796786240,0.3606728017330169,-0.2069208025932312,-0.2022426724433899,0.2755798101425171
1629796786349,0.3383882343769073,-0.2324054092168808,-0.1700280755758285,0.1908906251192093
1629796786443,0.3109294474124908,-0.2557043731212616,-0.1475264728069305,0.1049536988139152
1629796786584,0.2775304317474365,-0.2729709446430206,-0.1245122700929641,0.0434625372290611
1629796786630,0.2344326972961425,-0.285108357667923,-0.1045399382710456,0.0058536804281175
1629796786724,0.1743428111076355,-0.2977101504802704,-0.094938576221466,-0.0251638405025005
1629796786865,0.1743428111076355,-0.3129485845565796,-0.0915108472108841,-0.0251638405025005
1629796786992,0.1743428111076355,-0.3249249756336212,-0.0805794447660446,-0.0251638405025005
1629796787070,0.1743428111076355,-0.3300679624080658,-0.0539919696748256,-0.0251638405025005
1629796787148,0.1743428111076355,-0.3328477442264557,-0.0207740012556314,-0.0251638405025005
1629796787273,0.282247245311737,-0.3412456810474396,0.0056888447143137,0.3993712365627289
1629796787382,0.2278282791376114,-0.3578563928604126,0.0169970709830522,0.3394630253314972
1629796787491,0.1783743500709533,-0.3780798614025116,0.0101905055344104,0.2904710471630096
1629796787601,0.1356626451015472,-0.3969753384590149,-0.0114314928650856,0.2499813735485077
1629796787710,0.0981587395071983,-0.4062114357948303,-0.0385206714272499,0.2148751318454742
1629796787788,0.0635478496551513,-0.4043018817901611,-0.0609007887542247,0.1865998804569244
1629796787914,0.0299097467213869,-0.3984386324882507,-0.0768605023622512,0.1640503108501434
1629796788007,-0.0006500574527308,-0.3980427980422973,-0.0942971631884574,0.1464180201292038
1629796788116,-0.0235906764864921,-0.4056529402732849,-0.1171816885471344,0.1331698447465896
1629796788178,-0.0235906764864921,-0.4154516160488128,-0.1398904770612716,0.1331698447465896
1629796788288,-0.0235906764864921,-0.422241061925888,-0.1540648490190506,0.1331698447465896
1629796788366,-0.0235906764864921,-0.4303257167339325,-0.1617262065410614,0.1331698447465896
1629796788491,-0.0963824391365051,-0.4407407343387604,-0.1699777245521545,0.0666124075651168
1629796788553,-0.183715209364891,-0.4392530918121338,-0.1835921108722686,-0.0135286627337336
1629796788756,-0.2681492269039154,-0.4121701419353485,-0.1969427913427353,-0.0766359195113182
1629796788803,-0.3343991935253143,-0.3689430356025696,-0.2052082568407058,-0.1056059002876281
1629796788913,-0.3802078068256378,-0.3330584168434143,-0.2088390290737152,-0.1142475381493568
1629796788991,-0.4130162298679352,-0.316169410943985,-0.2135812789201736,-0.1159249693155288
1629796789120,-0.4439665675163269,-0.3130513429641723,-0.2244970947504043,-0.1125273182988166
1629796789198,-0.4760070145130157,-0.3127553761005401,-0.2411214411258697,-0.0989244282245636
1629796789323,-0.4760070145130157,-0.3060091137886047,-0.2508517503738403,-0.0989244282245636
1629796789432,-0.4760070145130157,-0.2882814109325409,-0.2398684620857238,-0.0989244282245636
1629796789515,-0.4760070145130157,-0.2607863247394562,-0.2111391127109527,-0.0989244282245636
1629796789619,-0.4760070145130157,-0.230582445859909,-0.1828796714544296,-0.0989244282245636
1629796789683,0.3993020057678222,-0.2049402445554733,-0.1679387837648391,-0.0989244282245636
1629796789791,0.3597990274429321,-0.1854229122400283,-0.1639523953199386,0.435649037361145
1629796789962,0.3240677416324615,-0.1689243912696838,-0.1617890447378158,0.4083241820335388
1629796790009,0.2945435345172882,-0.1576489508152008,-0.163029745221138,0.3800091445446014
1629796790119,0.2683395147323608,-0.1603650897741317,-0.1764590144157409,0.3474885821342468
1629796790197,0.2427525073289871,-0.1822124272584915,-0.2061928659677505,0.3117676973342895
1629796790291,0.2166670113801956,-0.2168263047933578,-0.2432653605937957,0.2762433886528015
1629796790418,0.2166670113801956,-0.2482686042785644,-0.2738974690437317,0.2762433886528015
1629796790537,0.2166670113801956,-0.2620210349559784,-0.2890148162841797,0.2762433886528015
1629796790615,0.2166670113801956,-0.249039351940155,-0.2857364118099212,0.2762433886528015
1629796790709,0.2166670113801956,-0.2147099822759628,-0.2629311084747314,0.2762433886528015
1629796790787,0.2166670113801956,-0.1760291308164596,-0.2330425828695297,0.2762433886528015
1629796790912,0.1673814356327057,-0.1512857675552368,-0.2140721976757049,0.2762433886528015
1629796791065,0.1193809509277343,-0.147156611084938,-0.2146200835704803,0.263073205947876
1629796791128,0.07216127961874,-0.1579387187957763,-0.2287917733192443,0.2178839296102523
1629796791271,0.0305714681744575,-0.1709389686584472,-0.2450160235166549,0.1528184413909912
1629796791365,0.0017296369187533,-0.1800261288881302,-0.2588695883750915,0.085957683622837
1629796791452,-0.0205371044576168,-0.1869014352560043,-0.2739061415195465,0.0210822876542806
1629796791562,-0.0205371044576168,-0.1932798773050308,-0.2920044958591461,0.0210822876542806
1629796791639,-0.0205371044576168,-0.1953167915344238,-0.3089251220226288,0.0210822876542806
1629796791814,-0.0205371044576168,-0.1867101341485977,-0.3215144276618957,0.0210822876542806
1629796791861,-0.0205371044576168,-0.167702168226242,-0.3303974568843841,0.0210822876542806
1629796791955,0.1308923661708831,-0.1464519947767257,-0.3388275802135467,0.0210822876542806
